Jul 20 2015 at 12:48:41
Frequency: 1.00Hz.
CO2
Zero:  Value:0.95  Date:18 Mar 2005	 at 07:22:33	
Span:  Value:1.00  Date:18 Mar 2005	 at 07:25:09	
H2O
Zero:  Value:0.71  Date:18 Mar 2005	 at 07:52:31	
Span:  Value:0.99  Date:18 Mar 2005	 at 11:44:01	
	Relative Time	Temperature	Pressure	Aux Input	CO2 Absorptance	CO2 mmol/m3	CO2 mg/m3	CO2 umol/mol	H2O Absorptance	H2O mmol/m3	H2O g/m3	H2O mmol/mol	H2O(°C)	Cooler Voltage
	0.87	38.50	73.67	-0.00	0.0640	10.99	483.5	386.50	0.0716	574.6	10.343	20.21	12.85	1.82
	1.87	38.52	73.67	0.00	0.0641	11.01	484.3	387.15	0.0723	585.0	10.529	20.58	13.13	1.82
	2.85	38.49	73.64	0.00	0.0644	11.07	487.3	389.64	0.0714	572.8	10.310	20.15	12.81	1.81
	3.87	38.55	73.67	0.00	0.0646	11.09	487.8	389.99	0.0714	571.6	10.289	20.11	12.78	1.81
	4.85	38.52	73.67	0.00	0.0648	11.16	490.9	392.41	0.0714	574.1	10.334	20.19	12.84	1.82
	5.87	38.55	73.67	-0.00	0.0644	11.10	488.3	390.38	0.0726	589.8	10.617	20.75	13.26	1.82
	6.88	38.54	73.67	-0.00	0.0648	11.16	490.9	392.48	0.0728	588.2	10.587	20.69	13.21	1.81
	7.92	38.55	73.69	0.00	0.0647	11.14	490.2	391.80	0.0728	588.6	10.595	20.70	13.22	1.81
	8.86	38.55	73.67	-0.00	0.0648	11.17	491.4	392.87	0.0732	591.5	10.648	20.81	13.30	1.81
	9.86	38.57	73.69	0.00	0.0647	11.15	490.6	392.11	0.0736	596.4	10.735	20.97	13.43	1.81
	10.86	38.58	73.67	0.00	0.0644	11.08	487.4	389.70	0.0737	601.3	10.824	21.16	13.55	1.81
	11.86	38.59	73.67	0.00	0.0645	11.12	489.2	391.19	0.0735	597.4	10.754	21.02	13.45	1.81
	12.95	38.59	73.64	0.00	0.0647	11.14	490.1	392.01	0.0740	602.9	10.852	21.22	13.60	1.81
	13.85	38.59	73.67	0.00	0.0645	11.12	489.3	391.22	0.0756	617.3	11.111	21.72	13.96	1.81
	14.87	38.59	73.67	0.00	0.0644	11.09	487.8	390.09	0.0765	635.0	11.431	22.34	14.40	1.81
	15.85	38.62	73.67	0.00	0.0643	11.07	487.1	389.51	0.0776	643.9	11.590	22.66	14.61	1.82
	16.86	38.64	73.69	0.00	0.0642	11.05	486.1	388.62	0.0779	651.6	11.730	22.92	14.80	1.81
	17.86	38.62	73.69	-0.00	0.0641	11.03	485.5	388.09	0.0799	671.6	12.088	23.62	15.26	1.81
	18.86	38.64	73.67	-0.00	0.0640	10.98	483.0	386.31	0.0806	689.0	12.401	24.24	15.66	1.81
	19.88	38.67	73.67	-0.00	0.0641	11.03	485.3	388.14	0.0788	659.2	11.866	23.20	14.98	1.81
	20.84	38.67	73.69	0.00	0.0641	11.02	484.8	387.61	0.0786	660.1	11.882	23.22	15.00	1.81
	21.87	38.65	73.67	0.00	0.0640	10.99	483.4	386.60	0.0793	672.3	12.101	23.66	15.28	1.81
	22.87	38.65	73.69	-0.00	0.0637	10.97	482.7	385.91	0.0817	681.8	12.272	23.98	15.50	1.82
	23.87	38.67	73.69	0.00	0.0639	10.98	483.1	386.29	0.0804	673.0	12.114	23.68	15.30	1.81
	24.87	38.67	73.69	0.00	0.0638	10.94	481.5	384.98	0.0807	690.3	12.425	24.28	15.69	1.81
	25.86	38.68	73.66	0.00	0.0639	10.95	482.0	385.52	0.0811	695.3	12.515	24.47	15.81	1.81
	26.86	38.74	73.67	0.00	0.0639	10.98	482.9	386.32	0.0797	673.0	12.113	23.69	15.30	1.81
	27.86	38.69	73.64	0.00	0.0639	10.99	483.3	386.75	0.0794	671.6	12.089	23.65	15.27	1.82
	28.88	38.71	73.67	-0.00	0.0640	10.98	483.2	386.52	0.0786	661.6	11.908	23.29	15.04	1.81
	29.94	38.71	73.67	0.00	0.0639	10.96	482.3	385.85	0.0801	664.7	11.964	23.39	15.11	1.81
	30.86	38.71	73.67	0.00	0.0640	10.97	482.7	386.14	0.0789	672.6	12.107	23.67	15.29	1.81
	31.87	38.73	73.67	-0.00	0.0637	10.93	481.1	384.87	0.0810	685.4	12.337	24.12	15.59	1.81
	32.87	38.72	73.69	-0.00	0.0637	10.92	480.4	384.19	0.0818	696.9	12.544	24.52	15.85	1.81
	33.87	38.74	73.67	0.00	0.0637	10.91	480.0	384.02	0.0818	700.2	12.603	24.65	15.92	1.82
	34.85	38.74	73.67	0.00	0.0635	10.88	478.7	382.98	0.0825	711.8	12.812	25.05	16.18	1.81
	35.87	38.68	73.69	-0.00	0.0634	10.87	478.2	382.37	0.0830	714.7	12.864	25.14	16.24	1.81
	36.86	38.73	73.67	-0.00	0.0634	10.85	477.4	381.91	0.0831	719.5	12.952	25.33	16.35	1.81
	37.88	38.69	73.67	-0.00	0.0633	10.81	475.6	380.42	0.0839	735.5	13.238	25.88	16.69	1.81
	38.86	38.73	73.69	0.00	0.0635	10.89	479.2	383.24	0.0825	709.1	12.763	24.95	16.12	1.81
	39.87	38.76	73.67	0.00	0.0634	10.85	477.5	382.06	0.0832	726.4	13.074	25.57	16.50	1.82
	40.87	38.74	73.67	0.00	0.0633	10.85	477.6	382.06	0.0843	730.8	13.154	25.72	16.59	1.81
	41.85	38.74	73.61	0.00	0.0635	10.86	477.8	382.47	0.0829	721.4	12.986	25.41	16.39	1.81
	42.87	38.83	73.67	-0.00	0.0634	10.84	476.9	381.61	0.0836	730.2	13.143	25.71	16.58	1.81
	43.85	38.80	73.69	0.00	0.0634	10.87	478.1	382.42	0.0829	713.9	12.851	25.13	16.23	1.81
	44.85	38.80	73.69	0.00	0.0635	10.86	477.7	382.06	0.0830	720.9	12.976	25.37	16.38	1.81
	45.85	38.77	73.67	0.00	0.0633	10.83	476.7	381.37	0.0844	736.6	13.259	25.93	16.72	1.82
	46.86	38.76	73.67	-0.00	0.0634	10.85	477.6	382.10	0.0843	727.7	13.099	25.62	16.53	1.81
	47.86	38.76	73.67	0.00	0.0633	10.84	477.0	381.63	0.0845	735.4	13.236	25.89	16.69	1.81
	48.86	38.73	73.67	0.00	0.0632	10.83	476.5	381.16	0.0855	746.1	13.429	26.26	16.92	1.81
	49.87	38.76	73.67	0.00	0.0634	10.85	477.5	382.02	0.0846	733.5	13.202	25.82	16.65	1.81
	50.86	38.76	73.67	0.00	0.0632	10.82	476.0	380.86	0.0857	751.0	13.517	26.44	17.02	1.82
	51.87	38.76	73.67	-0.00	0.0630	10.79	474.6	379.68	0.0866	761.4	13.704	26.80	17.24	1.82
	52.87	38.76	73.67	-0.00	0.0630	10.78	474.1	379.33	0.0864	760.7	13.693	26.78	17.23	1.81
	53.87	38.81	73.67	0.00	0.0631	10.80	475.2	380.22	0.0861	754.6	13.582	26.57	17.10	1.81
	54.87	38.78	73.67	-0.00	0.0631	10.79	475.0	380.04	0.0864	759.2	13.666	26.73	17.20	1.81
	55.86	38.78	73.67	-0.00	0.0628	10.73	472.2	377.81	0.0890	798.1	14.366	28.10	17.99	1.81
	56.86	38.78	73.67	0.00	0.0630	10.78	474.5	379.66	0.0870	762.3	13.722	26.84	17.26	1.81
	57.86	38.77	73.67	0.00	0.0631	10.80	475.4	380.35	0.0857	754.1	13.574	26.55	17.09	1.81
	58.86	38.78	73.64	0.00	0.0630	10.76	473.6	379.03	0.0878	779.2	14.026	27.44	17.61	1.81
	59.84	38.78	73.69	0.00	0.0630	10.76	473.4	378.64	0.0877	780.8	14.055	27.48	17.64	1.81
	60.86	38.78	73.69	0.00	0.0628	10.74	472.4	377.86	0.0885	787.2	14.169	27.70	17.77	1.81
	61.85	38.78	73.69	0.00	0.0627	10.67	469.6	375.57	0.0892	810.1	14.582	28.51	18.23	1.81
	62.95	38.81	73.69	-0.00	0.0629	10.75	473.0	378.37	0.0884	788.6	14.194	27.75	17.80	1.81
	63.85	38.81	73.64	0.00	0.0630	10.77	474.1	379.48	0.0878	780.1	14.041	27.47	17.63	1.81
	64.87	38.81	73.67	0.00	0.0630	10.78	474.5	379.71	0.0871	765.3	13.776	26.95	17.33	1.81
	65.86	38.81	73.67	-0.00	0.0629	10.77	473.7	379.08	0.0878	776.3	13.974	27.33	17.55	1.81
	66.86	38.81	73.67	-0.00	0.0629	10.76	473.4	378.78	0.0882	778.2	14.008	27.40	17.59	1.81
	67.86	38.83	73.67	0.00	0.0629	10.75	473.2	378.68	0.0878	780.2	14.043	27.47	17.63	1.81
	68.86	38.84	73.67	-0.00	0.0628	10.73	472.3	377.96	0.0894	800.9	14.416	28.20	18.05	1.81
	69.87	38.83	73.67	-0.00	0.0626	10.68	469.9	376.05	0.0897	809.1	14.564	28.49	18.21	1.81
	70.84	38.83	73.67	0.00	0.0625	10.69	470.3	376.35	0.0917	818.9	14.741	28.83	18.40	1.81
	71.85	38.82	73.72	0.00	0.0627	10.70	470.8	376.46	0.0891	805.7	14.503	28.35	18.14	1.81
	72.87	38.81	73.67	0.00	0.0626	10.69	470.1	376.20	0.0908	821.9	14.794	28.94	18.46	1.81
	73.88	38.83	73.69	-0.00	0.0629	10.74	472.5	377.99	0.0880	790.8	14.235	27.84	17.85	1.81
	74.88	38.83	73.72	-0.00	0.0627	10.71	471.1	376.70	0.0903	808.3	14.549	28.44	18.19	1.81
	75.86	38.83	73.67	0.00	0.0626	10.71	471.1	376.97	0.0917	828.3	14.909	29.16	18.58	1.81
	76.86	38.82	73.67	0.00	0.0629	10.73	471.9	377.65	0.0900	815.8	14.684	28.72	18.34	1.81
	77.86	38.83	73.64	-0.00	0.0627	10.73	471.9	377.79	0.0912	822.5	14.805	28.97	18.47	1.81
	78.87	38.82	73.67	-0.00	0.0628	10.72	471.8	377.51	0.0902	818.9	14.741	28.83	18.40	1.81
	79.94	38.86	73.64	0.00	0.0626	10.68	469.9	376.21	0.0909	824.1	14.834	29.03	18.50	1.82
	80.86	38.84	73.67	0.00	0.0627	10.70	470.7	376.68	0.0908	831.4	14.965	29.27	18.64	1.82
	81.93	38.86	73.67	0.00	0.0628	10.74	472.4	378.07	0.0905	817.0	14.707	28.77	18.37	1.81
	82.87	38.86	73.67	0.00	0.0628	10.74	472.6	378.20	0.0915	819.5	14.750	28.86	18.41	1.82
	83.87	38.86	73.67	-0.00	0.0628	10.68	470.0	376.13	0.0915	845.2	15.214	29.76	18.91	1.81
	84.85	38.84	73.67	0.00	0.0627	10.72	471.9	377.64	0.0910	825.4	14.857	29.06	18.53	1.81
	85.85	38.86	73.67	0.00	0.0630	10.77	473.9	379.23	0.0904	820.3	14.765	28.88	18.43	1.82
	86.88	38.86	73.67	-0.00	0.0628	10.73	472.3	378.02	0.0920	837.2	15.070	29.48	18.76	1.81
	87.86	38.86	73.67	-0.00	0.0630	10.75	473.2	378.70	0.0908	824.5	14.841	29.03	18.51	1.81
	88.87	38.87	73.67	-0.00	0.0630	10.76	473.7	379.08	0.0908	820.5	14.769	28.89	18.43	1.81
	89.86	38.87	73.67	0.00	0.0629	10.73	472.2	377.92	0.0911	831.3	14.964	29.27	18.64	1.81
	90.93	38.87	73.64	0.00	0.0629	10.74	472.6	378.41	0.0913	832.8	14.990	29.34	18.67	1.81
	91.87	38.88	73.64	0.00	0.0629	10.74	472.7	378.44	0.0919	848.7	15.277	29.90	18.98	1.82
	92.85	38.87	73.67	0.00	0.0629	10.74	472.4	378.09	0.0927	851.3	15.323	29.98	19.02	1.81
	93.85	38.90	73.67	0.00	0.0630	10.76	473.6	379.09	0.0912	831.4	14.966	29.28	18.65	1.82
	94.86	38.88	73.67	-0.00	0.0629	10.76	473.4	378.93	0.0908	816.8	14.702	28.76	18.36	1.81
	95.85	38.88	73.67	0.00	0.0629	10.74	472.4	378.11	0.0919	847.2	15.250	29.84	18.95	1.81
	96.86	38.88	73.67	0.00	0.0630	10.77	473.8	379.20	0.0916	835.8	15.045	29.43	18.73	1.82
	97.86	38.87	73.67	0.00	0.0631	10.80	475.1	380.26	0.0918	835.4	15.037	29.42	18.72	1.82
	98.86	38.88	73.67	0.00	0.0629	10.73	472.3	378.04	0.0914	832.8	14.990	29.33	18.67	1.81
	99.86	38.89	73.67	-0.00	0.0631	10.79	474.7	379.94	0.0920	838.0	15.083	29.51	18.77	1.81
	100.86	38.83	73.61	0.00	0.0631	10.80	475.0	380.39	0.0917	833.9	15.010	29.38	18.69	1.81
	101.93	38.89	73.66	0.00	0.0626	10.78	474.4	379.72	0.0963	859.8	15.477	30.28	19.18	1.81
	102.87	38.89	73.69	-0.00	0.0629	10.74	472.6	378.17	0.0941	866.9	15.605	30.52	19.32	1.82
	103.93	38.90	73.67	0.00	0.0630	10.76	473.3	378.83	0.0938	871.0	15.677	30.67	19.39	1.82
	104.86	38.90	73.67	0.00	0.0630	10.77	473.9	379.36	0.0933	856.4	15.415	30.16	19.12	1.81
	105.88	38.90	73.67	-0.00	0.0630	10.77	474.0	379.38	0.0923	843.1	15.175	29.69	18.87	1.81
	106.86	38.90	73.67	0.00	0.0628	10.74	472.7	378.37	0.0916	835.4	15.037	29.42	18.72	1.81
	107.86	38.90	73.69	0.00	0.0631	10.79	474.6	379.74	0.0938	864.7	15.564	30.44	19.28	1.81
	108.86	39.00	73.67	-0.00	0.0631	10.79	474.7	380.09	0.0939	867.0	15.607	30.55	19.32	1.82
	109.86	38.90	73.67	0.00	0.0632	10.81	475.6	380.66	0.0930	850.0	15.301	29.94	19.00	1.82
	110.86	38.90	73.67	-0.00	0.0632	10.81	475.5	380.64	0.0930	853.5	15.362	30.06	19.07	1.81
	111.85	39.02	73.64	0.00	0.0632	10.80	475.0	380.50	0.0928	854.8	15.387	30.13	19.10	1.81
	112.91	38.93	73.67	0.00	0.0632	10.81	475.5	380.64	0.0926	845.0	15.209	29.76	18.91	1.81
	113.86	38.93	73.69	-0.00	0.0632	10.80	475.3	380.36	0.0928	851.7	15.330	29.99	19.03	1.81
	114.86	38.87	73.64	-0.00	0.0633	10.82	476.3	381.32	0.0922	840.1	15.122	29.60	18.81	1.81
	115.86	38.93	73.67	0.00	0.0632	10.82	476.1	381.07	0.0924	844.6	15.204	29.75	18.90	1.82
	116.84	38.93	73.67	0.00	0.0632	10.82	475.9	380.94	0.0932	848.6	15.275	29.89	18.98	1.81
	117.88	38.92	73.67	-0.00	0.0632	10.81	475.7	380.77	0.0931	854.5	15.381	30.10	19.09	1.81
	118.86	38.94	73.67	0.00	0.0631	10.79	474.6	379.90	0.0934	859.4	15.468	30.27	19.18	1.81
	119.87	38.93	73.67	-0.00	0.0632	10.80	475.2	380.40	0.0935	863.3	15.540	30.41	19.25	1.81
	120.85	38.96	73.67	0.00	0.0631	10.79	474.9	380.19	0.0940	862.8	15.530	30.39	19.24	1.82
