Jul 22 2015 at 10:17:35
Frequency: 1.00Hz.
CO2
Zero:  Value:0.95  Date:18 Mar 2005	 at 07:22:33	
Span:  Value:1.00  Date:18 Mar 2005	 at 07:25:09	
H2O
Zero:  Value:0.71  Date:18 Mar 2005	 at 07:52:31	
Span:  Value:0.99  Date:18 Mar 2005	 at 11:44:01	
	Relative Time	Temperature	Pressure	Aux Input	CO2 Absorptance	CO2 mmol/m3	CO2 mg/m3	CO2 umol/mol	H2O Absorptance	H2O mmol/m3	H2O g/m3	H2O mmol/mol	H2O(°C)	Cooler Voltage
	0.39	29.21	73.48	0.00	0.0660	11.44	503.2	391.20	0.0808	685.9	12.346	23.46	15.12	1.64
	1.37	29.23	73.51	0.00	0.0666	11.55	508.3	395.10	0.0775	654.6	11.782	22.39	14.39	1.64
	2.39	29.23	73.46	0.00	0.0663	11.58	509.7	396.46	0.0786	639.6	11.513	21.89	14.04	1.64
	3.39	29.23	73.51	-0.00	0.0656	11.34	499.0	387.89	0.0836	722.0	12.997	24.69	15.92	1.64
	4.40	29.23	73.48	-0.00	0.0655	11.33	498.6	387.70	0.0838	730.1	13.143	24.98	16.09	1.64
	5.38	29.23	73.48	-0.00	0.0657	11.36	499.9	388.72	0.0824	711.7	12.810	24.35	15.69	1.64
	6.40	29.27	73.49	0.00	0.0659	11.41	501.8	390.22	0.0818	701.4	12.626	24.00	15.47	1.64
	7.46	29.29	73.48	-0.00	0.0660	11.42	502.7	390.94	0.0814	697.3	12.551	23.86	15.38	1.64
	8.38	29.28	73.51	0.00	0.0666	11.57	509.1	395.74	0.0772	645.6	11.620	22.08	14.18	1.64
	9.39	29.27	73.48	-0.00	0.0661	11.46	504.3	392.14	0.0803	679.0	12.222	23.23	14.96	1.64
	10.37	29.25	73.51	0.00	0.0665	11.54	507.8	394.75	0.0778	656.2	11.811	22.44	14.43	1.64
	11.37	29.27	73.48	0.00	0.0667	11.59	509.9	396.49	0.0770	645.3	11.616	22.08	14.18	1.64
	12.39	29.29	73.51	0.00	0.0665	11.55	508.3	395.14	0.0779	651.5	11.727	22.29	14.32	1.64
	13.37	29.30	73.51	0.00	0.0666	11.58	509.5	396.14	0.0772	643.1	11.576	22.00	14.12	1.64
	14.38	29.33	73.48	0.00	0.0668	11.59	510.2	396.80	0.0763	636.2	11.452	21.77	13.96	1.64
	15.38	29.32	73.48	-0.00	0.0669	11.62	511.4	397.73	0.0761	633.5	11.402	21.68	13.89	1.64
	16.40	29.32	73.48	-0.00	0.0665	11.54	507.6	394.75	0.0769	641.1	11.539	21.94	14.08	1.64
	17.38	29.29	73.48	0.00	0.0665	11.54	508.0	395.04	0.0768	638.9	11.500	21.86	14.02	1.64
	18.38	29.29	73.48	0.00	0.0663	11.52	506.9	394.20	0.0769	639.9	11.519	21.90	14.05	1.64
	19.44	29.29	73.51	0.00	0.0664	11.55	508.1	395.02	0.0769	637.9	11.483	21.82	14.00	1.64
	20.39	29.34	73.46	-0.00	0.0665	11.54	507.8	395.10	0.0767	637.7	11.479	21.83	14.00	1.64
	21.37	29.33	73.46	-0.00	0.0666	11.57	508.9	395.94	0.0765	635.0	11.430	21.74	13.93	1.64
	22.39	29.31	73.48	-0.00	0.0663	11.50	506.1	393.63	0.0768	637.9	11.482	21.83	14.00	1.64
	23.40	29.33	73.51	-0.00	0.0663	11.52	506.9	394.16	0.0771	641.5	11.547	21.95	14.09	1.64
	24.40	29.29	73.51	-0.00	0.0663	11.50	505.8	393.23	0.0776	650.0	11.699	22.23	14.29	1.64
	25.40	29.33	73.48	-0.00	0.0664	11.55	508.2	395.31	0.0769	639.9	11.518	21.90	14.05	1.64
	26.40	29.32	73.51	-0.00	0.0663	11.53	507.2	394.38	0.0769	639.7	11.514	21.88	14.04	1.64
	27.39	29.35	73.48	-0.00	0.0664	11.53	507.3	394.57	0.0766	636.5	11.458	21.79	13.97	1.64
	28.47	29.35	73.51	-0.00	0.0664	11.52	506.7	394.02	0.0768	637.7	11.478	21.82	14.00	1.64
	29.38	29.32	73.48	0.00	0.0665	11.54	507.8	394.96	0.0766	638.4	11.491	21.85	14.01	1.64
	30.39	29.32	73.48	0.00	0.0665	11.54	507.9	395.04	0.0766	635.7	11.442	21.75	13.94	1.64
	31.45	29.35	73.48	0.00	0.0665	11.54	507.9	395.05	0.0764	634.5	11.421	21.72	13.92	1.64
	32.40	29.37	73.48	-0.00	0.0665	11.55	508.1	395.21	0.0764	635.1	11.432	21.74	13.93	1.64
	33.37	29.33	73.48	0.00	0.0666	11.58	509.4	396.23	0.0766	637.1	11.467	21.80	13.98	1.64
	34.40	29.33	73.48	-0.00	0.0666	11.57	509.3	396.11	0.0766	635.8	11.445	21.76	13.95	1.64
	35.38	29.37	73.46	-0.00	0.0665	11.57	508.9	396.04	0.0763	634.4	11.418	21.72	13.92	1.64
	36.38	29.35	73.51	0.00	0.0665	11.56	508.9	395.67	0.0763	634.6	11.422	21.71	13.92	1.64
	37.46	29.37	73.48	-0.00	0.0666	11.57	508.9	395.89	0.0765	634.4	11.419	21.71	13.92	1.64
	38.39	29.32	73.48	-0.00	0.0665	11.56	508.6	395.56	0.0764	633.7	11.406	21.68	13.90	1.64
	39.38	29.32	73.49	0.00	0.0666	11.58	509.5	396.24	0.0766	636.7	11.461	21.79	13.97	1.64
	40.45	29.39	73.48	0.00	0.0667	11.59	510.0	396.75	0.0767	638.3	11.489	21.85	14.01	1.64
	41.39	29.37	73.48	-0.00	0.0666	11.57	509.2	396.07	0.0768	637.9	11.482	21.83	14.00	1.64
	42.39	29.41	73.48	0.00	0.0666	11.57	509.1	396.07	0.0768	639.1	11.503	21.88	14.03	1.64
	43.37	29.41	73.51	0.00	0.0667	11.59	510.1	396.73	0.0769	639.9	11.519	21.90	14.05	1.64
	44.46	29.40	73.51	-0.00	0.0667	11.59	510.1	396.74	0.0769	640.0	11.520	21.90	14.05	1.64
	45.38	29.36	73.48	-0.00	0.0666	11.58	509.6	396.40	0.0768	639.4	11.509	21.88	14.04	1.65
	46.38	29.43	73.48	0.00	0.0668	11.61	510.8	397.40	0.0770	642.0	11.555	21.98	14.10	1.64
	47.38	29.39	73.48	-0.00	0.0668	11.62	511.1	397.60	0.0770	641.3	11.543	21.95	14.08	1.64
	48.39	29.38	73.48	-0.00	0.0667	11.61	510.7	397.29	0.0769	640.3	11.526	21.92	14.06	1.64
	49.44	29.40	73.48	0.00	0.0666	11.57	509.3	396.19	0.0767	638.0	11.484	21.84	14.01	1.64
	50.37	29.43	73.51	0.00	0.0666	11.58	509.6	396.32	0.0768	638.7	11.497	21.86	14.02	1.65
	51.37	29.41	73.48	-0.00	0.0666	11.59	510.0	396.79	0.0768	640.8	11.534	21.94	14.07	1.65
	52.37	29.43	73.43	0.00	0.0667	11.59	509.9	396.98	0.0771	642.3	11.561	22.00	14.11	1.64
	53.38	29.41	73.51	0.00	0.0667	11.59	510.1	396.73	0.0771	643.2	11.578	22.01	14.13	1.64
	54.38	29.41	73.49	0.00	0.0667	11.60	510.6	397.21	0.0772	643.7	11.587	22.03	14.14	1.64
	55.38	29.43	73.48	0.00	0.0667	11.59	510.2	396.94	0.0772	643.7	11.586	22.03	14.14	1.64
	56.40	29.43	73.48	-0.00	0.0667	11.59	509.9	396.70	0.0771	643.3	11.579	22.02	14.13	1.65
	57.39	29.43	73.48	0.00	0.0667	11.59	509.9	396.73	0.0773	644.5	11.601	22.06	14.16	1.64
	58.39	29.43	73.48	-0.00	0.0666	11.56	508.4	395.58	0.0773	643.4	11.582	22.03	14.14	1.64
	59.37	29.48	73.51	0.00	0.0667	11.60	510.2	396.89	0.0774	647.6	11.657	22.17	14.24	1.64
	60.39	29.45	73.49	0.00	0.0667	11.58	509.4	396.31	0.0774	645.4	11.618	22.10	14.19	1.64
	61.39	29.44	73.51	-0.00	0.0666	11.58	509.3	396.16	0.0773	644.4	11.600	22.05	14.16	1.64
	62.40	29.45	73.48	-0.00	0.0667	11.58	509.7	396.60	0.0772	644.2	11.595	22.05	14.16	1.64
	63.38	29.46	73.49	0.00	0.0667	11.60	510.4	397.11	0.0774	646.2	11.631	22.12	14.21	1.65
	64.37	29.46	73.51	0.00	0.0667	11.59	510.1	396.76	0.0775	646.9	11.644	22.14	14.22	1.64
	65.38	29.50	73.51	0.00	0.0666	11.57	509.0	396.01	0.0773	645.1	11.613	22.08	14.18	1.64
	66.36	29.51	73.49	0.00	0.0666	11.58	509.3	396.35	0.0774	646.3	11.634	22.13	14.21	1.64
	67.38	29.51	73.51	0.00	0.0668	11.61	510.8	397.41	0.0776	648.5	11.673	22.20	14.26	1.64
	68.39	29.51	73.48	0.00	0.0665	11.57	509.2	396.31	0.0775	648.3	11.669	22.20	14.26	1.64
	69.39	29.48	73.48	0.00	0.0666	11.57	509.1	396.13	0.0776	648.6	11.675	22.21	14.26	1.64
	70.39	29.48	73.51	0.00	0.0667	11.59	509.9	396.63	0.0777	649.4	11.689	22.23	14.28	1.64
	71.37	29.50	73.48	0.00	0.0666	11.57	509.3	396.33	0.0778	651.8	11.733	22.32	14.34	1.64
	72.39	29.48	73.43	-0.00	0.0665	11.56	508.6	396.06	0.0778	650.0	11.701	22.27	14.30	1.64
	73.37	29.48	73.48	0.00	0.0668	11.61	510.7	397.41	0.0781	653.9	11.770	22.39	14.39	1.65
	74.38	29.51	73.48	0.00	0.0667	11.60	510.6	397.35	0.0782	655.4	11.797	22.44	14.43	1.65
	75.38	29.49	73.51	-0.00	0.0666	11.57	509.3	396.19	0.0781	655.5	11.799	22.44	14.43	1.64
	76.38	29.50	73.51	0.00	0.0667	11.59	509.8	396.61	0.0780	654.3	11.778	22.40	14.40	1.64
	77.36	29.55	73.46	0.00	0.0667	11.59	509.9	397.00	0.0781	655.1	11.791	22.44	14.42	1.64
	78.38	29.53	73.51	0.00	0.0666	11.58	509.4	396.37	0.0781	655.3	11.796	22.43	14.43	1.64
	79.37	29.52	73.51	0.00	0.0667	11.59	509.9	396.68	0.0782	656.4	11.815	22.47	14.45	1.65
	80.37	29.50	73.48	0.00	0.0666	11.57	509.2	396.29	0.0782	657.5	11.835	22.52	14.48	1.65
	81.39	29.52	73.48	0.00	0.0666	11.56	508.7	395.92	0.0782	656.5	11.817	22.48	14.45	1.64
	82.39	29.52	73.51	-0.00	0.0666	11.58	509.5	396.38	0.0781	655.2	11.793	22.43	14.42	1.65
	83.38	29.53	73.51	0.00	0.0667	11.58	509.6	396.48	0.0784	657.4	11.833	22.50	14.47	1.65
	84.37	29.52	73.51	0.00	0.0666	11.57	509.1	396.05	0.0784	657.9	11.843	22.52	14.49	1.64
	85.39	29.52	73.48	-0.00	0.0665	11.56	508.4	395.71	0.0785	658.9	11.860	22.56	14.51	1.65
	86.38	29.52	73.51	0.00	0.0666	11.56	508.7	395.77	0.0786	661.3	11.903	22.64	14.57	1.65
	87.38	29.52	73.48	0.00	0.0665	11.56	508.7	395.94	0.0785	660.3	11.885	22.61	14.54	1.64
	88.47	29.56	73.51	-0.00	0.0664	11.54	507.8	395.15	0.0784	658.9	11.861	22.56	14.51	1.65
	89.39	29.52	73.48	-0.00	0.0665	11.55	508.3	395.58	0.0785	660.8	11.895	22.63	14.55	1.65
	90.37	29.52	73.48	0.00	0.0664	11.55	508.0	395.38	0.0786	661.9	11.914	22.67	14.58	1.65
	91.45	29.56	73.48	0.00	0.0665	11.55	508.1	395.48	0.0788	663.8	11.948	22.73	14.63	1.65
	92.37	29.54	73.48	0.00	0.0666	11.57	509.2	396.34	0.0788	663.5	11.942	22.72	14.62	1.65
	93.38	29.59	73.48	-0.00	0.0665	11.57	509.0	396.24	0.0788	664.0	11.952	22.74	14.63	1.65
	94.38	29.57	73.51	-0.00	0.0664	11.57	508.9	396.01	0.0792	665.3	11.975	22.78	14.66	1.64
	95.38	29.54	73.48	-0.00	0.0666	11.57	508.9	396.13	0.0791	666.2	11.992	22.82	14.68	1.65
	96.36	29.56	73.48	0.00	0.0665	11.53	507.1	394.74	0.0789	663.4	11.940	22.72	14.62	1.65
	97.38	29.56	73.48	0.00	0.0665	11.56	508.6	395.92	0.0794	671.1	12.080	22.99	14.80	1.65
	98.38	29.55	73.51	0.00	0.0664	11.54	507.8	395.09	0.0788	664.2	11.956	22.74	14.64	1.65
	99.37	29.56	73.48	0.00	0.0666	11.57	508.9	396.11	0.0793	669.7	12.054	22.94	14.76	1.65
	100.45	29.56	73.48	0.00	0.0666	11.57	509.2	396.35	0.0790	666.6	12.000	22.83	14.69	1.65
	101.37	29.59	73.48	0.00	0.0665	11.56	508.7	396.00	0.0790	666.7	12.001	22.84	14.70	1.65
	102.37	29.56	73.49	0.00	0.0665	11.55	508.2	395.54	0.0791	668.1	12.025	22.88	14.73	1.65
	103.37	29.58	73.51	0.00	0.0666	11.57	509.0	396.09	0.0794	671.6	12.088	22.99	14.81	1.65
	104.36	29.59	73.48	0.00	0.0665	11.56	508.5	395.81	0.0791	667.4	12.014	22.86	14.71	1.65
	105.38	29.56	73.48	0.00	0.0665	11.55	508.4	395.70	0.0790	667.2	12.009	22.85	14.71	1.65
	106.39	29.60	73.51	0.00	0.0665	11.57	508.9	396.07	0.0792	669.4	12.049	22.92	14.76	1.65
	107.38	29.61	73.51	0.00	0.0666	11.57	509.0	396.08	0.0792	669.1	12.044	22.91	14.75	1.65
	108.37	29.60	73.48	0.00	0.0666	11.56	508.7	396.05	0.0793	670.9	12.077	22.98	14.79	1.65
	109.39	29.62	73.48	-0.00	0.0665	11.56	508.7	396.07	0.0793	671.0	12.079	22.99	14.80	1.65
	110.37	29.56	73.51	0.00	0.0664	11.55	508.0	395.31	0.0792	670.5	12.070	22.96	14.78	1.65
	111.46	29.62	73.49	-0.00	0.0664	11.54	507.6	395.19	0.0793	670.7	12.072	22.97	14.79	1.65
	112.37	29.62	73.51	0.00	0.0664	11.52	507.0	394.62	0.0794	668.9	12.041	22.91	14.75	1.65
	113.40	29.60	73.48	-0.00	0.0664	11.53	507.5	395.05	0.0796	673.4	12.121	23.07	14.85	1.65
	114.36	29.60	73.48	0.00	0.0665	11.54	507.9	395.40	0.0796	674.4	12.139	23.10	14.87	1.65
	115.39	29.62	73.51	-0.00	0.0664	11.54	507.7	395.11	0.0798	675.6	12.161	23.14	14.90	1.65
	116.38	29.60	73.51	0.00	0.0664	11.54	507.7	395.12	0.0799	678.6	12.215	23.24	14.97	1.65
	117.39	29.62	73.51	-0.00	0.0664	11.53	507.4	394.90	0.0797	675.3	12.155	23.12	14.89	1.65
	118.37	29.62	73.48	0.00	0.0665	11.55	508.3	395.74	0.0798	675.5	12.159	23.14	14.90	1.65
	119.37	29.64	73.48	0.00	0.0665	11.54	507.9	395.45	0.0799	678.5	12.213	23.24	14.97	1.65
	120.39	29.62	73.48	-0.00	0.0664	11.53	507.5	395.09	0.0798	676.8	12.183	23.18	14.93	1.65
	121.37	29.64	73.43	0.00	0.0664	11.53	507.1	395.14	0.0798	676.1	12.170	23.18	14.92	1.65
	122.37	29.66	73.51	0.00	0.0665	11.56	508.5	395.78	0.0798	678.5	12.212	23.24	14.97	1.65
