Jul 22 2015 at 10:00:52
Frequency: 1.00Hz.
CO2
Zero:  Value:0.95  Date:18 Mar 2005	 at 07:22:33	
Span:  Value:1.00  Date:18 Mar 2005	 at 07:25:09	
H2O
Zero:  Value:0.71  Date:18 Mar 2005	 at 07:52:31	
Span:  Value:0.99  Date:18 Mar 2005	 at 11:44:01	
	Relative Time	Temperature	Pressure	Aux Input	CO2 Absorptance	CO2 mmol/m3	CO2 mg/m3	CO2 umol/mol	H2O Absorptance	H2O mmol/m3	H2O g/m3	H2O mmol/mol	H2O(°C)	Cooler Voltage
	0.33	26.52	73.51	0.00	0.0646	11.14	490.1	377.53	0.0899	808.9	14.560	27.42	17.57	1.61
	1.34	26.52	73.48	0.00	0.0646	11.13	489.8	377.42	0.0900	811.3	14.603	27.51	17.61	1.61
	2.32	26.56	73.48	0.00	0.0649	11.16	491.1	378.46	0.0888	802.5	14.445	27.21	17.44	1.61
	3.34	26.53	73.51	0.00	0.0657	11.30	497.1	382.91	0.0836	750.9	13.517	25.45	16.39	1.61
	4.32	26.55	73.51	0.00	0.0657	11.37	500.2	385.34	0.0837	725.5	13.060	24.59	15.85	1.61
	5.35	26.58	73.51	-0.00	0.0655	11.35	499.5	384.84	0.0838	724.6	13.042	24.56	15.84	1.61
	6.33	26.58	73.48	-0.00	0.0655	11.34	498.9	384.50	0.0834	722.4	13.003	24.50	15.79	1.61
	7.35	26.58	73.48	-0.00	0.0655	11.33	498.6	384.26	0.0833	721.8	12.992	24.48	15.77	1.61
	8.33	26.60	73.51	0.00	0.0653	11.31	497.8	383.53	0.0839	726.9	13.084	24.64	15.89	1.61
	9.34	26.56	73.48	-0.00	0.0654	11.28	496.4	382.53	0.0837	726.1	13.069	24.62	15.87	1.61
	10.34	26.58	73.48	-0.00	0.0652	11.27	496.1	382.34	0.0838	726.6	13.079	24.64	15.88	1.61
	11.33	26.62	73.51	0.00	0.0650	11.22	493.6	380.34	0.0842	733.6	13.205	24.87	16.03	1.61
	12.34	26.59	73.51	-0.00	0.0654	11.30	497.4	383.24	0.0841	732.0	13.176	24.82	16.00	1.61
	13.34	26.58	73.51	0.00	0.0655	11.32	498.2	383.83	0.0839	728.9	13.120	24.71	15.93	1.61
	14.32	26.59	73.48	0.00	0.0655	11.33	498.4	384.12	0.0839	730.3	13.145	24.76	15.96	1.61
	15.34	26.59	73.48	0.00	0.0655	11.32	498.3	384.03	0.0837	725.7	13.063	24.61	15.86	1.61
	16.33	26.63	73.48	0.00	0.0655	11.32	498.0	383.90	0.0837	726.7	13.081	24.65	15.88	1.61
	17.33	26.59	73.48	0.00	0.0655	11.33	498.5	384.19	0.0834	722.9	13.013	24.52	15.80	1.61
	18.33	26.59	73.48	-0.00	0.0654	11.30	497.4	383.38	0.0832	720.3	12.966	24.43	15.74	1.61
	19.33	26.61	73.48	0.00	0.0654	11.31	497.8	383.69	0.0838	728.1	13.105	24.69	15.91	1.61
	20.31	26.63	73.51	0.00	0.0655	11.32	498.0	383.78	0.0834	723.5	13.023	24.53	15.82	1.61
	21.34	26.61	73.51	-0.00	0.0656	11.34	499.2	384.61	0.0832	720.0	12.960	24.41	15.74	1.61
	22.32	26.61	73.48	-0.00	0.0654	11.31	497.7	383.65	0.0835	722.7	13.008	24.51	15.80	1.61
	23.34	26.61	73.51	-0.00	0.0656	11.34	499.1	384.55	0.0834	723.8	13.028	24.54	15.82	1.61
	24.34	26.63	73.48	0.00	0.0658	11.38	500.9	386.11	0.0832	720.7	12.972	24.44	15.75	1.61
	25.34	26.63	73.48	0.00	0.0658	11.42	502.5	387.36	0.0831	718.6	12.935	24.37	15.71	1.61
	26.33	26.65	73.51	0.00	0.0655	11.37	500.1	385.42	0.0837	725.8	13.065	24.61	15.87	1.61
	27.33	26.65	73.51	0.00	0.0655	11.34	498.7	384.34	0.0837	727.0	13.086	24.65	15.89	1.61
	28.34	26.67	73.46	-0.00	0.0660	11.43	502.7	387.72	0.0833	721.9	12.994	24.50	15.78	1.61
	29.34	26.67	73.48	-0.00	0.0657	11.39	501.2	386.36	0.0836	725.1	13.052	24.60	15.85	1.61
	30.34	26.69	73.48	-0.00	0.0665	11.52	507.1	390.96	0.0834	722.1	12.999	24.50	15.79	1.61
	31.34	26.73	73.51	0.00	0.0662	11.50	505.8	389.88	0.0833	722.6	13.006	24.51	15.80	1.61
	32.34	26.69	73.48	-0.00	0.0658	11.41	502.2	387.21	0.0835	723.3	13.020	24.54	15.81	1.61
	33.35	26.70	73.48	-0.00	0.0658	11.39	501.1	386.38	0.0834	722.7	13.009	24.52	15.80	1.61
	34.34	26.72	73.53	-0.00	0.0659	11.41	502.0	386.79	0.0834	722.5	13.006	24.50	15.80	1.61
	35.35	26.70	73.48	-0.00	0.0659	11.42	502.4	387.35	0.0834	722.7	13.009	24.52	15.80	1.61
	36.40	26.72	73.51	0.00	0.0659	11.43	503.0	387.71	0.0833	722.6	13.006	24.51	15.80	1.61
	37.35	26.72	73.48	-0.00	0.0660	11.44	503.2	388.05	0.0833	721.9	12.994	24.49	15.79	1.61
	38.33	26.74	73.48	0.00	0.0662	11.46	504.1	388.71	0.0836	723.4	13.021	24.54	15.82	1.61
	39.33	26.74	73.51	0.00	0.0660	11.45	503.8	388.38	0.0833	723.3	13.019	24.53	15.82	1.61
	40.33	26.69	73.46	0.00	0.0661	11.45	503.8	388.59	0.0833	723.6	13.024	24.55	15.82	1.61
	41.33	26.72	73.51	0.00	0.0660	11.43	503.0	387.74	0.0833	720.1	12.962	24.42	15.75	1.61
	42.34	26.74	73.48	-0.00	0.0661	11.47	504.5	389.06	0.0836	725.3	13.056	24.61	15.86	1.61
	43.40	26.76	73.48	0.00	0.0661	11.47	504.8	389.26	0.0835	724.2	13.036	24.57	15.84	1.61
	44.32	26.76	73.51	0.00	0.0661	11.47	504.7	389.08	0.0835	723.9	13.031	24.56	15.83	1.61
	45.33	26.76	73.48	-0.00	0.0661	11.46	504.4	388.95	0.0833	722.8	13.011	24.53	15.81	1.61
	46.32	26.75	73.48	-0.00	0.0662	11.48	504.9	389.38	0.0835	724.0	13.032	24.57	15.83	1.61
	47.35	26.74	73.51	-0.00	0.0660	11.45	504.0	388.50	0.0833	721.9	12.994	24.48	15.79	1.61
	48.33	26.80	73.51	-0.00	0.0662	11.47	504.8	389.20	0.0835	725.0	13.051	24.60	15.86	1.61
	49.34	26.78	73.48	-0.00	0.0661	11.47	504.9	389.38	0.0836	725.7	13.062	24.62	15.87	1.61
	50.33	26.80	73.48	-0.00	0.0662	11.48	505.0	389.51	0.0837	726.0	13.069	24.64	15.88	1.61
	51.34	26.80	73.48	-0.00	0.0661	11.46	504.3	388.97	0.0835	723.9	13.030	24.57	15.83	1.61
	52.34	26.80	73.48	0.00	0.0661	11.46	504.0	388.76	0.0835	724.3	13.037	24.58	15.84	1.61
	53.32	26.80	73.51	0.00	0.0661	11.46	504.3	388.78	0.0837	724.7	13.044	24.58	15.85	1.61
	54.35	26.83	73.48	-0.00	0.0662	11.47	504.7	389.30	0.0839	727.7	13.098	24.70	15.92	1.61
	55.33	26.83	73.48	-0.00	0.0662	11.46	504.4	389.07	0.0836	722.8	13.011	24.53	15.81	1.61
	56.35	26.85	73.51	0.00	0.0663	11.50	505.8	390.05	0.0839	730.7	13.152	24.79	15.98	1.61
	57.33	26.83	73.51	-0.00	0.0662	11.48	505.2	389.57	0.0838	728.6	13.115	24.72	15.94	1.61
	58.33	26.81	73.48	0.00	0.0662	11.47	504.6	389.18	0.0836	724.2	13.035	24.58	15.84	1.61
	59.34	26.85	73.51	0.00	0.0661	11.46	504.3	388.86	0.0836	726.1	13.069	24.64	15.88	1.61
	60.34	26.81	73.48	-0.00	0.0662	11.49	505.6	389.94	0.0843	732.5	13.185	24.86	16.02	1.61
	61.42	26.81	73.54	-0.00	0.0662	11.49	505.6	389.68	0.0839	732.2	13.180	24.83	16.01	1.61
	62.32	26.83	73.51	0.00	0.0662	11.48	505.0	389.37	0.0837	726.9	13.084	24.66	15.90	1.61
	63.34	26.80	73.51	0.00	0.0662	11.48	505.2	389.52	0.0839	730.2	13.143	24.77	15.97	1.61
	64.33	26.84	73.51	-0.00	0.0662	11.48	505.3	389.66	0.0839	730.0	13.140	24.77	15.97	1.61
	65.35	26.81	73.48	-0.00	0.0661	11.46	504.2	388.87	0.0842	731.6	13.169	24.83	16.00	1.61
	66.33	26.81	73.56	0.00	0.0662	11.49	505.4	389.45	0.0845	737.5	13.276	25.00	16.13	1.61
	67.35	26.81	73.48	-0.00	0.0662	11.49	505.5	389.92	0.0844	735.5	13.239	24.96	16.08	1.61
	68.33	26.84	73.48	0.00	0.0663	11.50	505.8	390.18	0.0844	737.1	13.267	25.02	16.12	1.61
	69.33	26.83	73.51	0.00	0.0662	11.49	505.6	389.83	0.0848	740.8	13.335	25.14	16.20	1.61
	70.40	26.85	73.51	0.00	0.0662	11.48	505.2	389.55	0.0848	741.0	13.338	25.14	16.20	1.61
	71.32	26.81	73.48	0.00	0.0662	11.48	504.9	389.45	0.0842	734.7	13.225	24.93	16.07	1.61
	72.34	26.81	73.51	-0.00	0.0662	11.47	504.6	389.07	0.0846	734.9	13.229	24.93	16.07	1.61
	73.40	26.81	73.48	0.00	0.0662	11.49	505.4	389.82	0.0849	739.9	13.318	25.11	16.17	1.61
	74.32	26.84	73.48	0.00	0.0662	11.48	505.1	389.63	0.0847	738.9	13.300	25.08	16.16	1.61
	75.33	26.80	73.51	-0.00	0.0662	11.48	505.3	389.57	0.0848	742.9	13.372	25.20	16.24	1.61
	76.32	26.83	73.48	0.00	0.0662	11.48	505.0	389.52	0.0851	744.0	13.391	25.25	16.26	1.61
	77.34	26.81	73.48	-0.00	0.0662	11.49	505.5	389.92	0.0849	739.5	13.311	25.10	16.17	1.61
	78.33	26.84	73.48	-0.00	0.0661	11.47	504.6	389.22	0.0849	744.0	13.393	25.25	16.26	1.61
	79.34	26.83	73.48	-0.00	0.0661	11.47	504.5	389.18	0.0849	740.5	13.328	25.13	16.19	1.61
	80.31	26.85	73.48	0.00	0.0662	11.47	504.8	389.38	0.0850	742.9	13.372	25.22	16.24	1.61
	81.34	26.83	73.48	-0.00	0.0661	11.47	504.6	389.21	0.0849	744.3	13.398	25.26	16.27	1.61
	82.34	26.83	73.48	-0.00	0.0661	11.46	504.3	388.97	0.0849	740.4	13.327	25.13	16.19	1.61
	83.34	26.83	73.48	0.00	0.0661	11.45	504.0	388.75	0.0849	742.2	13.359	25.19	16.22	1.61
	84.33	26.85	73.54	0.00	0.0662	11.47	504.8	389.18	0.0850	744.6	13.402	25.25	16.28	1.61
	85.35	26.88	73.48	-0.00	0.0662	11.47	504.6	389.31	0.0849	742.9	13.372	25.22	16.24	1.61
	86.33	26.87	73.51	0.00	0.0662	11.47	504.5	389.04	0.0851	744.4	13.399	25.26	16.27	1.61
	87.33	26.85	73.51	0.00	0.0661	11.46	504.2	388.82	0.0852	744.9	13.409	25.27	16.28	1.61
	88.34	26.85	73.48	-0.00	0.0661	11.46	504.4	389.13	0.0856	749.8	13.497	25.45	16.39	1.61
	89.34	26.85	73.48	0.00	0.0661	11.45	503.9	388.75	0.0855	753.4	13.561	25.57	16.46	1.61
	90.34	26.87	73.51	-0.00	0.0661	11.47	504.7	389.22	0.0854	749.3	13.488	25.43	16.38	1.61
	91.42	26.85	73.51	-0.00	0.0662	11.47	504.8	389.27	0.0850	744.5	13.401	25.26	16.27	1.61
	92.34	26.85	73.48	-0.00	0.0661	11.45	503.7	388.58	0.0852	746.1	13.429	25.32	16.31	1.61
	93.33	26.86	73.54	0.00	0.0661	11.47	504.7	389.11	0.0854	749.0	13.482	25.41	16.37	1.61
	94.32	26.87	73.48	0.00	0.0660	11.45	503.7	388.59	0.0859	757.8	13.640	25.72	16.55	1.61
	95.32	26.89	73.48	0.00	0.0661	11.46	504.2	389.01	0.0859	754.8	13.586	25.62	16.49	1.61
	96.33	26.91	73.48	0.00	0.0661	11.46	504.0	388.89	0.0853	747.6	13.457	25.38	16.34	1.61
	97.31	26.89	73.48	0.00	0.0661	11.46	504.1	388.89	0.0856	750.6	13.511	25.48	16.40	1.61
	98.41	26.86	73.48	-0.00	0.0661	11.45	503.9	388.74	0.0855	749.0	13.482	25.42	16.37	1.61
	99.31	26.91	73.51	0.00	0.0661	11.46	504.1	388.76	0.0856	755.1	13.591	25.62	16.50	1.61
	100.34	26.89	73.48	-0.00	0.0661	11.46	504.1	388.95	0.0856	751.7	13.530	25.52	16.43	1.61
	101.31	26.89	73.51	0.00	0.0661	11.46	504.2	388.90	0.0857	750.4	13.508	25.47	16.40	1.61
	102.34	26.86	73.46	-0.00	0.0661	11.46	504.2	389.11	0.0857	752.7	13.548	25.56	16.45	1.61
	103.32	26.89	73.51	-0.00	0.0661	11.47	504.5	389.08	0.0853	748.0	13.465	25.38	16.35	1.61
	104.32	26.89	73.51	0.00	0.0661	11.46	504.4	388.99	0.0854	749.8	13.496	25.44	16.39	1.62
	105.32	26.89	73.54	0.00	0.0661	11.46	504.2	388.72	0.0858	755.2	13.594	25.62	16.50	1.61
	106.31	26.91	73.51	0.00	0.0661	11.46	504.3	388.95	0.0855	751.2	13.522	25.49	16.42	1.61
	107.31	26.91	73.51	0.00	0.0661	11.46	504.2	388.92	0.0857	752.1	13.537	25.52	16.44	1.61
	108.33	26.91	73.48	0.00	0.0661	11.46	504.0	388.88	0.0858	755.4	13.597	25.64	16.51	1.61
	109.33	26.94	73.48	0.00	0.0660	11.46	504.0	388.94	0.0858	754.0	13.573	25.60	16.48	1.61
	110.34	26.95	73.48	0.00	0.0661	11.46	504.3	389.12	0.0855	752.3	13.541	25.54	16.44	1.62
	111.34	26.97	73.48	-0.00	0.0661	11.45	504.0	388.91	0.0858	753.9	13.570	25.60	16.48	1.61
	112.34	26.94	73.48	0.00	0.0661	11.45	503.9	388.81	0.0857	751.7	13.531	25.52	16.43	1.61
	113.33	26.94	73.49	-0.00	0.0660	11.45	503.7	388.67	0.0861	757.2	13.629	25.71	16.54	1.61
	114.35	26.92	73.48	-0.00	0.0661	11.45	503.8	388.71	0.0859	755.6	13.601	25.65	16.51	1.61
	115.33	26.92	73.48	-0.00	0.0660	11.45	503.7	388.62	0.0860	757.1	13.627	25.70	16.54	1.61
	116.35	26.94	73.48	0.00	0.0660	11.44	503.4	388.42	0.0859	756.7	13.621	25.69	16.54	1.61
	117.33	26.94	73.48	-0.00	0.0660	11.45	503.7	388.69	0.0860	757.5	13.635	25.72	16.55	1.61
	118.34	26.94	73.48	0.00	0.0661	11.45	503.9	388.86	0.0859	754.7	13.584	25.62	16.49	1.61
	119.33	26.94	73.48	-0.00	0.0661	11.45	503.9	388.83	0.0861	757.9	13.643	25.73	16.56	1.61
	120.32	26.94	73.48	0.00	0.0661	11.45	503.8	388.78	0.0861	757.2	13.630	25.71	16.55	1.61
	121.42	26.98	73.48	-0.00	0.0660	11.44	503.5	388.60	0.0858	755.9	13.606	25.67	16.52	1.62
	122.34	26.95	73.48	-0.00	0.0660	11.44	503.6	388.58	0.0858	755.2	13.593	25.64	16.50	1.62
	123.32	26.98	73.48	0.00	0.0661	11.44	503.5	388.61	0.0861	758.9	13.661	25.77	16.58	1.61
	124.33	26.96	73.48	0.00	0.0661	11.45	504.0	388.91	0.0861	758.4	13.650	25.75	16.57	1.61
	125.33	27.03	73.51	-0.00	0.0660	11.45	503.6	388.58	0.0862	758.6	13.655	25.75	16.58	1.61
