Jul 22 2015 at 10:44:05
Frequency: 1.00Hz.
CO2
Zero:  Value:0.95  Date:18 Mar 2005	 at 07:22:33	
Span:  Value:1.00  Date:18 Mar 2005	 at 07:25:09	
H2O
Zero:  Value:0.71  Date:18 Mar 2005	 at 07:52:31	
Span:  Value:0.99  Date:18 Mar 2005	 at 11:44:01	
	Relative Time	Temperature	Pressure	Aux Input	CO2 Absorptance	CO2 mmol/m3	CO2 mg/m3	CO2 umol/mol	H2O Absorptance	H2O mmol/m3	H2O g/m3	H2O mmol/mol	H2O(°C)	Cooler Voltage
	0.67	30.46	73.51	-0.00	0.0670	11.67	513.5	400.77	0.0731	594.7	10.705	20.42	12.98	1.66
	1.65	30.48	73.51	0.00	0.0669	11.64	512.0	399.58	0.0735	598.5	10.773	20.55	13.08	1.66
	2.64	30.46	73.51	0.00	0.0666	11.59	509.8	397.84	0.0737	601.6	10.830	20.66	13.16	1.66
	3.65	30.46	73.51	-0.00	0.0667	11.57	509.2	397.36	0.0745	611.2	11.002	20.99	13.40	1.66
	4.65	30.46	73.48	-0.00	0.0666	11.57	509.1	397.45	0.0735	598.4	10.772	20.56	13.08	1.66
	5.65	30.46	73.48	0.00	0.0667	11.60	510.5	398.57	0.0738	604.2	10.876	20.76	13.22	1.66
	6.63	30.48	73.51	0.00	0.0667	11.61	510.9	398.77	0.0742	605.5	10.899	20.79	13.26	1.66
	7.64	30.46	73.48	0.00	0.0667	11.59	509.8	397.99	0.0746	610.9	10.997	20.98	13.39	1.66
	8.66	30.46	73.54	-0.00	0.0666	11.57	509.1	397.18	0.0741	602.9	10.852	20.69	13.19	1.66
	9.67	30.48	73.51	0.00	0.0667	11.61	510.8	398.66	0.0743	610.1	10.982	20.95	13.37	1.66
	10.65	30.46	73.54	0.00	0.0665	11.57	508.9	397.05	0.0732	599.7	10.794	20.58	13.11	1.66
	11.67	30.48	73.54	-0.00	0.0664	11.55	508.0	396.33	0.0727	592.6	10.667	20.34	12.93	1.66
	12.65	30.47	73.51	0.00	0.0666	11.58	509.3	397.50	0.0735	598.8	10.778	20.56	13.09	1.66
	13.63	30.46	73.54	0.00	0.0667	11.58	509.7	397.64	0.0738	600.2	10.804	20.60	13.12	1.66
	14.65	30.48	73.51	0.00	0.0665	11.57	509.0	397.22	0.0732	597.9	10.762	20.53	13.06	1.66
	15.65	30.48	73.48	-0.00	0.0665	11.56	508.6	397.12	0.0736	599.7	10.795	20.60	13.11	1.66
	16.64	30.46	73.51	0.00	0.0665	11.55	508.1	396.53	0.0737	601.0	10.818	20.64	13.14	1.66
	17.64	30.48	73.51	0.00	0.0664	11.54	507.7	396.25	0.0737	601.1	10.820	20.64	13.15	1.66
	18.66	30.48	73.51	-0.00	0.0664	11.53	507.1	395.81	0.0736	599.6	10.792	20.59	13.11	1.66
	19.64	30.46	73.51	0.00	0.0665	11.54	507.6	396.16	0.0739	602.4	10.844	20.69	13.18	1.66
	20.65	30.48	73.51	0.00	0.0664	11.53	507.1	395.80	0.0739	602.6	10.848	20.70	13.18	1.66
	21.67	30.48	73.51	-0.00	0.0663	11.50	505.9	394.82	0.0737	598.4	10.771	20.55	13.08	1.66
	22.64	30.49	73.51	0.00	0.0664	11.53	507.4	396.02	0.0739	603.7	10.867	20.73	13.21	1.66
	23.66	30.46	73.51	-0.00	0.0664	11.52	507.0	395.68	0.0737	602.4	10.843	20.69	13.18	1.66
	24.71	30.44	73.51	0.00	0.0663	11.52	507.0	395.64	0.0739	604.1	10.873	20.74	13.22	1.66
	25.66	30.44	73.51	-0.00	0.0664	11.52	506.7	395.40	0.0738	601.0	10.818	20.64	13.14	1.66
	26.64	30.46	73.51	-0.00	0.0662	11.49	505.7	394.63	0.0735	598.1	10.765	20.54	13.07	1.66
	27.64	30.48	73.48	0.00	0.0665	11.53	507.2	396.02	0.0746	608.9	10.961	20.92	13.34	1.66
	28.64	30.48	73.51	0.00	0.0663	11.52	506.8	395.53	0.0743	609.7	10.974	20.94	13.36	1.66
	29.64	30.49	73.54	0.00	0.0663	11.52	506.9	395.47	0.0746	612.0	11.017	21.01	13.42	1.66
	30.64	30.45	73.51	0.00	0.0663	11.52	507.1	395.73	0.0744	610.0	10.981	20.95	13.37	1.66
	31.71	30.46	73.51	0.00	0.0663	11.52	506.8	395.53	0.0745	610.6	10.990	20.97	13.38	1.66
	32.67	30.48	73.48	-0.00	0.0662	11.50	505.9	394.97	0.0744	609.7	10.974	20.94	13.36	1.66
	33.65	30.46	73.51	0.00	0.0663	11.49	505.7	394.63	0.0750	610.7	10.992	20.97	13.39	1.66
	34.66	30.47	73.51	0.00	0.0662	11.48	504.9	394.07	0.0752	616.8	11.103	21.18	13.54	1.66
	35.66	30.48	73.48	-0.00	0.0661	11.47	504.6	393.94	0.0752	617.4	11.113	21.21	13.56	1.66
	36.66	30.46	73.48	-0.00	0.0661	11.46	504.3	393.72	0.0751	616.4	11.094	21.17	13.53	1.66
	37.66	30.45	73.51	-0.00	0.0661	11.47	504.5	393.71	0.0750	616.6	11.099	21.17	13.53	1.66
	38.64	30.50	73.51	0.00	0.0661	11.46	504.4	393.72	0.0749	615.6	11.081	21.14	13.51	1.66
	39.66	30.48	73.51	-0.00	0.0661	11.47	504.8	393.99	0.0754	623.5	11.223	21.41	13.71	1.66
	40.65	30.48	73.51	0.00	0.0661	11.46	504.4	393.66	0.0753	620.8	11.175	21.32	13.64	1.66
	41.65	30.46	73.56	-0.00	0.0662	11.46	504.1	393.11	0.0760	625.1	11.251	21.45	13.74	1.66
	42.73	30.48	73.51	0.00	0.0661	11.45	503.9	393.28	0.0761	625.2	11.254	21.47	13.75	1.66
	43.63	30.48	73.48	0.00	0.0660	11.45	503.6	393.18	0.0757	623.7	11.227	21.43	13.71	1.66
	44.66	30.49	73.51	-0.00	0.0661	11.46	504.1	393.44	0.0760	627.9	11.303	21.56	13.82	1.66
	45.65	30.46	73.51	0.00	0.0660	11.44	503.2	392.69	0.0759	626.9	11.284	21.53	13.79	1.66
	46.66	30.45	73.48	-0.00	0.0661	11.46	504.1	393.56	0.0766	636.8	11.463	21.88	14.03	1.66
	47.66	30.46	73.48	-0.00	0.0661	11.47	504.5	393.87	0.0763	634.2	11.415	21.78	13.97	1.66
	48.66	30.44	73.51	-0.00	0.0661	11.46	504.3	393.51	0.0765	635.7	11.443	21.83	14.00	1.66
	49.73	30.49	73.51	-0.00	0.0659	11.43	502.8	392.45	0.0765	636.7	11.461	21.87	14.03	1.66
	50.65	30.48	73.54	-0.00	0.0660	11.43	502.8	392.26	0.0762	632.8	11.390	21.72	13.93	1.66
	51.67	30.46	73.54	-0.00	0.0660	11.43	502.8	392.25	0.0761	629.7	11.335	21.62	13.86	1.66
	52.65	30.44	73.48	-0.00	0.0660	11.43	503.0	392.64	0.0765	635.7	11.443	21.84	14.00	1.66
	53.65	30.46	73.54	0.00	0.0659	11.43	502.8	392.25	0.0769	640.6	11.531	21.99	14.12	1.66
	54.65	30.46	73.48	0.00	0.0659	11.42	502.4	392.23	0.0767	638.3	11.489	21.92	14.07	1.66
	55.63	30.46	73.48	0.00	0.0660	11.44	503.3	392.91	0.0768	638.7	11.496	21.94	14.08	1.66
	56.64	30.50	73.54	0.00	0.0660	11.42	502.4	391.97	0.0767	635.4	11.436	21.81	14.00	1.66
	57.64	30.46	73.51	-0.00	0.0659	11.43	503.1	392.63	0.0768	638.5	11.493	21.92	14.07	1.66
	58.73	30.48	73.51	0.00	0.0659	11.43	502.8	392.41	0.0769	641.9	11.554	22.04	14.15	1.66
	59.64	30.48	73.54	0.00	0.0658	11.41	501.9	391.60	0.0766	637.8	11.480	21.89	14.05	1.66
	60.65	30.48	73.48	0.00	0.0658	11.41	501.9	391.83	0.0766	637.0	11.466	21.88	14.04	1.66
	61.71	30.46	73.48	0.00	0.0659	11.41	502.1	392.00	0.0772	643.6	11.584	22.11	14.19	1.66
	62.63	30.46	73.51	0.00	0.0658	11.40	501.5	391.39	0.0773	644.2	11.596	22.12	14.21	1.66
	63.65	30.46	73.51	-0.00	0.0658	11.39	501.2	391.11	0.0772	644.2	11.595	22.12	14.21	1.66
	64.63	30.48	73.51	0.00	0.0659	11.42	502.4	392.09	0.0776	647.9	11.662	22.25	14.30	1.66
	65.66	30.46	73.48	0.00	0.0658	11.40	501.7	391.70	0.0773	645.9	11.627	22.19	14.25	1.66
	66.66	30.46	73.51	-0.00	0.0658	11.39	501.2	391.17	0.0779	652.9	11.753	22.42	14.42	1.66
	67.64	30.44	73.53	0.00	0.0657	11.38	500.9	390.76	0.0778	651.6	11.729	22.37	14.38	1.66
	68.72	30.48	73.51	0.00	0.0657	11.39	501.2	391.15	0.0776	650.4	11.707	22.33	14.36	1.66
	69.65	30.48	73.48	-0.00	0.0657	11.37	500.2	390.53	0.0775	647.8	11.661	22.25	14.30	1.66
	70.65	30.48	73.54	0.00	0.0657	11.38	500.9	390.78	0.0783	660.1	11.883	22.66	14.59	1.66
	71.64	30.46	73.48	0.00	0.0657	11.36	499.6	390.07	0.0780	650.7	11.713	22.35	14.36	1.66
	72.73	30.46	73.51	-0.00	0.0657	11.36	499.6	389.93	0.0783	653.8	11.768	22.45	14.44	1.66
	73.65	30.43	73.51	0.00	0.0657	11.36	499.7	389.97	0.0778	650.7	11.712	22.34	14.36	1.66
	74.66	30.44	73.51	-0.00	0.0656	11.35	499.3	389.65	0.0778	652.3	11.741	22.40	14.40	1.66
	75.64	30.44	73.51	0.00	0.0656	11.35	499.5	389.84	0.0778	652.4	11.742	22.40	14.40	1.66
	76.66	30.44	73.48	-0.00	0.0656	11.36	499.9	390.28	0.0781	654.9	11.787	22.49	14.46	1.66
	77.66	30.44	73.51	-0.00	0.0656	11.35	499.5	389.76	0.0783	657.1	11.828	22.56	14.51	1.66
	78.64	30.43	73.51	0.00	0.0656	11.35	499.3	389.63	0.0783	657.8	11.841	22.59	14.53	1.66
	79.64	30.44	73.56	0.00	0.0657	11.36	499.8	389.72	0.0785	657.0	11.825	22.54	14.51	1.66
	80.64	30.46	73.51	0.00	0.0656	11.35	499.2	389.59	0.0788	666.5	11.997	22.89	14.73	1.66
	81.65	30.44	73.51	0.00	0.0656	11.34	498.8	389.28	0.0793	668.9	12.041	22.97	14.79	1.66
	82.63	30.44	73.51	0.00	0.0656	11.33	498.7	389.18	0.0789	664.8	11.967	22.83	14.70	1.66
	83.65	30.44	73.48	0.00	0.0656	11.36	499.9	390.28	0.0790	667.1	12.008	22.91	14.75	1.66
	84.65	30.46	73.51	-0.00	0.0655	11.34	498.8	389.28	0.0787	662.6	11.926	22.75	14.64	1.66
	85.64	30.43	73.43	0.00	0.0656	11.33	498.7	389.59	0.0787	662.6	11.927	22.77	14.64	1.66
	86.66	30.44	73.51	-0.00	0.0655	11.34	499.0	389.40	0.0791	665.4	11.978	22.85	14.71	1.66
	87.66	30.46	73.54	-0.00	0.0655	11.33	498.7	389.03	0.0790	666.1	11.989	22.86	14.72	1.66
	88.66	30.48	73.54	-0.00	0.0654	11.32	498.2	388.68	0.0788	662.8	11.931	22.75	14.65	1.66
	89.65	30.42	73.51	-0.00	0.0654	11.31	497.5	388.19	0.0792	670.7	12.072	23.03	14.83	1.66
	90.65	30.46	73.51	-0.00	0.0654	11.31	497.5	388.24	0.0792	667.5	12.015	22.92	14.76	1.66
	91.65	30.40	73.54	-0.00	0.0654	11.31	497.5	388.08	0.0788	664.0	11.952	22.79	14.67	1.66
	92.63	30.44	73.48	0.00	0.0654	11.31	497.5	388.33	0.0791	666.2	11.992	22.88	14.73	1.66
	93.66	30.44	73.51	0.00	0.0655	11.32	498.1	388.68	0.0796	674.0	12.131	23.14	14.91	1.66
	94.66	30.43	73.48	-0.00	0.0653	11.29	496.7	387.75	0.0794	671.5	12.087	23.06	14.85	1.66
	95.64	30.44	73.51	0.00	0.0652	11.26	495.6	386.73	0.0803	679.8	12.236	23.34	15.04	1.66
	96.66	30.46	73.54	0.00	0.0652	11.27	496.0	386.92	0.0798	676.4	12.174	23.22	14.96	1.66
	97.66	30.46	73.54	-0.00	0.0652	11.27	495.9	386.85	0.0800	677.8	12.200	23.27	14.99	1.66
	98.66	30.43	73.51	0.00	0.0653	11.28	496.2	387.17	0.0798	674.8	12.146	23.17	14.93	1.66
	99.64	30.43	73.48	0.00	0.0652	11.26	495.3	386.64	0.0800	679.3	12.228	23.33	15.03	1.66
	100.64	30.46	73.51	0.00	0.0651	11.24	494.5	385.95	0.0795	673.0	12.115	23.11	14.89	1.66
	101.65	30.44	73.48	0.00	0.0650	11.23	494.0	385.60	0.0800	677.7	12.199	23.28	14.99	1.66
	102.65	30.46	73.51	0.00	0.0650	11.22	493.9	385.44	0.0803	682.8	12.290	23.45	15.11	1.66
	103.65	30.46	73.51	0.00	0.0651	11.22	493.8	385.39	0.0800	678.5	12.212	23.30	15.01	1.66
	104.66	30.44	73.48	-0.00	0.0651	11.23	494.3	385.90	0.0798	678.0	12.204	23.29	15.00	1.67
	105.64	30.46	73.54	-0.00	0.0650	11.22	493.5	385.03	0.0799	678.4	12.211	23.29	15.01	1.66
	106.66	30.46	73.51	-0.00	0.0650	11.21	493.4	385.03	0.0802	682.8	12.290	23.45	15.11	1.66
	107.64	30.42	73.51	0.00	0.0649	11.20	492.9	384.58	0.0806	687.7	12.379	23.61	15.22	1.66
	108.66	30.46	73.51	-0.00	0.0649	11.20	492.8	384.58	0.0804	684.1	12.314	23.49	15.14	1.67
	109.64	30.44	73.48	0.00	0.0649	11.19	492.4	384.39	0.0805	684.9	12.328	23.52	15.16	1.67
	110.64	30.48	73.51	0.00	0.0649	11.20	492.9	384.70	0.0811	690.8	12.434	23.72	15.29	1.67
	111.65	30.46	73.51	-0.00	0.0647	11.17	491.5	383.54	0.0809	689.9	12.418	23.69	15.27	1.67
	112.65	30.43	73.48	-0.00	0.0648	11.17	491.7	383.82	0.0807	688.4	12.392	23.65	15.24	1.66
	113.65	30.46	73.51	0.00	0.0648	11.18	491.8	383.79	0.0809	689.9	12.417	23.69	15.27	1.66
	114.66	30.46	73.51	0.00	0.0649	11.18	491.9	383.87	0.0808	687.6	12.378	23.61	15.22	1.67
	115.64	30.46	73.51	0.00	0.0648	11.19	492.2	384.11	0.0807	687.2	12.370	23.60	15.21	1.67
	116.73	30.47	73.51	-0.00	0.0649	11.19	492.3	384.21	0.0809	691.7	12.451	23.75	15.31	1.67
	117.66	30.42	73.54	-0.00	0.0648	11.18	492.0	383.75	0.0809	691.9	12.454	23.75	15.31	1.66
	118.65	30.42	73.51	0.00	0.0649	11.19	492.4	384.22	0.0812	693.1	12.476	23.80	15.34	1.67
	119.65	30.46	73.51	-0.00	0.0649	11.18	492.0	383.93	0.0813	695.8	12.525	23.89	15.40	1.67
	120.64	30.46	73.54	0.00	0.0649	11.18	491.7	383.61	0.0811	696.7	12.540	23.91	15.42	1.67
	121.65	30.44	73.51	0.00	0.0648	11.18	491.9	383.88	0.0810	694.6	12.503	23.85	15.38	1.67
