Jul 22 2015 at 15:49:58
Frequency: 1.00Hz.
CO2
Zero:  Value:0.95  Date:18 Mar 2005	 at 07:22:33	
Span:  Value:1.00  Date:18 Mar 2005	 at 07:25:09	
H2O
Zero:  Value:0.71  Date:18 Mar 2005	 at 07:52:31	
Span:  Value:0.99  Date:18 Mar 2005	 at 11:44:01	
	Relative Time	Temperature	Pressure	Aux Input	CO2 Absorptance	CO2 mmol/m3	CO2 mg/m3	CO2 umol/mol	H2O Absorptance	H2O mmol/m3	H2O g/m3	H2O mmol/mol	H2O(°C)	Cooler Voltage
	0.70	36.90	75.59	0.00	0.0680	11.80	519.2	402.42	0.0518	360.7	6.492	12.30	5.86	1.66
	1.72	36.90	75.59	0.00	0.0680	11.79	518.9	402.16	0.0521	364.2	6.556	12.42	6.00	1.66
	2.70	36.88	75.62	0.00	0.0680	11.79	519.0	402.03	0.0521	364.4	6.559	12.42	6.01	1.66
	3.71	36.87	75.62	-0.00	0.0678	11.77	517.7	401.05	0.0525	367.7	6.619	12.53	6.14	1.66
	4.77	36.85	75.59	0.00	0.0680	11.78	518.3	401.62	0.0524	366.3	6.593	12.49	6.08	1.66
	5.71	36.85	75.62	0.00	0.0680	11.80	519.0	402.02	0.0519	360.9	6.497	12.30	5.87	1.66
	6.72	36.88	75.59	0.00	0.0679	11.79	518.7	401.97	0.0516	362.1	6.518	12.35	5.92	1.66
	7.72	36.78	75.59	0.00	0.0680	11.79	518.6	401.80	0.0518	361.3	6.504	12.32	5.88	1.66
	8.72	36.79	75.62	0.00	0.0679	11.78	518.3	401.40	0.0517	356.7	6.421	12.16	5.69	1.66
	9.70	36.71	75.62	0.00	0.0679	11.77	517.9	401.00	0.0518	359.7	6.475	12.26	5.81	1.66
	10.73	36.77	75.62	-0.00	0.0679	11.78	518.1	401.22	0.0514	357.5	6.435	12.18	5.72	1.66
	11.70	36.73	75.59	0.00	0.0678	11.76	517.4	400.74	0.0525	364.8	6.567	12.43	6.02	1.66
	12.71	36.78	75.62	0.00	0.0676	11.72	515.6	399.28	0.0536	376.4	6.775	12.83	6.47	1.67
	13.79	36.78	75.62	0.00	0.0676	11.69	514.5	398.47	0.0540	384.3	6.917	13.09	6.77	1.67
	14.71	36.83	75.62	0.00	0.0675	11.69	514.6	398.56	0.0542	384.6	6.922	13.11	6.79	1.66
	15.72	36.86	75.59	0.00	0.0676	11.68	514.1	398.40	0.0547	388.1	6.986	13.23	6.92	1.66
	16.71	36.85	75.62	0.00	0.0675	11.70	515.0	398.90	0.0542	387.0	6.966	13.19	6.88	1.67
	17.71	36.90	75.62	0.00	0.0674	11.67	513.3	397.70	0.0550	391.9	7.054	13.36	7.06	1.66
	18.72	36.92	75.59	0.00	0.0673	11.65	512.7	397.38	0.0558	400.2	7.204	13.65	7.37	1.67
	19.72	36.97	75.59	0.00	0.0673	11.67	513.4	397.94	0.0563	403.1	7.256	13.75	7.48	1.67
	20.70	36.93	75.59	0.00	0.0674	11.67	513.4	397.95	0.0557	398.1	7.166	13.58	7.30	1.67
	21.72	36.97	75.62	0.00	0.0673	11.65	512.6	397.22	0.0560	402.3	7.241	13.72	7.45	1.67
	22.71	36.99	75.62	0.00	0.0673	11.65	512.8	397.40	0.0561	404.1	7.274	13.78	7.52	1.67
	23.71	36.97	75.57	0.00	0.0674	11.66	513.1	397.86	0.0555	398.5	7.173	13.60	7.31	1.67
	24.70	36.95	75.59	0.00	0.0673	11.64	512.1	396.95	0.0561	404.5	7.281	13.80	7.53	1.67
	25.71	36.90	75.59	0.00	0.0673	11.65	512.6	397.27	0.0559	400.9	7.217	13.67	7.40	1.67
	26.69	36.85	75.59	0.00	0.0673	11.66	512.9	397.41	0.0558	400.1	7.202	13.64	7.37	1.67
	27.72	36.83	75.59	-0.00	0.0672	11.62	511.2	396.10	0.0562	404.1	7.274	13.78	7.51	1.67
	28.70	36.80	75.62	-0.00	0.0672	11.61	510.6	395.49	0.0562	407.4	7.334	13.88	7.63	1.67
	29.70	36.78	75.62	0.00	0.0673	11.64	512.0	396.54	0.0562	402.1	7.238	13.70	7.43	1.67
	30.70	36.80	75.62	-0.00	0.0671	11.60	510.2	395.17	0.0566	407.9	7.343	13.90	7.65	1.67
	31.71	36.80	75.62	-0.00	0.0672	11.62	511.5	396.14	0.0572	414.1	7.453	14.11	7.87	1.67
	32.71	36.80	75.62	-0.00	0.0672	11.61	510.9	395.70	0.0572	413.5	7.443	14.09	7.84	1.67
	33.71	36.83	75.57	0.00	0.0672	11.62	511.1	396.18	0.0569	411.3	7.404	14.03	7.77	1.67
	34.73	36.86	75.62	-0.00	0.0672	11.62	511.4	396.17	0.0568	410.0	7.379	13.97	7.72	1.67
	35.77	36.85	75.59	0.00	0.0672	11.63	511.7	396.50	0.0568	407.6	7.336	13.90	7.64	1.67
	36.75	36.89	75.59	-0.00	0.0672	11.63	511.5	396.42	0.0568	409.3	7.368	13.96	7.70	1.67
	37.72	36.95	75.62	0.00	0.0672	11.61	510.9	395.90	0.0569	413.8	7.449	14.11	7.86	1.67
	38.70	36.92	75.65	0.00	0.0671	11.61	510.7	395.58	0.0569	410.9	7.396	14.00	7.76	1.67
	39.72	36.97	75.59	0.00	0.0671	11.59	510.2	395.48	0.0570	414.0	7.452	14.12	7.87	1.67
	40.72	36.99	75.59	0.00	0.0672	11.61	510.8	395.98	0.0572	411.9	7.415	14.05	7.80	1.67
	41.72	37.02	75.62	0.00	0.0671	11.59	510.0	395.27	0.0574	417.7	7.519	14.25	8.01	1.67
	42.73	37.05	75.62	-0.00	0.0672	11.61	510.8	395.93	0.0573	412.2	7.419	14.06	7.81	1.67
	43.79	37.09	75.59	-0.00	0.0670	11.57	509.3	394.94	0.0581	420.3	7.565	14.34	8.10	1.67
	44.71	37.09	75.62	0.00	0.0669	11.55	508.3	394.02	0.0594	434.5	7.820	14.82	8.59	1.67
	45.71	37.08	75.62	0.00	0.0670	11.57	509.2	394.71	0.0586	428.0	7.703	14.60	8.36	1.67
	46.71	37.07	75.62	0.00	0.0671	11.59	510.0	395.37	0.0581	421.8	7.593	14.39	8.15	1.67
	47.72	37.08	75.62	-0.00	0.0669	11.58	509.4	394.89	0.0584	422.2	7.599	14.40	8.16	1.67
	48.72	37.08	75.62	-0.00	0.0670	11.59	509.9	395.24	0.0581	422.2	7.600	14.40	8.16	1.68
	49.72	37.07	75.57	0.00	0.0671	11.60	510.2	395.76	0.0581	422.8	7.610	14.43	8.19	1.67
	50.72	37.11	75.62	-0.00	0.0671	11.60	510.3	395.64	0.0581	423.2	7.618	14.44	8.20	1.67
	51.70	37.14	75.62	0.00	0.0669	11.56	508.7	394.38	0.0595	436.5	7.858	14.89	8.66	1.67
	52.71	37.05	75.59	0.00	0.0668	11.55	508.3	394.09	0.0594	434.6	7.822	14.83	8.59	1.68
	53.70	37.12	75.62	0.00	0.0669	11.55	508.4	394.14	0.0596	436.8	7.863	14.90	8.67	1.68
	54.80	37.07	75.59	0.00	0.0669	11.56	508.7	394.45	0.0594	435.9	7.846	14.87	8.63	1.68
	55.69	37.11	75.65	0.00	0.0668	11.54	507.7	393.47	0.0597	440.0	7.920	15.00	8.78	1.68
	56.78	37.10	75.62	0.00	0.0669	11.53	507.5	393.41	0.0599	441.7	7.950	15.07	8.83	1.68
	57.70	37.06	75.59	-0.00	0.0668	11.54	507.6	393.62	0.0597	435.2	7.834	14.85	8.61	1.68
	58.72	37.05	75.59	-0.00	0.0669	11.53	507.4	393.45	0.0594	435.9	7.847	14.87	8.64	1.68
	59.78	37.08	75.65	0.00	0.0669	11.54	507.7	393.42	0.0601	441.1	7.940	15.04	8.81	1.68
	60.73	37.08	75.59	-0.00	0.0668	11.54	507.8	393.77	0.0595	439.9	7.918	15.01	8.77	1.68
	61.79	37.08	75.62	0.00	0.0669	11.53	507.4	393.36	0.0610	450.6	8.111	15.37	9.13	1.68
	62.71	37.08	75.59	0.00	0.0668	11.52	507.0	393.17	0.0610	454.4	8.179	15.50	9.25	1.68
	63.79	37.04	75.59	0.00	0.0668	11.52	506.9	393.02	0.0613	452.9	8.151	15.45	9.20	1.68
	64.71	37.02	75.62	0.00	0.0668	11.53	507.1	393.04	0.0613	456.9	8.225	15.58	9.33	1.68
	65.72	36.98	75.59	-0.00	0.0667	11.51	506.4	392.59	0.0619	462.1	8.317	15.76	9.50	1.68
	66.71	37.00	75.59	0.00	0.0667	11.51	506.3	392.48	0.0618	461.5	8.308	15.74	9.48	1.68
	67.72	36.95	75.62	-0.00	0.0667	11.51	506.4	392.41	0.0621	464.3	8.358	15.83	9.56	1.68
	68.70	36.95	75.62	0.00	0.0667	11.48	505.1	391.35	0.0629	472.3	8.501	16.10	9.82	1.68
	69.72	36.95	75.59	0.00	0.0666	11.48	505.0	391.42	0.0629	472.7	8.509	16.12	9.83	1.68
	70.70	36.95	75.59	0.00	0.0666	11.49	505.4	391.77	0.0629	470.8	8.475	16.06	9.77	1.68
	71.71	36.96	75.59	0.00	0.0666	11.49	505.6	391.95	0.0628	470.4	8.467	16.04	9.76	1.68
	72.70	36.97	75.62	0.00	0.0666	11.48	504.9	391.29	0.0626	470.1	8.463	16.03	9.75	1.68
	73.73	36.97	75.62	-0.00	0.0665	11.46	504.3	390.77	0.0637	479.8	8.637	16.36	10.06	1.68
	74.69	36.99	75.59	0.00	0.0667	11.49	505.7	392.06	0.0625	468.2	8.428	15.97	9.69	1.68
	75.71	36.98	75.62	0.00	0.0666	11.50	505.8	391.98	0.0627	469.7	8.454	16.01	9.74	1.68
	76.69	37.04	75.59	0.00	0.0667	11.50	505.8	392.19	0.0626	470.4	8.466	16.05	9.76	1.68
	77.70	37.06	75.59	0.00	0.0667	11.49	505.7	392.11	0.0626	470.2	8.463	16.04	9.76	1.68
	78.70	37.08	75.59	0.00	0.0666	11.49	505.6	392.10	0.0629	473.0	8.514	16.14	9.85	1.68
	79.72	37.11	75.59	-0.00	0.0666	11.49	505.6	392.11	0.0628	472.1	8.497	16.11	9.82	1.68
	80.72	37.09	75.59	0.00	0.0667	11.50	506.1	392.48	0.0625	467.1	8.407	15.94	9.66	1.68
	81.70	37.06	75.62	0.00	0.0667	11.51	506.6	392.66	0.0625	467.7	8.419	15.95	9.68	1.69
	82.71	36.98	75.62	-0.00	0.0666	11.51	506.4	392.42	0.0626	468.6	8.436	15.98	9.71	1.69
	83.71	36.99	75.62	-0.00	0.0665	11.48	505.1	391.45	0.0634	474.1	8.534	16.17	9.88	1.69
	84.71	36.95	75.62	0.00	0.0666	11.47	504.8	391.16	0.0633	476.4	8.576	16.24	9.95	1.69
	85.69	36.93	75.62	0.00	0.0666	11.48	505.3	391.51	0.0633	468.5	8.433	15.97	9.70	1.69
	86.72	36.89	75.59	0.00	0.0665	11.48	505.2	391.51	0.0627	469.6	8.454	16.01	9.73	1.68
	87.70	36.89	75.59	0.00	0.0666	11.49	505.5	391.73	0.0635	474.6	8.542	16.18	9.89	1.69
	88.73	36.90	75.59	0.00	0.0665	11.45	503.7	390.39	0.0634	474.3	8.537	16.17	9.88	1.69
	89.70	36.94	75.59	0.00	0.0664	11.45	503.9	390.58	0.0643	487.8	8.781	16.64	10.30	1.69
	90.72	36.99	75.59	0.00	0.0664	11.43	503.1	390.02	0.0644	492.7	8.868	16.81	10.45	1.69
	91.70	37.02	75.59	0.00	0.0665	11.46	504.0	390.78	0.0650	491.8	8.852	16.78	10.43	1.69
	92.73	37.04	75.59	-0.00	0.0665	11.45	503.8	390.61	0.0646	494.6	8.902	16.87	10.51	1.69
	93.77	37.09	75.59	0.00	0.0664	11.46	504.1	390.89	0.0646	491.3	8.844	16.76	10.42	1.69
	94.71	37.06	75.57	0.00	0.0665	11.47	504.7	391.50	0.0641	485.2	8.734	16.56	10.23	1.69
	95.71	37.06	75.62	-0.00	0.0664	11.42	502.7	389.64	0.0658	502.9	9.052	17.15	10.76	1.69
	96.70	37.06	75.59	0.00	0.0664	11.43	502.8	389.89	0.0656	500.4	9.007	17.07	10.69	1.69
	97.70	37.02	75.59	0.00	0.0665	11.45	503.8	390.56	0.0659	502.8	9.050	17.15	10.76	1.69
	98.72	37.04	75.62	-0.00	0.0664	11.44	503.4	390.16	0.0663	511.7	9.210	17.45	11.02	1.69
	99.79	37.02	75.59	-0.00	0.0664	11.44	503.5	390.34	0.0658	505.7	9.102	17.25	10.84	1.69
	100.70	37.04	75.62	0.00	0.0665	11.46	504.1	390.72	0.0663	508.6	9.156	17.35	10.93	1.69
	101.71	37.04	75.59	0.00	0.0665	11.46	504.1	390.85	0.0662	509.1	9.163	17.37	10.95	1.69
	102.70	37.06	75.67	0.00	0.0664	11.44	503.6	390.06	0.0662	507.1	9.127	17.28	10.89	1.69
	103.72	37.06	75.62	-0.00	0.0665	11.44	503.5	390.26	0.0668	513.7	9.246	17.52	11.08	1.69
	104.69	37.08	75.62	0.00	0.0664	11.44	503.4	390.20	0.0667	513.0	9.233	17.50	11.06	1.69
	105.71	37.06	75.59	0.00	0.0662	11.41	502.1	389.34	0.0680	526.9	9.485	17.98	11.47	1.70
	106.69	37.10	75.59	0.00	0.0663	11.41	502.2	389.43	0.0675	525.9	9.466	17.94	11.44	1.69
	107.72	37.09	75.59	-0.00	0.0664	11.43	503.1	390.11	0.0665	517.6	9.317	17.66	11.20	1.69
	108.70	37.13	75.57	-0.00	0.0664	11.46	504.0	391.06	0.0660	510.3	9.185	17.42	10.99	1.69
	109.72	37.15	75.59	0.00	0.0663	11.43	503.1	390.23	0.0675	512.8	9.230	17.50	11.06	1.69
	110.70	37.19	75.62	0.00	0.0664	11.42	502.5	389.67	0.0671	518.1	9.325	17.68	11.22	1.70
	111.71	37.20	75.57	-0.00	0.0664	11.45	503.6	390.84	0.0676	520.6	9.372	17.78	11.29	1.70
	112.71	37.16	75.65	0.00	0.0664	11.43	502.7	389.66	0.0672	517.3	9.311	17.64	11.19	1.70
	113.71	37.22	75.59	-0.00	0.0664	11.44	503.2	390.36	0.0673	521.5	9.387	17.80	11.32	1.70
	114.79	37.22	75.59	-0.00	0.0663	11.44	503.1	390.34	0.0676	521.8	9.392	17.81	11.33	1.69
	115.71	37.18	75.62	0.00	0.0664	11.41	502.0	389.26	0.0675	521.1	9.379	17.78	11.30	1.70
	116.80	37.20	75.59	0.00	0.0664	11.44	503.3	390.40	0.0675	523.0	9.415	17.85	11.36	1.70
	117.70	37.15	75.62	0.00	0.0663	11.43	503.1	390.06	0.0675	524.4	9.439	17.89	11.40	1.70
	118.72	37.13	75.62	0.00	0.0663	11.43	502.7	389.77	0.0675	521.4	9.385	17.79	11.31	1.70
	119.70	37.14	75.59	0.00	0.0662	11.39	501.0	388.55	0.0681	530.1	9.542	18.09	11.56	1.70
	120.71	37.08	75.62	0.00	0.0662	11.39	501.2	388.52	0.0680	527.1	9.489	17.98	11.48	1.70
	121.70	37.04	75.59	0.00	0.0662	11.38	500.6	388.17	0.0683	530.6	9.551	18.10	11.57	1.70
	122.73	37.03	75.59	-0.00	0.0662	11.40	501.6	388.90	0.0680	526.5	9.477	17.96	11.45	1.70
