Jul 22 2015 at 11:18:16
Frequency: 1.00Hz.
CO2
Zero:  Value:0.95  Date:18 Mar 2005	 at 07:22:33	
Span:  Value:1.00  Date:18 Mar 2005	 at 07:25:09	
H2O
Zero:  Value:0.71  Date:18 Mar 2005	 at 07:52:31	
Span:  Value:0.99  Date:18 Mar 2005	 at 11:44:01	
	Relative Time	Temperature	Pressure	Aux Input	CO2 Absorptance	CO2 mmol/m3	CO2 mg/m3	CO2 umol/mol	H2O Absorptance	H2O mmol/m3	H2O g/m3	H2O mmol/mol	H2O(°C)	Cooler Voltage
	0.45	30.87	73.48	-0.00	0.0681	11.93	524.8	410.25	0.0623	472.7	8.509	16.26	9.54	1.65
	1.45	30.87	73.51	-0.00	0.0680	11.89	523.1	408.76	0.0629	477.3	8.592	16.41	9.68	1.65
	2.45	30.90	73.54	-0.00	0.0679	11.87	522.4	408.12	0.0628	476.7	8.580	16.39	9.66	1.65
	3.45	30.85	73.48	-0.00	0.0678	11.86	521.7	407.85	0.0625	473.0	8.514	16.27	9.55	1.65
	4.45	30.87	73.48	-0.00	0.0677	11.84	521.0	407.26	0.0621	470.4	8.467	16.18	9.46	1.65
	5.45	30.90	73.53	-0.00	0.0677	11.85	521.2	407.21	0.0622	471.0	8.478	16.19	9.48	1.65
	6.43	30.90	73.56	0.00	0.0678	11.84	520.9	406.85	0.0626	473.8	8.528	16.28	9.57	1.65
	7.44	30.90	73.51	0.00	0.0677	11.82	520.3	406.60	0.0626	474.5	8.541	16.32	9.60	1.65
	8.44	30.92	73.54	0.00	0.0679	11.86	521.8	407.71	0.0630	478.0	8.605	16.43	9.71	1.65
	9.44	30.91	73.51	0.00	0.0677	11.82	520.0	406.44	0.0628	476.2	8.572	16.38	9.65	1.65
	10.44	30.89	73.48	0.00	0.0676	11.84	520.9	407.23	0.0629	480.1	8.642	16.52	9.77	1.65
	11.51	30.92	73.54	0.00	0.0679	11.86	522.0	407.87	0.0632	481.1	8.660	16.54	9.80	1.65
	12.43	30.92	73.54	0.00	0.0676	11.80	519.2	405.63	0.0630	479.1	8.623	16.47	9.74	1.65
	13.43	30.89	73.54	-0.00	0.0676	11.80	519.2	405.60	0.0636	481.0	8.659	16.54	9.80	1.65
	14.43	30.87	73.51	0.00	0.0679	11.88	522.7	408.46	0.0645	498.3	8.969	17.13	10.32	1.65
	15.44	30.92	73.51	-0.00	0.0678	11.85	521.6	407.66	0.0642	492.3	8.861	16.93	10.15	1.65
	16.44	30.92	73.51	-0.00	0.0678	11.86	521.9	407.92	0.0647	496.9	8.944	17.09	10.28	1.65
	17.44	30.90	73.54	0.00	0.0679	11.89	523.0	408.59	0.0652	502.4	9.043	17.27	10.45	1.65
	18.50	30.89	73.51	0.00	0.0679	11.87	522.4	408.26	0.0653	504.2	9.076	17.34	10.50	1.65
	19.45	30.91	73.51	-0.00	0.0679	11.86	521.7	407.74	0.0659	507.1	9.127	17.44	10.59	1.65
	20.45	30.90	73.51	0.00	0.0676	11.84	520.8	407.05	0.0658	513.0	9.234	17.64	10.76	1.65
	21.43	30.96	73.51	0.00	0.0675	11.79	518.6	405.40	0.0651	505.6	9.101	17.39	10.55	1.65
	22.45	30.92	73.48	-0.00	0.0675	11.77	517.9	404.92	0.0651	503.0	9.053	17.30	10.47	1.65
	23.45	30.96	73.51	-0.00	0.0674	11.76	517.3	404.40	0.0652	502.0	9.035	17.27	10.44	1.65
	24.43	30.94	73.54	0.00	0.0672	11.73	516.3	403.43	0.0653	506.6	9.119	17.42	10.58	1.65
	25.51	30.95	73.51	0.00	0.0674	11.76	517.3	404.36	0.0658	510.6	9.190	17.56	10.69	1.65
	26.44	30.96	73.48	-0.00	0.0674	11.76	517.3	404.53	0.0661	512.0	9.216	17.62	10.73	1.65
	27.44	30.94	73.54	0.00	0.0675	11.73	516.1	403.24	0.0665	513.2	9.238	17.64	10.77	1.65
	28.44	30.90	73.51	-0.00	0.0673	11.71	515.4	402.82	0.0675	525.7	9.462	18.08	11.13	1.65
	29.44	30.93	73.51	0.00	0.0671	11.70	514.9	402.49	0.0680	535.9	9.646	18.43	11.42	1.65
	30.45	30.96	73.54	-0.00	0.0670	11.65	512.7	400.67	0.0670	524.0	9.432	18.02	11.08	1.65
	31.43	30.90	73.51	0.00	0.0671	11.69	514.4	402.06	0.0674	526.0	9.468	18.09	11.14	1.65
	32.43	30.94	73.51	0.00	0.0669	11.64	512.3	400.43	0.0678	531.9	9.573	18.29	11.31	1.65
	33.45	30.92	73.51	-0.00	0.0668	11.64	512.1	400.24	0.0686	542.7	9.769	18.67	11.61	1.65
	34.45	30.96	73.46	-0.00	0.0671	11.68	513.7	401.87	0.0690	548.0	9.864	18.86	11.76	1.65
	35.44	30.98	73.51	0.00	0.0671	11.69	514.5	402.20	0.0684	539.7	9.715	18.57	11.53	1.65
	36.44	30.97	73.51	0.00	0.0671	11.68	513.9	401.69	0.0685	541.3	9.744	18.62	11.58	1.65
	37.42	31.00	73.51	0.00	0.0671	11.69	514.4	402.16	0.0685	538.8	9.699	18.54	11.51	1.65
	38.44	30.95	73.54	0.00	0.0671	11.69	514.4	401.97	0.0686	541.0	9.737	18.60	11.56	1.65
	39.44	31.00	73.51	-0.00	0.0670	11.65	512.8	400.88	0.0693	548.3	9.869	18.86	11.77	1.65
	40.45	30.98	73.54	-0.00	0.0671	11.69	514.5	402.07	0.0694	550.0	9.900	18.91	11.82	1.65
	41.43	30.95	73.51	-0.00	0.0669	11.66	512.9	400.91	0.0696	555.2	9.993	19.09	11.96	1.65
	42.43	30.97	73.51	0.00	0.0669	11.65	512.7	400.81	0.0705	564.7	10.164	19.42	12.22	1.65
	43.45	30.94	73.51	0.00	0.0669	11.63	511.8	400.02	0.0704	558.8	10.058	19.22	12.05	1.65
	44.43	30.95	73.54	0.00	0.0668	11.62	511.3	399.50	0.0713	573.3	10.319	19.71	12.44	1.65
	45.46	30.95	73.51	-0.00	0.0668	11.64	512.3	400.43	0.0716	570.1	10.262	19.61	12.36	1.65
	46.50	30.98	73.51	0.00	0.0667	11.58	509.7	398.46	0.0721	578.0	10.403	19.88	12.57	1.65
	47.44	30.97	73.48	0.00	0.0666	11.58	509.6	398.49	0.0712	574.0	10.333	19.75	12.47	1.65
	48.44	30.94	73.51	0.00	0.0666	11.58	509.5	398.23	0.0717	578.1	10.406	19.88	12.57	1.65
	49.44	30.94	73.48	0.00	0.0668	11.61	510.7	399.35	0.0717	577.3	10.391	19.86	12.55	1.65
	50.44	30.97	73.51	0.00	0.0667	11.58	509.7	398.43	0.0716	576.1	10.371	19.82	12.52	1.65
	51.45	30.95	73.48	-0.00	0.0666	11.56	508.6	397.72	0.0714	570.3	10.265	19.62	12.36	1.65
	52.43	30.98	73.56	0.00	0.0666	11.57	509.1	397.74	0.0719	578.6	10.415	19.89	12.59	1.65
	53.43	30.96	73.54	-0.00	0.0666	11.58	509.6	398.21	0.0726	586.2	10.551	20.15	12.78	1.65
	54.45	30.95	73.51	-0.00	0.0666	11.57	509.0	397.92	0.0728	589.8	10.617	20.29	12.88	1.65
	55.44	30.95	73.51	-0.00	0.0664	11.54	507.6	396.78	0.0722	581.6	10.469	20.00	12.66	1.65
	56.46	30.91	73.54	-0.00	0.0665	11.55	508.3	397.16	0.0720	581.0	10.458	19.97	12.65	1.65
	57.44	30.96	73.48	0.00	0.0663	11.52	506.9	396.41	0.0727	584.4	10.520	20.11	12.74	1.65
	58.42	30.88	73.46	0.00	0.0664	11.52	507.0	396.49	0.0727	588.3	10.589	20.24	12.83	1.65
	59.45	30.93	73.51	-0.00	0.0665	11.54	507.8	396.95	0.0728	590.1	10.622	20.29	12.89	1.65
	60.42	30.98	73.48	0.00	0.0663	11.52	506.7	396.23	0.0727	590.1	10.622	20.31	12.89	1.65
	61.43	30.94	73.51	0.00	0.0663	11.50	506.2	395.66	0.0730	591.8	10.652	20.35	12.93	1.65
	62.49	31.00	73.51	0.00	0.0664	11.52	507.1	396.41	0.0736	601.7	10.830	20.70	13.18	1.65
	63.45	30.99	73.51	0.00	0.0663	11.51	506.6	396.08	0.0740	605.5	10.899	20.83	13.28	1.65
	64.44	31.01	73.54	0.00	0.0661	11.48	505.0	394.67	0.0741	608.1	10.946	20.91	13.35	1.65
	65.44	31.04	73.51	-0.00	0.0661	11.46	504.1	394.15	0.0742	604.9	10.888	20.81	13.27	1.65
	66.44	30.99	73.54	0.00	0.0660	11.44	503.3	393.35	0.0736	598.5	10.774	20.58	13.11	1.65
	67.42	31.03	73.51	0.00	0.0661	11.46	504.3	394.32	0.0751	617.0	11.106	21.23	13.57	1.65
	68.44	31.04	73.51	0.00	0.0661	11.45	503.8	393.94	0.0753	619.3	11.148	21.31	13.63	1.65
	69.50	31.01	73.51	0.00	0.0660	11.46	504.2	394.22	0.0749	615.4	11.078	21.17	13.53	1.65
	70.45	31.06	73.54	-0.00	0.0660	11.45	503.7	393.74	0.0750	617.6	11.117	21.24	13.59	1.65
	71.43	31.06	73.48	0.00	0.0659	11.43	502.9	393.36	0.0747	615.0	11.070	21.17	13.52	1.65
	72.43	31.01	73.51	0.00	0.0658	11.41	502.0	392.45	0.0750	617.1	11.108	21.23	13.57	1.65
	73.46	31.01	73.51	-0.00	0.0658	11.41	502.0	392.48	0.0751	618.7	11.136	21.28	13.61	1.65
	74.43	31.04	73.48	0.00	0.0658	11.39	501.4	392.15	0.0760	627.9	11.302	21.61	13.84	1.65
	75.46	31.03	73.54	0.00	0.0658	11.41	501.9	392.31	0.0762	633.5	11.402	21.79	13.98	1.65
	76.44	30.98	73.43	-0.00	0.0658	11.41	502.0	392.88	0.0760	629.7	11.335	21.68	13.88	1.65
	77.44	31.02	73.48	0.00	0.0657	11.37	500.4	391.41	0.0763	629.5	11.331	21.66	13.88	1.65
	78.44	31.00	73.54	0.00	0.0657	11.38	500.6	391.24	0.0765	636.3	11.453	21.88	14.04	1.65
	79.44	31.02	73.51	0.00	0.0658	11.39	501.1	391.75	0.0769	640.5	11.530	22.03	14.15	1.65
	80.43	31.00	73.51	0.00	0.0658	11.40	501.6	392.11	0.0773	643.9	11.589	22.15	14.23	1.65
	81.45	31.02	73.53	-0.00	0.0657	11.36	500.0	390.76	0.0778	645.7	11.622	22.20	14.27	1.65
	82.45	30.97	73.48	-0.00	0.0657	11.36	499.9	390.89	0.0787	660.7	11.893	22.73	14.63	1.65
	83.43	31.00	73.51	0.00	0.0656	11.36	499.7	390.69	0.0776	653.9	11.770	22.49	14.47	1.65
	84.43	30.98	73.51	0.00	0.0657	11.37	500.3	391.12	0.0784	660.0	11.879	22.70	14.61	1.65
	85.52	30.99	73.54	-0.00	0.0657	11.38	500.6	391.20	0.0784	660.4	11.886	22.71	14.62	1.65
	86.44	30.99	73.51	0.00	0.0657	11.38	500.8	391.51	0.0780	654.8	11.786	22.52	14.49	1.65
	87.44	31.04	73.51	0.00	0.0656	11.36	499.9	390.86	0.0779	653.4	11.762	22.48	14.46	1.65
	88.44	31.03	73.51	0.00	0.0656	11.34	499.2	390.29	0.0782	655.7	11.803	22.56	14.51	1.65
	89.44	31.01	73.51	0.00	0.0654	11.31	497.8	389.16	0.0785	658.7	11.857	22.66	14.58	1.65
	90.45	31.06	73.51	-0.00	0.0655	11.32	497.9	389.34	0.0786	660.5	11.890	22.73	14.63	1.65
	91.45	31.04	73.53	-0.00	0.0654	11.31	497.7	389.06	0.0786	662.1	11.918	22.77	14.66	1.66
	92.45	31.05	73.54	-0.00	0.0654	11.30	497.2	388.61	0.0794	667.5	12.015	22.96	14.79	1.65
	93.44	31.05	73.54	-0.00	0.0654	11.30	497.1	388.55	0.0794	673.7	12.126	23.17	14.93	1.65
	94.52	31.03	73.48	-0.00	0.0654	11.30	497.3	388.99	0.0795	671.7	12.091	23.12	14.88	1.65
	95.44	31.08	73.51	-0.00	0.0653	11.29	496.8	388.48	0.0797	673.4	12.122	23.17	14.93	1.65
	96.44	31.05	73.51	0.00	0.0654	11.30	497.0	388.61	0.0797	676.4	12.175	23.27	14.99	1.66
	97.44	31.07	73.48	-0.00	0.0653	11.29	496.9	388.67	0.0798	677.4	12.193	23.32	15.02	1.66
	98.44	31.10	73.51	0.00	0.0653	11.29	496.6	388.41	0.0802	681.1	12.260	23.44	15.10	1.65
	99.44	31.06	73.51	0.00	0.0650	11.24	494.6	386.79	0.0794	675.4	12.158	23.24	14.97	1.65
	100.43	31.06	73.54	0.00	0.0652	11.25	495.1	386.99	0.0800	679.7	12.235	23.38	15.07	1.65
	101.43	31.01	73.51	-0.00	0.0653	11.28	496.3	388.01	0.0802	679.9	12.238	23.39	15.07	1.65
	102.45	31.06	73.51	0.00	0.0652	11.26	495.5	387.45	0.0802	680.0	12.239	23.40	15.08	1.66
	103.43	31.01	73.51	0.00	0.0652	11.26	495.5	387.38	0.0806	687.1	12.368	23.64	15.24	1.66
	104.44	31.04	73.54	-0.00	0.0652	11.25	495.2	387.03	0.0809	690.7	12.433	23.75	15.32	1.65
	105.46	31.04	73.51	-0.00	0.0651	11.24	494.4	386.57	0.0815	694.9	12.508	23.91	15.41	1.65
	106.44	30.99	73.51	-0.00	0.0652	11.24	494.6	386.64	0.0812	696.9	12.544	23.97	15.46	1.65
	107.44	31.01	73.54	0.00	0.0651	11.25	495.1	386.95	0.0808	689.4	12.408	23.71	15.29	1.66
	108.44	30.99	73.51	-0.00	0.0650	11.23	494.2	386.36	0.0815	695.1	12.512	23.91	15.42	1.66
	109.44	31.04	73.51	0.00	0.0651	11.24	494.4	386.57	0.0814	696.8	12.543	23.97	15.46	1.65
	110.43	31.03	73.54	0.00	0.0651	11.23	494.2	386.31	0.0820	705.0	12.689	24.24	15.64	1.66
	111.43	31.04	73.48	0.00	0.0649	11.20	492.8	385.48	0.0826	711.8	12.813	24.50	15.79	1.66
	112.43	31.08	73.51	0.00	0.0649	11.20	492.7	385.31	0.0825	711.1	12.800	24.47	15.77	1.65
	113.51	31.06	73.54	0.00	0.0649	11.20	492.8	385.19	0.0826	712.4	12.823	24.50	15.80	1.66
	114.43	31.03	73.51	0.00	0.0649	11.20	493.0	385.46	0.0827	712.9	12.833	24.53	15.81	1.66
	115.43	31.03	73.51	0.00	0.0649	11.20	492.9	385.40	0.0827	714.5	12.861	24.58	15.85	1.66
	116.44	31.06	73.54	-0.00	0.0648	11.19	492.2	384.73	0.0837	720.3	12.966	24.78	15.98	1.66
	117.44	31.06	73.51	0.00	0.0648	11.16	491.1	384.02	0.0839	730.4	13.148	25.13	16.19	1.66
	118.44	31.06	73.51	0.00	0.0648	11.18	491.7	384.51	0.0838	724.9	13.048	24.94	16.07	1.65
	119.44	31.03	73.51	0.00	0.0648	11.18	491.9	384.60	0.0837	726.3	13.073	24.99	16.10	1.66
	120.45	31.05	73.51	-0.00	0.0647	11.14	490.3	383.42	0.0838	727.5	13.096	25.03	16.13	1.66
	121.43	31.08	73.54	0.00	0.0648	11.17	491.4	384.11	0.0834	723.7	13.027	24.89	16.05	1.66
	122.45	31.05	73.48	-0.00	0.0648	11.16	491.2	384.20	0.0833	719.4	12.949	24.76	15.95	1.66
	123.44	31.10	73.54	-0.00	0.0647	11.16	490.9	383.80	0.0830	719.3	12.948	24.74	15.96	1.66
