Jul 22 2015 at 16:15:58
Frequency: 1.00Hz.
CO2
Zero:  Value:0.95  Date:18 Mar 2005	 at 07:22:33	
Span:  Value:1.00  Date:18 Mar 2005	 at 07:25:09	
H2O
Zero:  Value:0.71  Date:18 Mar 2005	 at 07:52:31	
Span:  Value:0.99  Date:18 Mar 2005	 at 11:44:01	
	Relative Time	Temperature	Pressure	Aux Input	CO2 Absorptance	CO2 mmol/m3	CO2 mg/m3	CO2 umol/mol	H2O Absorptance	H2O mmol/m3	H2O g/m3	H2O mmol/mol	H2O(°C)	Cooler Voltage
	0.00	38.56	75.62	0.00	0.0682	11.86	521.6	406.30	0.0475	322.8	5.810	11.06	4.34	1.68
	1.01	38.54	75.62	-0.00	0.0683	11.85	521.6	406.20	0.0475	321.5	5.787	11.02	4.28	1.68
	2.01	38.57	75.62	-0.00	0.0683	11.86	521.6	406.31	0.0475	321.4	5.786	11.02	4.28	1.68
	3.01	38.55	75.62	-0.00	0.0682	11.85	521.4	406.06	0.0476	321.6	5.788	11.02	4.29	1.68
	4.01	38.52	75.62	0.00	0.0682	11.85	521.2	405.93	0.0476	322.4	5.803	11.05	4.32	1.68
	5.02	38.56	75.62	-0.00	0.0682	11.85	521.2	405.95	0.0477	323.3	5.819	11.08	4.37	1.68
	6.01	38.50	75.59	0.00	0.0681	11.83	520.4	405.37	0.0477	323.4	5.821	11.08	4.37	1.68
	7.02	38.48	75.62	0.00	0.0679	11.75	517.2	402.75	0.0466	314.6	5.663	10.78	3.97	1.68
	8.00	38.42	75.62	0.00	0.0680	11.79	518.7	403.86	0.0471	319.2	5.746	10.93	4.18	1.68
	9.02	38.43	75.62	0.00	0.0681	11.79	519.0	404.04	0.0476	320.4	5.768	10.98	4.23	1.68
	10.02	38.38	75.62	-0.00	0.0680	11.80	519.4	404.29	0.0475	321.0	5.778	10.99	4.26	1.68
	11.08	38.43	75.62	0.00	0.0680	11.80	519.3	404.31	0.0480	326.1	5.869	11.17	4.48	1.68
	12.01	38.41	75.62	-0.00	0.0680	11.79	518.9	403.93	0.0475	324.2	5.836	11.11	4.40	1.68
	13.07	38.41	75.62	0.00	0.0680	11.80	519.1	404.13	0.0481	326.3	5.874	11.18	4.49	1.68
	14.01	38.41	75.59	-0.00	0.0680	11.80	519.0	404.22	0.0478	323.7	5.827	11.09	4.38	1.68
	15.01	38.39	75.62	-0.00	0.0680	11.79	518.8	403.83	0.0479	323.5	5.823	11.08	4.37	1.68
	16.00	38.37	75.57	-0.00	0.0680	11.79	518.6	403.95	0.0477	323.6	5.825	11.09	4.37	1.68
	17.00	38.43	75.62	0.00	0.0680	11.77	518.1	403.34	0.0478	322.9	5.813	11.06	4.34	1.68
	18.00	38.41	75.62	0.00	0.0679	11.77	518.0	403.30	0.0479	323.8	5.828	11.09	4.38	1.68
	19.08	38.45	75.62	-0.00	0.0680	11.79	518.5	403.75	0.0476	322.7	5.808	11.05	4.33	1.68
	19.98	38.47	75.62	0.00	0.0679	11.78	518.3	403.59	0.0482	327.8	5.901	11.23	4.56	1.68
	21.00	38.45	75.62	0.00	0.0679	11.77	517.8	403.18	0.0478	325.3	5.855	11.14	4.45	1.68
	22.00	38.50	75.62	0.00	0.0679	11.78	518.3	403.60	0.0484	328.7	5.916	11.26	4.60	1.68
	22.99	38.47	75.62	0.00	0.0679	11.78	518.5	403.71	0.0486	331.3	5.963	11.35	4.71	1.68
	23.99	38.45	75.62	0.00	0.0678	11.76	517.3	402.77	0.0484	330.2	5.943	11.31	4.66	1.68
	25.01	38.45	75.62	-0.00	0.0679	11.77	518.0	403.30	0.0494	337.9	6.082	11.58	4.99	1.68
	25.99	38.42	75.59	0.00	0.0679	11.77	517.7	403.18	0.0501	345.0	6.210	11.82	5.29	1.68
	27.00	38.41	75.67	-0.00	0.0679	11.77	518.0	402.98	0.0494	339.4	6.109	11.62	5.05	1.68
	28.00	38.41	75.62	-0.00	0.0679	11.77	517.7	403.06	0.0490	333.6	6.006	11.43	4.81	1.68
	29.00	38.41	75.62	-0.00	0.0679	11.77	517.9	403.22	0.0496	339.5	6.111	11.63	5.06	1.68
	30.01	38.37	75.59	-0.00	0.0679	11.78	518.4	403.67	0.0496	340.7	6.133	11.67	5.11	1.68
	31.00	38.41	75.62	0.00	0.0680	11.78	518.5	403.66	0.0492	337.1	6.067	11.55	4.96	1.68
	32.01	38.43	75.62	0.00	0.0679	11.78	518.1	403.38	0.0490	334.9	6.029	11.47	4.87	1.68
	33.01	38.43	75.62	0.00	0.0679	11.77	517.9	403.21	0.0490	333.2	5.997	11.41	4.79	1.69
	34.01	38.43	75.62	0.00	0.0679	11.78	518.3	403.50	0.0491	335.8	6.045	11.50	4.90	1.68
	34.99	38.45	75.62	0.00	0.0678	11.76	517.4	402.89	0.0492	337.8	6.081	11.57	4.99	1.68
	36.01	38.48	75.62	0.00	0.0678	11.75	517.0	402.56	0.0497	339.8	6.116	11.64	5.07	1.68
	37.02	38.45	75.62	-0.00	0.0678	11.74	516.5	402.18	0.0491	335.8	6.045	11.51	4.90	1.68
	38.00	38.45	75.62	0.00	0.0678	11.74	516.6	402.26	0.0492	334.5	6.022	11.46	4.85	1.68
	39.02	38.43	75.59	0.00	0.0677	11.74	516.7	402.42	0.0495	339.6	6.113	11.64	5.06	1.68
	40.01	38.34	75.62	-0.00	0.0678	11.74	516.7	402.19	0.0494	340.4	6.127	11.66	5.09	1.68
	41.00	38.42	75.59	0.00	0.0679	11.76	517.4	402.93	0.0506	349.6	6.294	11.98	5.48	1.69
	42.01	38.41	75.59	-0.00	0.0679	11.77	517.9	403.35	0.0506	350.4	6.308	12.01	5.51	1.68
	43.01	38.38	75.57	-0.00	0.0678	11.77	517.7	403.29	0.0506	350.1	6.302	12.00	5.50	1.69
	43.99	38.35	75.59	0.00	0.0678	11.76	517.5	402.91	0.0504	348.9	6.280	11.95	5.45	1.69
	45.01	38.41	75.62	-0.00	0.0678	11.75	517.2	402.61	0.0503	347.4	6.253	11.90	5.39	1.69
	45.99	38.41	75.62	0.00	0.0678	11.75	517.2	402.64	0.0507	349.5	6.292	11.97	5.48	1.69
	47.00	38.37	75.59	0.00	0.0678	11.76	517.6	403.08	0.0503	348.5	6.273	11.94	5.43	1.69
	48.02	38.35	75.62	0.00	0.0679	11.76	517.6	402.86	0.0507	349.7	6.295	11.98	5.48	1.68
	49.00	38.36	75.57	-0.00	0.0679	11.76	517.7	403.21	0.0505	348.4	6.272	11.94	5.43	1.68
	50.01	38.34	75.65	0.00	0.0678	11.76	517.3	402.47	0.0502	345.7	6.223	11.84	5.32	1.69
	51.00	38.30	75.59	0.00	0.0678	11.74	516.7	402.22	0.0492	337.8	6.080	11.57	4.98	1.69
	52.01	38.32	75.62	-0.00	0.0678	11.75	516.9	402.29	0.0501	346.1	6.230	11.85	5.33	1.69
	53.07	38.31	75.62	-0.00	0.0678	11.76	517.3	402.57	0.0500	344.2	6.196	11.79	5.25	1.69
	53.99	38.28	75.62	0.00	0.0678	11.75	517.0	402.31	0.0511	350.8	6.314	12.01	5.52	1.69
	54.99	38.28	75.62	0.00	0.0678	11.75	516.9	402.25	0.0513	355.9	6.406	12.19	5.73	1.69
	55.99	38.31	75.62	0.00	0.0678	11.75	517.0	402.33	0.0518	359.1	6.464	12.30	5.86	1.69
	57.02	38.28	75.65	-0.00	0.0678	11.75	517.2	402.30	0.0522	365.5	6.579	12.51	6.12	1.69
	57.98	38.31	75.65	0.00	0.0679	11.76	517.4	402.53	0.0519	363.0	6.534	12.43	6.02	1.69
	59.00	38.28	75.59	0.00	0.0678	11.75	517.0	402.48	0.0526	368.4	6.631	12.62	6.23	1.69
	60.00	38.30	75.59	-0.00	0.0678	11.75	517.2	402.61	0.0518	361.8	6.512	12.39	5.97	1.69
	61.01	38.31	75.62	0.00	0.0678	11.75	516.8	402.21	0.0516	359.8	6.477	12.32	5.89	1.69
	61.99	38.28	75.65	0.00	0.0678	11.76	517.3	402.43	0.0516	360.4	6.487	12.34	5.91	1.69
	63.02	38.30	75.59	-0.00	0.0678	11.76	517.3	402.69	0.0514	357.7	6.438	12.25	5.80	1.69
	64.01	38.34	75.57	-0.00	0.0678	11.76	517.5	403.08	0.0512	355.6	6.401	12.19	5.72	1.69
	65.02	38.34	75.65	-0.00	0.0678	11.76	517.2	402.44	0.0512	355.5	6.400	12.17	5.72	1.69
	66.00	38.36	75.62	-0.00	0.0678	11.75	517.2	402.55	0.0510	353.9	6.371	12.12	5.66	1.69
	67.00	38.41	75.62	0.00	0.0678	11.75	516.9	402.43	0.0508	354.2	6.375	12.13	5.67	1.69
	68.00	38.38	75.62	-0.00	0.0677	11.75	516.9	402.38	0.0506	350.7	6.312	12.01	5.52	1.69
	69.01	38.38	75.62	0.00	0.0678	11.75	516.8	402.29	0.0506	350.3	6.306	12.00	5.51	1.69
	70.00	38.39	75.59	0.00	0.0678	11.75	517.1	402.72	0.0515	358.9	6.460	12.30	5.86	1.69
	71.01	38.41	75.62	-0.00	0.0677	11.73	516.3	401.95	0.0505	349.8	6.296	11.98	5.49	1.69
	72.01	38.43	75.65	0.00	0.0677	11.72	515.7	401.34	0.0505	347.1	6.248	11.89	5.38	1.69
	72.99	38.46	75.65	0.00	0.0676	11.70	515.0	400.85	0.0504	349.2	6.285	11.96	5.46	1.69
	74.01	38.43	75.62	0.00	0.0677	11.73	515.9	401.69	0.0509	353.3	6.359	12.10	5.63	1.69
	74.99	38.43	75.62	0.00	0.0677	11.74	516.5	402.12	0.0522	366.3	6.593	12.55	6.15	1.69
	76.00	38.46	75.62	0.00	0.0677	11.73	516.2	401.90	0.0526	368.3	6.630	12.62	6.24	1.69
	77.00	38.43	75.62	-0.00	0.0677	11.72	515.7	401.48	0.0515	362.8	6.530	12.43	6.01	1.69
	78.00	38.43	75.62	0.00	0.0677	11.73	516.3	401.96	0.0534	371.3	6.684	12.72	6.35	1.69
	78.98	38.39	75.65	0.00	0.0677	11.73	516.3	401.77	0.0527	367.7	6.619	12.59	6.21	1.69
	80.01	38.46	75.62	-0.00	0.0677	11.74	516.5	402.18	0.0532	372.7	6.708	12.77	6.41	1.69
	81.00	38.43	75.62	0.00	0.0677	11.73	516.3	401.93	0.0532	375.3	6.755	12.86	6.51	1.69
	81.99	38.44	75.65	0.00	0.0677	11.73	516.3	401.86	0.0526	370.1	6.662	12.68	6.31	1.69
	82.99	38.42	75.62	0.00	0.0677	11.72	515.7	401.48	0.0527	370.4	6.668	12.69	6.32	1.69
	83.99	38.45	75.62	0.00	0.0677	11.73	516.2	401.91	0.0525	368.6	6.635	12.63	6.25	1.69
	85.00	38.42	75.59	0.00	0.0677	11.72	515.9	401.77	0.0525	370.0	6.660	12.68	6.30	1.69
	85.99	38.43	75.57	0.00	0.0677	11.74	516.3	402.28	0.0529	368.3	6.630	12.63	6.24	1.69
	87.00	38.45	75.59	0.00	0.0677	11.73	516.2	402.06	0.0527	371.4	6.686	12.73	6.36	1.69
	87.98	38.41	75.57	0.00	0.0677	11.74	516.6	402.43	0.0525	368.7	6.637	12.64	6.25	1.69
	89.08	38.42	75.62	-0.00	0.0677	11.71	515.5	401.30	0.0532	372.2	6.700	12.75	6.39	1.69
	90.01	38.45	75.59	-0.00	0.0677	11.74	516.5	402.29	0.0537	378.5	6.812	12.97	6.63	1.69
	91.01	38.45	75.59	0.00	0.0676	11.71	515.2	401.30	0.0534	375.2	6.754	12.86	6.50	1.69
	92.01	38.45	75.57	-0.00	0.0677	11.74	516.5	402.44	0.0538	378.6	6.815	12.98	6.64	1.69
	93.01	38.45	75.62	0.00	0.0677	11.73	516.3	401.98	0.0544	386.5	6.957	13.24	6.93	1.69
	93.99	38.48	75.59	0.00	0.0678	11.74	516.6	402.38	0.0546	387.4	6.974	13.28	6.97	1.69
	95.00	38.48	75.62	0.00	0.0677	11.72	515.6	401.49	0.0544	387.1	6.968	13.26	6.96	1.69
	95.99	38.44	75.65	0.00	0.0677	11.73	516.1	401.68	0.0544	385.3	6.935	13.19	6.89	1.69
	97.00	38.42	75.59	0.00	0.0677	11.73	516.3	402.11	0.0544	386.5	6.957	13.24	6.93	1.69
	98.02	38.42	75.59	0.00	0.0677	11.73	515.9	401.80	0.0547	386.9	6.963	13.26	6.95	1.69
	99.00	38.43	75.62	0.00	0.0678	11.73	516.3	401.96	0.0556	394.7	7.104	13.52	7.24	1.69
	100.01	38.41	75.62	-0.00	0.0677	11.74	516.5	402.13	0.0554	397.4	7.154	13.61	7.34	1.69
	101.00	38.43	75.62	0.00	0.0677	11.73	516.2	401.89	0.0550	393.5	7.084	13.48	7.20	1.69
	102.01	38.41	75.62	-0.00	0.0677	11.73	516.3	401.94	0.0552	394.5	7.101	13.51	7.23	1.70
	102.99	38.41	75.59	0.00	0.0677	11.73	516.1	401.92	0.0553	394.8	7.106	13.53	7.24	1.70
	104.00	38.41	75.62	-0.00	0.0677	11.73	516.0	401.70	0.0552	393.4	7.082	13.48	7.19	1.70
	104.99	38.39	75.62	0.00	0.0677	11.73	516.1	401.76	0.0549	393.9	7.089	13.49	7.21	1.70
	106.00	38.43	75.62	-0.00	0.0677	11.73	515.9	401.69	0.0551	392.5	7.065	13.45	7.16	1.69
	107.00	38.44	75.62	-0.00	0.0676	11.71	515.4	401.26	0.0541	384.7	6.925	13.18	6.87	1.70
	108.08	38.44	75.62	-0.00	0.0676	11.71	515.0	401.00	0.0540	381.9	6.874	13.08	6.76	1.70
	109.00	38.48	75.59	0.00	0.0677	11.71	515.2	401.35	0.0545	387.2	6.970	13.27	6.96	1.70
	110.00	38.48	75.57	0.00	0.0676	11.71	515.5	401.65	0.0541	384.5	6.920	13.18	6.86	1.70
	110.99	38.50	75.62	0.00	0.0676	11.71	515.2	401.24	0.0545	385.9	6.947	13.22	6.92	1.70
	111.99	38.49	75.65	0.00	0.0676	11.70	515.0	400.91	0.0551	391.6	7.049	13.41	7.13	1.70
	112.99	38.44	75.62	0.00	0.0676	11.71	515.5	401.33	0.0549	391.9	7.054	13.42	7.14	1.70
	113.99	38.50	75.65	0.00	0.0676	11.72	515.5	401.30	0.0550	393.9	7.090	13.49	7.21	1.70
	115.07	38.45	75.62	0.00	0.0676	11.71	515.1	401.07	0.0549	390.5	7.028	13.38	7.08	1.70
	116.00	38.50	75.62	-0.00	0.0676	11.70	515.0	401.04	0.0547	388.5	6.993	13.31	7.01	1.70
	116.98	38.50	75.62	0.00	0.0676	11.71	515.4	401.36	0.0556	396.6	7.138	13.59	7.31	1.70
	118.00	38.50	75.62	-0.00	0.0676	11.70	514.6	400.77	0.0548	390.0	7.019	13.36	7.07	1.70
	119.00	38.49	75.62	-0.00	0.0675	11.70	514.8	400.84	0.0551	391.8	7.052	13.42	7.13	1.70
	120.01	38.45	75.59	-0.00	0.0677	11.73	516.0	401.93	0.0568	408.8	7.358	14.01	7.75	1.70
