Jul 22 2015 at 10:34:30
Frequency: 1.00Hz.
CO2
Zero:  Value:0.95  Date:18 Mar 2005	 at 07:22:33	
Span:  Value:1.00  Date:18 Mar 2005	 at 07:25:09	
H2O
Zero:  Value:0.71  Date:18 Mar 2005	 at 07:52:31	
Span:  Value:0.99  Date:18 Mar 2005	 at 11:44:01	
	Relative Time	Temperature	Pressure	Aux Input	CO2 Absorptance	CO2 mmol/m3	CO2 mg/m3	CO2 umol/mol	H2O Absorptance	H2O mmol/m3	H2O g/m3	H2O mmol/mol	H2O(°C)	Cooler Voltage
	0.45	30.46	73.48	0.00	0.0620	10.58	465.6	363.47	0.0928	848.7	15.276	29.15	18.54	1.68
	1.47	30.47	73.51	0.00	0.0616	10.46	460.2	359.13	0.0943	879.2	15.826	30.19	19.10	1.67
	2.45	30.44	73.51	0.00	0.0622	10.57	465.1	362.94	0.0940	870.5	15.669	29.89	18.94	1.68
	3.46	30.44	73.54	0.00	0.0625	10.69	470.3	366.91	0.0928	847.8	15.260	29.10	18.52	1.68
	4.46	30.45	73.51	0.00	0.0635	10.86	478.0	373.05	0.0895	804.8	14.487	27.64	17.69	1.67
	5.48	30.46	73.51	-0.00	0.0630	10.78	474.3	370.19	0.0912	826.0	14.868	28.36	18.10	1.67
	6.46	30.48	73.48	-0.00	0.0627	10.70	471.0	367.70	0.0921	842.9	15.172	28.96	18.43	1.67
	7.46	30.44	73.51	0.00	0.0626	10.66	469.2	366.15	0.0921	842.0	15.155	28.91	18.41	1.67
	8.46	30.48	73.54	0.00	0.0637	10.89	479.2	373.89	0.0880	793.9	14.289	27.25	17.48	1.68
	9.45	30.50	73.54	0.00	0.0638	10.94	481.5	375.69	0.0877	779.6	14.033	26.76	17.19	1.67
	10.45	30.46	73.51	0.00	0.0637	10.93	481.1	375.44	0.0878	780.3	14.046	26.79	17.20	1.67
	11.45	30.46	73.51	0.00	0.0637	10.92	480.4	374.90	0.0880	782.4	14.084	26.87	17.25	1.67
	12.48	30.48	73.48	-0.00	0.0635	10.89	479.2	374.10	0.0882	786.3	14.154	27.01	17.32	1.67
	13.48	30.44	73.51	0.00	0.0636	10.90	479.8	374.42	0.0882	787.0	14.166	27.02	17.34	1.68
	14.46	30.48	73.54	0.00	0.0635	10.90	479.4	374.03	0.0883	788.9	14.200	27.08	17.38	1.68
	15.47	30.46	73.51	-0.00	0.0634	10.87	478.3	373.30	0.0884	790.4	14.228	27.14	17.41	1.67
	16.47	30.46	73.48	-0.00	0.0634	10.87	478.1	373.22	0.0887	793.6	14.285	27.26	17.47	1.67
	17.46	30.44	73.51	-0.00	0.0633	10.85	477.6	372.69	0.0887	792.9	14.273	27.23	17.46	1.68
	18.45	30.44	73.51	0.00	0.0633	10.84	477.0	372.23	0.0887	793.9	14.290	27.26	17.47	1.67
	19.47	30.44	73.48	-0.00	0.0633	10.84	477.0	372.35	0.0892	801.0	14.418	27.51	17.62	1.68
	20.47	30.43	73.51	-0.00	0.0632	10.83	476.6	371.91	0.0893	803.5	14.464	27.59	17.67	1.68
	21.47	30.44	73.48	-0.00	0.0633	10.82	476.0	371.59	0.0896	802.4	14.443	27.56	17.64	1.67
	22.53	30.46	73.51	0.00	0.0633	10.82	476.0	371.50	0.0896	806.6	14.518	27.70	17.73	1.67
	23.45	30.46	73.51	0.00	0.0632	10.83	476.4	371.80	0.0897	807.3	14.532	27.72	17.74	1.68
	24.46	30.46	73.48	0.00	0.0633	10.84	476.7	372.19	0.0899	808.4	14.552	27.77	17.76	1.67
	25.46	30.46	73.54	-0.00	0.0632	10.81	475.8	371.19	0.0896	805.2	14.494	27.64	17.70	1.68
	26.47	30.44	73.51	0.00	0.0632	10.83	476.4	371.76	0.0896	805.6	14.501	27.66	17.71	1.68
	27.46	30.46	73.48	0.00	0.0631	10.81	475.6	371.30	0.0898	808.4	14.551	27.77	17.76	1.68
	28.45	30.48	73.48	0.00	0.0631	10.80	475.1	370.92	0.0898	809.9	14.577	27.82	17.79	1.67
	29.53	30.46	73.51	0.00	0.0632	10.82	476.0	371.52	0.0901	812.7	14.628	27.91	17.85	1.68
	30.47	30.46	73.48	-0.00	0.0631	10.81	475.5	371.18	0.0899	811.7	14.611	27.88	17.83	1.68
	31.47	30.48	73.51	-0.00	0.0630	10.78	474.4	370.22	0.0900	811.7	14.610	27.87	17.83	1.68
	32.46	30.46	73.51	-0.00	0.0631	10.78	474.4	370.20	0.0900	811.2	14.602	27.85	17.82	1.68
	33.46	30.44	73.51	0.00	0.0629	10.76	473.6	369.57	0.0908	820.3	14.765	28.16	17.99	1.67
	34.48	30.44	73.54	-0.00	0.0630	10.76	473.6	369.48	0.0901	816.0	14.688	28.01	17.91	1.68
	35.46	30.46	73.51	0.00	0.0630	10.79	474.6	370.43	0.0906	819.6	14.753	28.15	17.98	1.68
	36.46	30.44	73.51	0.00	0.0629	10.76	473.6	369.56	0.0907	818.7	14.737	28.11	17.96	1.68
	37.47	30.48	73.51	-0.00	0.0630	10.77	473.9	369.90	0.0900	808.2	14.548	27.75	17.76	1.68
	38.45	30.47	73.51	0.00	0.0629	10.78	474.1	370.03	0.0902	812.9	14.633	27.92	17.85	1.68
	39.45	30.44	73.48	0.00	0.0629	10.76	473.3	369.51	0.0907	822.1	14.798	28.24	18.03	1.68
	40.47	30.41	73.51	-0.00	0.0629	10.75	472.9	369.00	0.0908	824.3	14.837	28.30	18.07	1.68
	41.48	30.48	73.51	-0.00	0.0630	10.75	473.1	369.23	0.0907	826.1	14.870	28.37	18.11	1.68
	42.48	30.46	73.51	0.00	0.0627	10.73	472.0	368.37	0.0916	832.6	14.986	28.59	18.23	1.68
	43.46	30.46	73.51	-0.00	0.0627	10.72	471.7	368.13	0.0915	831.1	14.960	28.54	18.20	1.68
	44.48	30.46	73.51	-0.00	0.0626	10.67	469.7	366.56	0.0917	833.3	14.999	28.61	18.25	1.68
	45.46	30.43	73.51	-0.00	0.0625	10.67	469.4	366.28	0.0918	840.5	15.129	28.86	18.38	1.68
	46.46	30.43	73.54	0.00	0.0627	10.70	470.7	367.19	0.0905	828.2	14.908	28.43	18.15	1.68
	47.46	30.42	73.51	0.00	0.0626	10.71	471.3	367.80	0.0915	828.6	14.915	28.45	18.15	1.67
	48.45	30.41	73.51	0.00	0.0626	10.68	469.8	366.58	0.0916	835.7	15.042	28.69	18.29	1.68
	49.45	30.46	73.43	0.00	0.0624	10.65	468.7	366.15	0.0921	842.1	15.158	28.95	18.41	1.68
	50.47	30.43	73.51	-0.00	0.0626	10.68	470.1	366.86	0.0917	835.8	15.044	28.70	18.29	1.67
	51.47	30.43	73.54	0.00	0.0626	10.68	470.0	366.63	0.0919	837.2	15.069	28.73	18.32	1.67
	52.46	30.50	73.48	0.00	0.0625	10.68	469.7	366.76	0.0916	829.3	14.927	28.49	18.17	1.68
	53.46	30.44	73.48	0.00	0.0626	10.69	470.2	367.04	0.0916	833.6	15.006	28.63	18.25	1.68
	54.46	30.46	73.51	0.00	0.0624	10.66	469.0	366.03	0.0923	841.4	15.145	28.89	18.40	1.68
	55.54	30.41	73.51	0.00	0.0624	10.65	468.6	365.61	0.0925	847.2	15.250	29.09	18.51	1.68
	56.46	30.44	73.51	0.00	0.0624	10.65	468.6	365.72	0.0923	841.5	15.147	28.89	18.40	1.68
	57.44	30.46	73.54	0.00	0.0625	10.66	468.9	365.82	0.0922	843.3	15.179	28.95	18.43	1.67
	58.47	30.48	73.48	0.00	0.0624	10.65	468.5	365.80	0.0920	840.9	15.137	28.89	18.39	1.68
	59.53	30.41	73.48	0.00	0.0623	10.62	467.5	364.90	0.0925	847.9	15.262	29.12	18.52	1.68
	60.45	30.44	73.48	0.00	0.0621	10.59	465.8	363.58	0.0930	853.4	15.362	29.31	18.63	1.68
	61.45	30.48	73.51	0.00	0.0621	10.58	465.4	363.22	0.0928	853.6	15.365	29.31	18.63	1.68
	62.48	30.46	73.51	-0.00	0.0624	10.63	467.5	364.87	0.0916	838.3	15.089	28.79	18.34	1.68
	63.48	30.46	73.48	-0.00	0.0623	10.62	467.3	364.80	0.0923	844.3	15.197	29.00	18.45	1.68
	64.46	30.44	73.51	0.00	0.0622	10.60	466.4	363.92	0.0927	847.8	15.260	29.11	18.52	1.68
	65.47	30.44	73.51	-0.00	0.0620	10.58	465.6	363.35	0.0931	851.4	15.325	29.23	18.59	1.68
	66.53	30.43	73.51	0.00	0.0621	10.57	465.2	362.98	0.0927	853.3	15.360	29.30	18.62	1.68
	67.45	30.43	73.48	0.00	0.0621	10.59	466.1	363.87	0.0930	846.4	15.235	29.07	18.49	1.68
	68.47	30.44	73.54	0.00	0.0619	10.54	463.7	361.70	0.0939	866.0	15.588	29.72	18.86	1.68
	69.45	30.46	73.54	0.00	0.0619	10.53	463.3	361.41	0.0938	867.3	15.612	29.77	18.88	1.68
	70.54	30.46	73.54	-0.00	0.0618	10.52	463.0	361.25	0.0939	865.6	15.581	29.71	18.85	1.68
	71.45	30.46	73.51	0.00	0.0620	10.54	463.9	362.03	0.0937	865.6	15.582	29.72	18.85	1.68
	72.48	30.47	73.51	-0.00	0.0620	10.53	463.4	361.66	0.0933	863.9	15.550	29.67	18.82	1.68
	73.46	30.46	73.51	-0.00	0.0619	10.53	463.2	361.47	0.0939	866.8	15.602	29.76	18.87	1.68
	74.44	30.46	73.54	0.00	0.0619	10.52	462.9	361.16	0.0938	865.0	15.570	29.69	18.84	1.68
	75.46	30.43	73.51	0.00	0.0618	10.53	463.4	361.58	0.0935	855.9	15.407	29.39	18.67	1.68
	76.46	30.44	73.54	0.00	0.0620	10.54	463.9	361.88	0.0924	848.9	15.280	29.14	18.54	1.68
	77.55	30.41	73.51	-0.00	0.0620	10.54	463.6	361.74	0.0932	862.7	15.529	29.62	18.80	1.68
	78.45	30.44	73.51	0.00	0.0618	10.52	463.0	361.27	0.0942	874.2	15.735	30.02	19.01	1.68
	79.48	30.44	73.48	-0.00	0.0619	10.53	463.2	361.62	0.0939	870.9	15.676	29.91	18.95	1.68
	80.47	30.46	73.51	0.00	0.0619	10.55	464.1	362.19	0.0934	860.7	15.493	29.56	18.76	1.68
	81.46	30.43	73.51	0.00	0.0619	10.54	463.6	361.79	0.0934	859.6	15.473	29.51	18.74	1.68
	82.46	30.44	73.51	0.00	0.0619	10.54	463.8	361.94	0.0938	864.6	15.563	29.69	18.83	1.68
	83.46	30.44	73.51	0.00	0.0618	10.51	462.6	360.99	0.0943	874.7	15.744	30.03	19.02	1.68
	84.46	30.46	73.51	0.00	0.0618	10.51	462.5	360.96	0.0943	873.3	15.720	29.99	19.00	1.68
	85.46	30.43	73.54	0.00	0.0618	10.52	462.7	360.91	0.0943	874.0	15.731	30.00	19.00	1.68
	86.46	30.46	73.51	0.00	0.0618	10.52	462.9	361.27	0.0944	874.1	15.734	30.01	19.01	1.68
	87.45	30.47	73.54	0.00	0.0617	10.50	462.0	360.43	0.0948	878.7	15.817	30.16	19.09	1.68
	88.47	30.44	73.51	0.00	0.0615	10.47	460.6	359.43	0.0948	878.6	15.815	30.17	19.09	1.68
	89.45	30.46	73.48	-0.00	0.0618	10.50	462.1	360.80	0.0943	877.2	15.790	30.13	19.07	1.68
	90.47	30.46	73.54	0.00	0.0616	10.49	461.7	360.22	0.0947	876.9	15.784	30.10	19.06	1.68
	91.46	30.46	73.54	0.00	0.0617	10.49	461.5	360.06	0.0945	876.1	15.770	30.07	19.05	1.68
	92.46	30.44	73.48	0.00	0.0616	10.48	460.9	359.81	0.0950	884.4	15.920	30.38	19.20	1.68
	93.46	30.46	73.54	0.00	0.0616	10.48	461.1	359.74	0.0946	878.5	15.814	30.16	19.09	1.68
	94.47	30.46	73.51	-0.00	0.0617	10.49	461.4	360.10	0.0947	876.5	15.777	30.10	19.05	1.68
	95.47	30.43	73.48	-0.00	0.0616	10.48	461.3	360.11	0.0950	883.5	15.903	30.35	19.18	1.68
	96.46	30.46	73.48	-0.00	0.0615	10.48	461.1	359.99	0.0953	882.1	15.879	30.30	19.16	1.68
	97.45	30.44	73.54	0.00	0.0615	10.47	460.6	359.30	0.0945	878.0	15.803	30.13	19.08	1.68
	98.45	30.43	73.48	-0.00	0.0617	10.50	462.1	360.74	0.0949	874.6	15.742	30.04	19.02	1.68
	99.47	30.46	73.51	0.00	0.0617	10.50	461.9	360.45	0.0945	874.5	15.740	30.03	19.02	1.68
	100.48	30.46	73.54	-0.00	0.0616	10.50	462.0	360.43	0.0951	876.9	15.783	30.10	19.06	1.68
	101.46	30.44	73.51	-0.00	0.0615	10.45	459.9	358.92	0.0953	888.9	16.001	30.52	19.28	1.68
	102.46	30.42	73.51	0.00	0.0615	10.43	459.1	358.25	0.0956	891.7	16.051	30.62	19.33	1.68
	103.46	30.44	73.51	-0.00	0.0615	10.44	459.5	358.55	0.0952	887.8	15.981	30.48	19.26	1.68
	104.47	30.44	73.48	0.00	0.0615	10.46	460.4	359.44	0.0952	885.9	15.945	30.43	19.22	1.68
	105.46	30.44	73.51	0.00	0.0612	10.47	460.5	359.35	0.0964	887.6	15.977	30.48	19.25	1.68
	106.44	30.44	73.51	0.00	0.0614	10.41	458.2	357.57	0.0956	894.7	16.105	30.72	19.38	1.68
	107.55	30.43	73.48	-0.00	0.0614	10.43	459.0	358.32	0.0954	891.6	16.049	30.63	19.33	1.68
	108.47	30.46	73.51	-0.00	0.0614	10.44	459.3	358.45	0.0954	889.5	16.010	30.54	19.29	1.68
	109.48	30.48	73.56	-0.00	0.0614	10.44	459.5	358.37	0.0956	890.7	16.033	30.57	19.31	1.68
	110.45	30.46	73.48	0.00	0.0613	10.38	456.9	356.68	0.0959	900.0	16.201	30.92	19.48	1.68
	111.46	30.48	73.51	0.00	0.0613	10.43	458.8	358.06	0.0957	891.9	16.053	30.63	19.33	1.68
	112.46	30.44	73.48	-0.00	0.0608	10.33	454.5	354.77	0.0970	909.2	16.365	31.23	19.64	1.68
	113.44	30.44	73.51	0.00	0.0611	10.37	456.2	355.98	0.0961	900.9	16.215	30.93	19.49	1.68
	114.46	30.45	73.51	0.00	0.0613	10.39	457.3	356.89	0.0960	896.3	16.134	30.78	19.41	1.68
	115.44	30.46	73.51	0.00	0.0612	10.39	457.3	356.93	0.0961	899.0	16.182	30.87	19.46	1.68
	116.47	30.46	73.51	-0.00	0.0608	10.30	453.4	353.83	0.0969	914.4	16.459	31.40	19.73	1.68
	117.45	30.46	73.51	-0.00	0.0611	10.38	456.8	356.53	0.0964	896.8	16.143	30.80	19.42	1.68
	118.47	30.43	73.51	0.00	0.0611	10.39	457.0	356.65	0.0963	897.9	16.162	30.83	19.44	1.68
	119.47	30.48	73.51	-0.00	0.0608	10.32	454.1	354.39	0.0973	913.1	16.436	31.36	19.71	1.68
	120.46	30.50	73.51	0.00	0.0609	10.33	454.3	354.59	0.0968	907.6	16.337	31.17	19.62	1.68
