Jul 22 2015 at 11:10:22
Frequency: 1.00Hz.
CO2
Zero:  Value:0.95  Date:18 Mar 2005	 at 07:22:33	
Span:  Value:1.00  Date:18 Mar 2005	 at 07:25:09	
H2O
Zero:  Value:0.71  Date:18 Mar 2005	 at 07:52:31	
Span:  Value:0.99  Date:18 Mar 2005	 at 11:44:01	
	Relative Time	Temperature	Pressure	Aux Input	CO2 Absorptance	CO2 mmol/m3	CO2 mg/m3	CO2 umol/mol	H2O Absorptance	H2O mmol/m3	H2O g/m3	H2O mmol/mol	H2O(°C)	Cooler Voltage
	0.05	31.49	73.54	-0.00	0.0660	11.45	503.8	394.42	0.0740	595.5	10.718	20.51	13.05	1.71
	1.04	31.49	73.51	0.00	0.0661	11.46	504.0	394.69	0.0734	599.5	10.790	20.65	13.15	1.71
	2.03	31.49	73.54	0.00	0.0661	11.48	504.9	395.26	0.0734	596.6	10.738	20.55	13.08	1.71
	3.04	31.49	73.54	-0.00	0.0661	11.47	504.6	394.98	0.0734	598.3	10.769	20.61	13.12	1.72
	4.04	31.49	73.48	0.00	0.0661	11.45	503.8	394.62	0.0740	602.8	10.850	20.78	13.24	1.71
	5.02	31.49	73.51	0.00	0.0660	11.44	503.4	394.21	0.0743	608.9	10.960	20.98	13.39	1.71
	6.04	31.54	73.54	0.00	0.0805	11.45	503.9	394.52	0.0805	606.5	10.917	20.89	13.34	1.71
	7.04	31.54	73.51	-0.00	0.0661	11.46	504.1	394.81	0.0744	608.7	10.957	20.98	13.39	1.71
	8.05	31.49	73.51	-0.00	0.0662	11.47	504.7	395.21	0.0744	608.7	10.956	20.97	13.39	1.71
	9.03	31.49	73.54	0.00	0.0661	11.46	504.4	394.86	0.0745	610.4	10.988	21.03	13.43	1.72
	10.03	31.49	73.51	0.00	0.0661	11.46	504.3	394.91	0.0746	612.7	11.029	21.11	13.49	1.71
	11.04	31.52	73.54	0.00	0.0661	11.45	503.9	394.52	0.0746	611.9	11.015	21.08	13.47	1.71
	12.03	31.54	73.51	0.00	0.0661	11.45	504.0	394.73	0.0746	611.9	11.014	21.09	13.47	1.71
	13.04	31.56	73.54	0.00	0.0661	11.47	504.6	395.06	0.0745	611.0	10.997	21.05	13.45	1.71
	14.04	31.51	73.51	-0.00	0.0661	11.46	504.4	395.03	0.0744	609.0	10.962	20.98	13.40	1.71
	15.05	31.56	73.51	-0.00	0.0661	11.46	504.3	395.03	0.0742	608.1	10.946	20.96	13.38	1.72
	16.04	31.55	73.51	-0.00	0.0661	11.47	504.8	395.40	0.0743	608.1	10.945	20.95	13.38	1.71
	17.04	31.55	73.51	0.00	0.0661	11.47	504.6	395.21	0.0743	608.3	10.949	20.96	13.38	1.71
	18.10	31.54	73.51	0.00	0.0661	11.45	503.9	394.68	0.0743	607.9	10.942	20.95	13.37	1.71
	19.03	31.53	73.48	0.00	0.0660	11.45	503.7	394.59	0.0743	607.5	10.935	20.94	13.36	1.71
	20.03	31.54	73.54	0.00	0.0660	11.45	504.0	394.57	0.0743	607.7	10.938	20.93	13.36	1.71
	21.05	31.54	73.51	-0.00	0.0661	11.47	504.6	395.22	0.0742	608.2	10.947	20.96	13.38	1.72
	22.04	31.49	73.51	0.00	0.0660	11.45	503.8	394.48	0.0742	607.4	10.933	20.93	13.36	1.72
	23.03	31.56	73.51	0.00	0.0660	11.45	503.6	394.44	0.0743	607.6	10.938	20.94	13.36	1.71
	24.04	31.54	73.48	0.00	0.0660	11.44	503.2	394.26	0.0742	607.6	10.937	20.95	13.36	1.71
	25.04	31.54	73.51	0.00	0.0660	11.44	503.3	394.17	0.0743	607.0	10.926	20.92	13.35	1.71
	26.02	31.56	73.51	0.00	0.0660	11.44	503.5	394.39	0.0743	607.2	10.930	20.93	13.35	1.72
	27.04	31.50	73.48	0.00	0.0660	11.45	503.6	394.53	0.0742	607.3	10.931	20.93	13.35	1.72
	28.05	31.48	73.48	0.00	0.0661	11.46	504.1	394.83	0.0742	607.4	10.933	20.93	13.36	1.72
	29.13	31.56	73.51	-0.00	0.0661	11.46	504.1	394.81	0.0741	606.9	10.924	20.91	13.35	1.72
	30.05	31.58	73.51	-0.00	0.0661	11.45	504.0	394.78	0.0742	606.8	10.922	20.91	13.34	1.71
	31.04	31.56	73.54	-0.00	0.0660	11.46	504.1	394.71	0.0739	604.1	10.874	20.81	13.28	1.72
	32.04	31.57	73.48	-0.00	0.0660	11.44	503.4	394.44	0.0738	603.3	10.859	20.80	13.25	1.72
	33.03	31.57	73.51	0.00	0.0660	11.45	503.7	394.51	0.0739	603.9	10.870	20.81	13.27	1.72
	34.04	31.58	73.51	0.00	0.0660	11.45	503.8	394.63	0.0740	604.5	10.882	20.84	13.29	1.72
	35.02	31.55	73.51	0.00	0.0660	11.45	503.9	394.70	0.0739	604.5	10.880	20.83	13.28	1.72
	36.04	31.53	73.54	0.00	0.0661	11.45	504.0	394.59	0.0740	604.3	10.878	20.82	13.28	1.72
	37.05	31.56	73.51	-0.00	0.0661	11.46	504.3	394.99	0.0740	604.3	10.878	20.83	13.28	1.71
	38.05	31.51	73.48	-0.00	0.0660	11.44	503.4	394.38	0.0738	602.4	10.843	20.76	13.23	1.72
	39.03	31.51	73.51	0.00	0.0660	11.45	503.7	394.44	0.0737	603.1	10.855	20.78	13.25	1.72
	40.05	31.48	73.48	-0.00	0.0660	11.45	503.7	394.57	0.0739	603.5	10.863	20.80	13.26	1.72
	41.04	31.47	73.51	-0.00	0.0661	11.43	503.0	393.89	0.0738	602.1	10.839	20.74	13.22	1.72
	42.04	31.47	73.51	-0.00	0.0661	11.44	503.5	394.23	0.0739	602.8	10.850	20.77	13.24	1.72
	43.04	31.43	73.51	0.00	0.0661	11.47	504.6	395.05	0.0740	604.7	10.884	20.83	13.28	1.72
	44.02	31.47	73.51	0.00	0.0661	11.42	502.7	393.59	0.0739	601.5	10.828	20.72	13.21	1.72
	45.05	31.45	73.51	-0.00	0.0660	11.43	503.1	393.91	0.0737	602.5	10.846	20.76	13.23	1.72
	46.04	31.43	73.51	-0.00	0.0660	11.44	503.2	393.99	0.0739	602.9	10.852	20.77	13.24	1.72
	47.03	31.43	73.48	0.00	0.0660	11.45	503.9	394.66	0.0739	604.4	10.880	20.83	13.28	1.72
	48.03	31.41	73.51	-0.00	0.0660	11.45	503.6	394.25	0.0740	604.6	10.883	20.83	13.28	1.72
	49.02	31.39	73.51	0.00	0.0660	11.43	502.8	393.61	0.0739	602.9	10.853	20.77	13.24	1.72
	50.05	31.41	73.51	0.00	0.0660	11.44	503.5	394.18	0.0740	604.4	10.880	20.82	13.28	1.72
	51.03	31.39	73.54	0.00	0.0660	11.44	503.6	394.06	0.0740	605.1	10.892	20.83	13.29	1.72
	52.04	31.39	73.48	0.00	0.0660	11.44	503.2	394.08	0.0740	604.7	10.884	20.84	13.28	1.72
	53.04	31.37	73.51	-0.00	0.0659	11.43	503.0	393.70	0.0739	603.8	10.868	20.79	13.26	1.72
	54.05	31.34	73.51	-0.00	0.0660	11.43	502.9	393.62	0.0740	603.5	10.862	20.78	13.25	1.72
	55.04	31.37	73.53	-0.00	0.0658	11.41	502.0	392.82	0.0736	601.7	10.831	20.72	13.21	1.72
	56.04	31.39	73.51	0.00	0.0660	11.43	502.8	393.64	0.0740	604.0	10.872	20.80	13.26	1.72
	57.03	31.37	73.51	0.00	0.0659	11.43	503.0	393.73	0.0740	605.2	10.894	20.85	13.30	1.72
	58.05	31.33	73.51	-0.00	0.0660	11.42	502.3	393.15	0.0741	603.8	10.868	20.79	13.26	1.72
	59.05	31.31	73.51	-0.00	0.0661	11.43	502.9	393.56	0.0743	605.1	10.893	20.84	13.29	1.72
	60.05	31.33	73.54	-0.00	0.0660	11.46	504.0	394.35	0.0741	607.9	10.942	20.93	13.36	1.72
	61.03	31.35	73.51	0.00	0.0659	11.43	502.8	393.53	0.0741	605.2	10.894	20.84	13.29	1.72
	62.04	31.35	73.51	-0.00	0.0659	11.42	502.6	393.43	0.0741	605.1	10.892	20.84	13.29	1.72
	63.04	31.35	73.51	0.00	0.0660	11.44	503.5	394.09	0.0742	608.2	10.947	20.95	13.37	1.72
	64.04	31.33	73.51	0.00	0.0659	11.44	503.5	394.04	0.0741	607.9	10.943	20.94	13.36	1.72
	65.02	31.33	73.51	0.00	0.0660	11.42	502.5	393.30	0.0743	605.3	10.895	20.84	13.29	1.72
	66.03	31.30	73.51	0.00	0.0660	11.44	503.6	394.09	0.0743	608.5	10.954	20.95	13.37	1.72
	67.03	31.31	73.51	-0.00	0.0660	11.43	502.8	393.46	0.0742	605.8	10.905	20.86	13.31	1.72
	68.05	31.29	73.51	-0.00	0.0659	11.43	502.7	393.42	0.0743	606.8	10.922	20.89	13.33	1.72
	69.09	31.27	73.51	0.00	0.0659	11.43	503.1	393.66	0.0742	607.9	10.943	20.93	13.36	1.72
	70.03	31.27	73.54	0.00	0.0660	11.42	502.3	392.92	0.0743	606.7	10.921	20.88	13.33	1.72
	71.04	31.25	73.51	0.00	0.0660	11.44	503.5	393.93	0.0744	608.9	10.960	20.96	13.38	1.72
	72.03	31.30	73.51	0.00	0.0659	11.40	501.5	392.44	0.0741	603.7	10.866	20.79	13.25	1.72
	73.04	31.27	73.54	0.00	0.0660	11.43	503.1	393.51	0.0743	608.0	10.944	20.93	13.36	1.72
	74.02	31.26	73.54	0.00	0.0661	11.46	504.2	394.41	0.0746	612.5	11.024	21.08	13.47	1.72
	75.04	31.29	73.51	0.00	0.0659	11.42	502.3	393.07	0.0743	607.3	10.931	20.91	13.34	1.72
	76.02	31.31	73.51	0.00	0.0660	11.43	502.7	393.45	0.0744	608.6	10.955	20.96	13.38	1.72
	77.03	31.33	73.48	0.00	0.0660	11.43	503.0	393.84	0.0745	609.0	10.963	20.98	13.39	1.72
	78.05	31.34	73.51	0.00	0.0659	11.40	501.7	392.70	0.0742	605.5	10.899	20.85	13.30	1.72
	79.05	31.29	73.51	-0.00	0.0660	11.43	502.7	393.40	0.0744	608.6	10.954	20.95	13.37	1.72
	80.04	31.31	73.56	0.00	0.0659	11.42	502.4	392.90	0.0743	609.1	10.964	20.96	13.39	1.72
	81.04	31.29	73.51	-0.00	0.0659	11.34	499.1	390.57	0.0743	600.8	10.814	20.69	13.18	1.72
	82.04	31.31	73.54	0.00	0.0660	11.43	502.9	393.46	0.0745	611.0	10.998	21.03	13.44	1.72
	83.04	31.33	73.54	-0.00	0.0659	11.42	502.6	393.23	0.0745	611.2	11.001	21.04	13.44	1.72
	84.04	31.35	73.51	0.00	0.0659	11.44	503.3	393.96	0.0745	613.2	11.038	21.12	13.50	1.72
	85.10	31.33	73.48	0.00	0.0660	11.42	502.4	393.37	0.0746	610.8	10.995	21.04	13.43	1.73
	86.03	31.37	73.48	0.00	0.0659	11.43	502.9	393.81	0.0746	613.0	11.033	21.12	13.49	1.72
	87.03	31.39	73.54	0.00	0.0658	11.41	501.9	392.75	0.0744	610.4	10.987	21.02	13.43	1.72
	88.02	31.39	73.54	0.00	0.0660	11.44	503.3	393.81	0.0747	614.1	11.054	21.15	13.52	1.73
	89.03	31.40	73.54	0.00	0.0660	11.44	503.3	393.88	0.0748	613.9	11.051	21.14	13.52	1.72
	90.01	31.43	73.51	0.00	0.0659	11.40	501.8	392.88	0.0745	609.7	10.974	21.00	13.41	1.73
	91.04	31.43	73.51	0.00	0.0658	11.41	501.8	392.90	0.0744	610.4	10.987	21.03	13.43	1.73
	92.04	31.41	73.54	-0.00	0.0658	11.38	500.7	391.86	0.0744	607.8	10.940	20.93	13.36	1.72
	93.04	31.41	73.54	0.00	0.0657	11.39	501.2	392.20	0.0741	609.8	10.977	21.00	13.41	1.73
	94.04	31.41	73.51	0.00	0.0657	11.36	499.7	391.22	0.0739	601.5	10.826	20.72	13.20	1.73
	95.05	31.39	73.51	0.00	0.0659	11.35	499.5	391.02	0.0746	603.5	10.864	20.79	13.25	1.73
	96.05	31.45	73.51	-0.00	0.0659	11.42	502.6	393.56	0.0745	611.5	11.006	21.07	13.46	1.73
	97.03	31.43	73.54	0.00	0.0658	11.40	501.4	392.43	0.0741	606.5	10.917	20.89	13.33	1.73
	98.03	31.43	73.54	0.00	0.0659	11.40	501.5	392.49	0.0744	607.7	10.939	20.93	13.36	1.73
	99.01	31.45	73.54	0.00	0.0659	11.40	501.4	392.45	0.0747	609.2	10.966	20.98	13.40	1.73
	100.03	31.45	73.48	0.00	0.0659	11.44	503.3	394.23	0.0743	614.3	11.057	21.17	13.53	1.73
	101.03	31.43	73.51	-0.00	0.0661	11.45	503.9	394.48	0.0749	612.6	11.027	21.10	13.48	1.73
	102.03	31.45	73.51	0.00	0.0657	11.37	500.2	391.62	0.0741	603.5	10.862	20.79	13.25	1.73
	103.04	31.45	73.51	0.00	0.0658	11.44	503.2	393.97	0.0736	610.8	10.995	21.04	13.44	1.73
	104.04	31.41	73.51	-0.00	0.0659	11.41	502.1	393.06	0.0746	608.7	10.957	20.97	13.38	1.73
	105.05	31.43	73.51	-0.00	0.0662	11.45	503.8	394.43	0.0749	614.4	11.059	21.17	13.53	1.73
	106.02	31.43	73.51	0.00	0.0660	11.41	502.2	393.15	0.0748	611.8	11.012	21.07	13.46	1.73
	107.03	31.45	73.51	0.00	0.0660	11.42	502.7	393.60	0.0748	613.8	11.049	21.15	13.51	1.73
	108.03	31.43	73.54	0.00	0.0661	11.46	504.3	394.69	0.0750	616.6	11.099	21.23	13.58	1.73
	109.05	31.41	73.51	-0.00	0.0662	11.50	505.8	395.98	0.0753	620.9	11.176	21.39	13.69	1.73
	110.06	31.41	73.54	-0.00	0.0662	11.47	504.5	394.84	0.0752	618.4	11.131	21.29	13.63	1.73
	111.04	31.39	73.54	-0.00	0.0658	11.41	501.9	392.78	0.0742	611.1	11.000	21.04	13.44	1.73
	112.06	31.42	73.51	-0.00	0.0658	11.44	503.3	394.02	0.0741	612.4	11.023	21.10	13.48	1.73
	113.04	31.32	73.51	-0.00	0.0660	11.41	502.1	392.98	0.0748	610.5	10.990	21.02	13.43	1.73
	114.02	31.37	73.51	0.00	0.0661	11.45	503.6	394.19	0.0748	613.3	11.040	21.12	13.50	1.73
	115.03	31.37	73.46	0.00	0.0658	11.41	501.8	393.10	0.0745	611.1	11.000	21.06	13.44	1.73
	116.02	31.37	73.51	0.00	0.0660	11.46	504.3	394.77	0.0749	617.6	11.118	21.27	13.61	1.73
	117.03	31.34	73.54	0.00	0.0661	11.44	503.4	393.89	0.0750	616.4	11.096	21.22	13.57	1.73
	118.03	31.42	73.53	-0.00	0.0661	11.46	504.2	394.57	0.0751	617.2	11.109	21.25	13.60	1.73
	119.06	31.41	73.51	-0.00	0.0662	11.47	504.5	394.97	0.0752	618.3	11.129	21.30	13.62	1.73
	120.11	31.41	73.51	0.00	0.0659	11.41	502.2	393.12	0.0746	613.7	11.047	21.14	13.51	1.73
	121.06	31.40	73.54	-0.00	0.0660	11.46	504.1	394.50	0.0748	616.2	11.092	21.22	13.57	1.73
	122.04	31.41	73.51	-0.00	0.0662	11.48	505.0	395.35	0.0751	618.0	11.124	21.29	13.62	1.73
