Jul 22 2015 at 15:22:08
Frequency: 1.00Hz.
CO2
Zero:  Value:0.95  Date:18 Mar 2005	 at 07:22:33	
Span:  Value:1.00  Date:18 Mar 2005	 at 07:25:09	
H2O
Zero:  Value:0.71  Date:18 Mar 2005	 at 07:52:31	
Span:  Value:0.99  Date:18 Mar 2005	 at 11:44:01	
	Relative Time	Temperature	Pressure	Aux Input	CO2 Absorptance	CO2 mmol/m3	CO2 mg/m3	CO2 umol/mol	H2O Absorptance	H2O mmol/m3	H2O g/m3	H2O mmol/mol	H2O(°C)	Cooler Voltage
	0.41	36.50	75.54	0.00	0.0682	11.86	521.9	404.21	0.0552	395.4	7.117	13.47	7.18	1.76
	1.40	36.49	75.57	0.00	0.0681	11.84	520.9	403.33	0.0547	389.8	7.016	13.28	6.97	1.76
	2.42	36.50	75.62	-0.00	0.0680	11.79	518.9	401.51	0.0546	389.6	7.013	13.26	6.96	1.76
	3.40	36.50	75.59	0.00	0.0681	11.81	519.6	402.20	0.0542	386.5	6.958	13.16	6.84	1.76
	4.40	36.50	75.59	0.00	0.0681	11.81	519.7	402.22	0.0542	383.1	6.896	13.05	6.72	1.76
	5.49	36.47	75.59	0.00	0.0680	11.80	519.2	401.86	0.0539	382.2	6.880	13.02	6.68	1.76
	6.41	36.60	75.59	-0.00	0.0681	11.80	519.4	402.11	0.0541	383.8	6.909	13.08	6.75	1.76
	7.39	36.59	75.62	0.00	0.0680	11.80	519.3	401.88	0.0536	380.4	6.847	12.95	6.62	1.76
	8.42	36.58	75.62	-0.00	0.0680	11.80	519.0	401.67	0.0535	377.1	6.788	12.84	6.49	1.76
	9.41	36.59	75.59	0.00	0.0679	11.79	518.6	401.49	0.0535	378.1	6.806	12.88	6.53	1.76
	10.42	36.61	75.59	0.00	0.0680	11.79	518.6	401.57	0.0535	378.0	6.805	12.88	6.53	1.76
	11.42	36.63	75.59	0.00	0.0680	11.79	518.7	401.65	0.0537	378.4	6.812	12.89	6.54	1.76
	12.49	36.63	75.59	-0.00	0.0680	11.79	518.7	401.61	0.0537	379.2	6.826	12.92	6.57	1.76
	13.43	36.62	75.59	0.00	0.0679	11.77	517.9	401.02	0.0540	382.4	6.883	13.03	6.69	1.76
	14.49	36.64	75.59	0.00	0.0679	11.76	517.4	400.66	0.0544	386.5	6.958	13.17	6.85	1.76
	15.41	36.70	75.59	0.00	0.0679	11.77	517.9	401.08	0.0547	387.8	6.981	13.22	6.90	1.76
	16.41	36.69	75.59	0.00	0.0679	11.78	518.2	401.32	0.0549	391.5	7.048	13.34	7.04	1.76
	17.43	36.69	75.62	-0.00	0.0680	11.80	519.1	401.86	0.0543	386.0	6.947	13.15	6.83	1.76
	18.41	36.75	75.62	0.00	0.0679	11.75	517.1	400.40	0.0548	390.8	7.034	13.31	7.02	1.76
	19.42	36.77	75.59	0.00	0.0678	11.76	517.4	400.85	0.0548	386.4	6.954	13.17	6.85	1.76
	20.42	36.79	75.59	-0.00	0.0676	11.70	514.8	398.81	0.0556	398.3	7.169	13.58	7.30	1.76
	21.42	36.81	75.59	0.00	0.0676	11.71	515.2	399.13	0.0556	400.3	7.206	13.65	7.37	1.76
	22.42	36.81	75.62	-0.00	0.0676	11.72	515.6	399.32	0.0570	414.4	7.459	14.12	7.88	1.76
	23.43	36.83	75.57	-0.00	0.0676	11.70	514.9	399.09	0.0567	409.3	7.368	13.96	7.70	1.76
	24.41	36.86	75.59	-0.00	0.0675	11.69	514.5	398.68	0.0568	408.9	7.361	13.94	7.69	1.76
	25.43	36.85	75.59	0.00	0.0676	11.70	514.8	398.93	0.0572	414.0	7.451	14.11	7.86	1.76
	26.41	36.88	75.59	0.00	0.0676	11.72	515.6	399.56	0.0567	409.2	7.366	13.95	7.70	1.77
	27.41	36.92	75.62	0.00	0.0676	11.71	515.2	399.18	0.0568	409.6	7.373	13.96	7.71	1.76
	28.41	36.94	75.62	0.00	0.0676	11.71	515.3	399.25	0.0569	411.6	7.408	14.03	7.78	1.76
	29.42	36.93	75.62	-0.00	0.0677	11.72	515.6	399.47	0.0568	410.3	7.386	13.99	7.74	1.76
	30.40	36.93	75.57	-0.00	0.0677	11.72	515.5	399.68	0.0571	412.7	7.428	14.08	7.82	1.76
	31.40	36.90	75.59	0.00	0.0676	11.71	515.2	399.25	0.0569	412.9	7.433	14.08	7.83	1.77
	32.40	36.88	75.59	0.00	0.0677	11.71	515.4	399.43	0.0580	418.2	7.528	14.26	8.01	1.76
	33.40	36.88	75.59	0.00	0.0677	11.72	515.8	399.70	0.0569	409.4	7.369	13.96	7.70	1.76
	34.41	36.85	75.59	-0.00	0.0676	11.72	515.8	399.70	0.0567	408.6	7.354	13.93	7.67	1.76
	35.41	36.85	75.57	-0.00	0.0677	11.72	515.9	399.89	0.0571	412.1	7.418	14.05	7.80	1.76
	36.40	36.91	75.59	0.00	0.0677	11.72	515.7	399.70	0.0573	414.8	7.467	14.15	7.90	1.77
	37.49	36.85	75.57	0.00	0.0677	11.71	515.3	399.41	0.0574	415.0	7.470	14.15	7.90	1.77
	38.41	36.85	75.59	0.00	0.0676	11.71	515.3	399.26	0.0577	417.1	7.508	14.22	7.98	1.77
	39.42	36.82	75.62	0.00	0.0677	11.72	515.6	399.38	0.0580	422.8	7.611	14.41	8.17	1.77
	40.40	36.83	75.62	0.00	0.0677	11.72	515.6	399.39	0.0579	419.4	7.549	14.29	8.05	1.76
	41.42	36.80	75.59	0.00	0.0677	11.72	515.8	399.60	0.0580	421.9	7.594	14.38	8.14	1.77
	42.42	36.81	75.62	-0.00	0.0677	11.72	515.8	399.47	0.0590	433.4	7.802	14.77	8.54	1.77
	43.43	36.83	75.62	-0.00	0.0677	11.72	515.8	399.55	0.0583	427.9	7.703	14.58	8.35	1.77
	44.40	36.86	75.62	0.00	0.0677	11.72	515.6	399.40	0.0577	420.4	7.567	14.33	8.09	1.77
	45.43	36.87	75.62	-0.00	0.0677	11.72	515.7	399.47	0.0587	426.9	7.684	14.55	8.32	1.77
	46.41	36.88	75.62	-0.00	0.0676	11.71	515.1	399.08	0.0596	438.2	7.887	14.94	8.70	1.77
	47.41	36.88	75.57	0.00	0.0676	11.70	514.8	399.09	0.0598	441.7	7.951	15.07	8.82	1.77
	48.41	36.87	75.59	-0.00	0.0676	11.70	514.9	399.01	0.0595	438.8	7.898	14.96	8.72	1.77
	49.42	36.90	75.62	-0.00	0.0676	11.70	514.9	398.92	0.0597	439.0	7.902	14.97	8.73	1.77
	50.40	36.93	75.62	0.00	0.0676	11.71	515.2	399.21	0.0591	436.4	7.855	14.88	8.64	1.77
	51.40	36.93	75.62	0.00	0.0676	11.69	514.4	398.55	0.0603	446.9	8.044	15.23	9.00	1.77
	52.40	36.92	75.62	0.00	0.0675	11.71	515.1	399.08	0.0594	437.7	7.878	14.92	8.69	1.77
	53.41	36.92	75.59	-0.00	0.0675	11.70	515.0	399.13	0.0597	437.2	7.869	14.91	8.67	1.77
	54.41	36.89	75.62	-0.00	0.0676	11.69	514.6	398.64	0.0597	443.7	7.986	15.12	8.89	1.77
	55.41	36.93	75.65	0.00	0.0675	11.69	514.5	398.49	0.0591	442.0	7.956	15.06	8.83	1.77
	56.41	36.89	75.59	-0.00	0.0676	11.71	515.2	399.24	0.0583	425.2	7.654	14.50	8.26	1.77
	57.41	36.93	75.62	-0.00	0.0675	11.70	514.7	398.76	0.0605	440.5	7.928	15.02	8.78	1.77
	58.41	36.93	75.62	-0.00	0.0676	11.69	514.4	398.56	0.0602	443.2	7.977	15.11	8.87	1.77
	59.48	36.95	75.62	-0.00	0.0675	11.69	514.6	398.70	0.0594	437.0	7.866	14.90	8.67	1.77
	60.40	36.92	75.62	-0.00	0.0676	11.70	514.6	398.72	0.0595	436.2	7.852	14.87	8.64	1.77
	61.40	36.95	75.62	0.00	0.0675	11.68	514.1	398.37	0.0600	442.5	7.964	15.09	8.85	1.77
	62.40	36.94	75.62	-0.00	0.0675	11.68	514.1	398.33	0.0598	442.1	7.957	15.07	8.84	1.77
	63.41	36.96	75.59	0.00	0.0675	11.68	514.1	398.53	0.0593	437.5	7.875	14.92	8.68	1.77
	64.41	36.97	75.62	-0.00	0.0676	11.69	514.5	398.68	0.0601	439.6	7.913	14.99	8.75	1.77
	65.41	36.99	75.62	0.00	0.0675	11.69	514.2	398.52	0.0597	438.5	7.893	14.95	8.72	1.77
	66.41	36.99	75.59	0.00	0.0675	11.68	514.1	398.57	0.0598	440.9	7.937	15.04	8.80	1.77
	67.41	36.98	75.59	0.00	0.0675	11.67	513.5	398.09	0.0597	439.9	7.917	15.00	8.76	1.77
	68.50	36.99	75.62	-0.00	0.0675	11.69	514.2	398.45	0.0598	440.8	7.934	15.03	8.79	1.77
	69.42	36.99	75.57	-0.00	0.0674	11.67	513.5	398.23	0.0599	438.9	7.900	14.97	8.73	1.77
	70.43	36.99	75.59	-0.00	0.0675	11.68	514.1	398.57	0.0597	440.6	7.930	15.03	8.79	1.77
	71.42	36.96	75.59	-0.00	0.0675	11.68	513.8	398.30	0.0599	440.0	7.920	15.01	8.77	1.77
	72.43	36.96	75.62	-0.00	0.0674	11.68	513.8	398.15	0.0596	439.2	7.905	14.97	8.74	1.77
	73.48	37.02	75.59	0.00	0.0674	11.68	513.8	398.31	0.0600	442.9	7.972	15.11	8.87	1.77
	74.43	37.04	75.62	-0.00	0.0674	11.67	513.5	398.04	0.0606	447.8	8.060	15.27	9.03	1.77
	75.41	37.02	75.62	0.00	0.0675	11.69	514.1	398.48	0.0606	447.8	8.060	15.27	9.03	1.77
	76.42	37.01	75.59	0.00	0.0675	11.67	513.6	398.16	0.0605	447.3	8.052	15.26	9.01	1.77
	77.41	36.97	75.59	0.00	0.0675	11.69	514.3	398.65	0.0607	449.2	8.085	15.32	9.07	1.77
	78.41	37.04	75.59	0.00	0.0675	11.67	513.7	398.29	0.0607	449.7	8.095	15.34	9.10	1.78
	79.42	36.99	75.59	-0.00	0.0675	11.68	514.1	398.53	0.0608	451.8	8.132	15.41	9.16	1.77
	80.40	36.98	75.57	0.00	0.0674	11.68	513.9	398.49	0.0608	449.6	8.093	15.34	9.09	1.77
	81.40	37.03	75.59	0.00	0.0675	11.67	513.3	397.95	0.0611	453.5	8.163	15.47	9.22	1.77
	82.42	37.04	75.59	-0.00	0.0675	11.67	513.4	398.07	0.0615	457.4	8.234	15.61	9.35	1.77
	83.40	37.01	75.59	0.00	0.0674	11.68	513.8	398.30	0.0613	456.5	8.216	15.57	9.31	1.77
	84.41	37.06	75.62	0.00	0.0675	11.68	513.7	398.22	0.0616	458.9	8.261	15.65	9.40	1.77
	85.39	36.97	75.59	0.00	0.0675	11.68	513.9	398.37	0.0614	456.0	8.208	15.55	9.30	1.77
	86.49	37.02	75.59	-0.00	0.0674	11.68	513.7	398.30	0.0624	466.5	8.397	15.91	9.64	1.77
	87.39	37.04	75.62	0.00	0.0676	11.69	514.5	398.80	0.0619	463.1	8.337	15.79	9.53	1.78
	88.41	36.96	75.62	0.00	0.0675	11.68	514.1	398.39	0.0621	463.8	8.348	15.81	9.55	1.77
	89.40	36.96	75.59	-0.00	0.0675	11.68	514.0	398.45	0.0620	462.4	8.323	15.77	9.50	1.78
	90.40	36.98	75.59	0.00	0.0675	11.68	513.8	398.33	0.0620	459.9	8.279	15.69	9.43	1.78
	91.48	36.96	75.59	0.00	0.0675	11.67	513.5	398.08	0.0614	456.2	8.212	15.56	9.30	1.78
	92.42	36.99	75.62	0.00	0.0674	11.68	513.7	398.12	0.0628	471.7	8.491	16.08	9.80	1.78
	93.40	37.01	75.62	0.00	0.0675	11.67	513.4	397.88	0.0626	469.3	8.448	16.00	9.73	1.78
	94.40	36.97	75.59	0.00	0.0674	11.66	513.2	397.81	0.0638	481.4	8.666	16.42	10.11	1.78
	95.39	36.96	75.57	-0.00	0.0674	11.65	512.6	397.45	0.0628	471.8	8.493	16.10	9.80	1.78
	96.42	36.99	75.59	-0.00	0.0674	11.66	513.0	397.68	0.0637	472.3	8.502	16.11	9.82	1.78
	97.41	36.94	75.62	0.00	0.0674	11.66	513.0	397.50	0.0640	485.6	8.742	16.56	10.24	1.78
	98.42	36.93	75.62	-0.00	0.0674	11.67	513.5	397.83	0.0636	478.5	8.613	16.31	10.01	1.78
	99.40	36.88	75.59	0.00	0.0674	11.67	513.6	398.01	0.0638	481.8	8.672	16.43	10.11	1.78
	100.40	36.86	75.59	0.00	0.0675	11.68	513.8	398.17	0.0638	481.4	8.665	16.41	10.10	1.78
	101.40	36.80	75.57	0.00	0.0674	11.67	513.4	397.86	0.0630	474.6	8.542	16.18	9.88	1.78
	102.48	36.85	75.62	0.00	0.0675	11.68	513.9	398.06	0.0628	470.4	8.466	16.03	9.75	1.78
	103.43	36.86	75.59	0.00	0.0675	11.68	514.0	398.28	0.0628	471.1	8.479	16.06	9.78	1.78
	104.41	36.88	75.59	0.00	0.0674	11.67	513.4	397.87	0.0634	478.1	8.606	16.30	10.00	1.78
	105.41	36.87	75.62	0.00	0.0674	11.68	513.7	397.97	0.0633	475.2	8.553	16.20	9.91	1.78
	106.41	36.90	75.62	0.00	0.0675	11.67	513.7	397.98	0.0636	477.4	8.594	16.27	9.98	1.78
	107.41	36.93	75.62	0.00	0.0675	11.68	514.0	398.22	0.0635	480.3	8.645	16.37	10.07	1.78
	108.42	36.93	75.54	-0.00	0.0675	11.68	513.8	398.48	0.0638	481.0	8.658	16.41	10.09	1.78
	109.40	36.94	75.57	0.00	0.0674	11.67	513.7	398.29	0.0637	481.2	8.662	16.42	10.10	1.78
	110.42	36.96	75.62	-0.00	0.0674	11.68	513.8	398.17	0.0643	487.4	8.774	16.62	10.29	1.78
	111.42	36.97	75.54	-0.00	0.0674	11.67	513.5	398.34	0.0644	487.8	8.781	16.65	10.30	1.78
	112.41	36.93	75.59	0.00	0.0674	11.67	513.3	397.87	0.0653	495.3	8.916	16.89	10.53	1.78
	113.41	36.97	75.59	0.00	0.0673	11.65	512.4	397.20	0.0657	500.2	9.003	17.06	10.68	1.78
	114.41	36.97	75.62	-0.00	0.0674	11.65	512.7	397.32	0.0652	497.1	8.947	16.95	10.58	1.78
	115.49	36.99	75.62	-0.00	0.0674	11.66	513.1	397.65	0.0648	494.0	8.892	16.85	10.49	1.78
	116.41	36.99	75.59	0.00	0.0674	11.66	513.2	397.84	0.0646	489.4	8.810	16.69	10.35	1.78
	117.48	37.02	75.62	0.00	0.0674	11.66	513.1	397.67	0.0650	491.9	8.854	16.77	10.43	1.78
	118.40	37.02	75.62	0.00	0.0674	11.64	512.1	396.92	0.0650	494.7	8.905	16.87	10.52	1.78
	119.40	37.01	75.59	0.00	0.0674	11.66	513.2	397.83	0.0647	491.7	8.851	16.77	10.42	1.78
	120.48	37.02	75.62	0.00	0.0675	11.66	513.1	397.65	0.0646	487.6	8.777	16.63	10.30	1.78
