Jul 22 2015 at 10:13:15
Frequency: 1.00Hz.
CO2
Zero:  Value:0.95  Date:18 Mar 2005	 at 07:22:33	
Span:  Value:1.00  Date:18 Mar 2005	 at 07:25:09	
H2O
Zero:  Value:0.71  Date:18 Mar 2005	 at 07:52:31	
Span:  Value:0.99  Date:18 Mar 2005	 at 11:44:01	
	Relative Time	Temperature	Pressure	Aux Input	CO2 Absorptance	CO2 mmol/m3	CO2 mg/m3	CO2 umol/mol	H2O Absorptance	H2O mmol/m3	H2O g/m3	H2O mmol/mol	H2O(°C)	Cooler Voltage
	0.30	28.31	73.48	0.00	0.0671	11.72	515.7	399.74	0.0738	603.6	10.865	20.59	13.10	1.63
	1.29	28.33	73.48	0.00	0.0671	11.69	514.2	398.63	0.0740	604.1	10.874	20.61	13.11	1.63
	2.31	28.32	73.48	-0.00	0.0669	11.64	512.0	396.89	0.0741	606.0	10.909	20.67	13.16	1.63
	3.31	28.30	73.48	-0.00	0.0670	11.67	513.5	398.00	0.0746	608.6	10.955	20.76	13.22	1.63
	4.31	28.32	73.48	-0.00	0.0671	11.68	513.9	398.37	0.0750	616.9	11.105	21.04	13.43	1.63
	5.29	28.32	73.51	0.00	0.0670	11.64	512.1	396.81	0.0749	613.7	11.047	20.93	13.35	1.63
	6.30	28.30	73.48	0.00	0.0668	11.63	511.8	396.74	0.0745	612.0	11.016	20.87	13.31	1.63
	7.30	28.28	73.48	-0.00	0.0669	11.65	512.7	397.37	0.0746	611.1	11.000	20.84	13.29	1.63
	8.31	28.32	73.48	0.00	0.0668	11.63	511.9	396.84	0.0743	609.8	10.977	20.80	13.26	1.63
	9.31	28.36	73.48	-0.00	0.0669	11.63	511.8	396.81	0.0751	617.2	11.110	21.06	13.44	1.63
	10.30	28.35	73.51	0.00	0.0668	11.62	511.5	396.39	0.0746	613.6	11.045	20.92	13.35	1.63
	11.29	28.36	73.48	0.00	0.0668	11.63	511.6	396.66	0.0745	611.5	11.008	20.86	13.30	1.63
	12.32	28.38	73.48	-0.00	0.0669	11.66	512.9	397.65	0.0748	610.2	10.984	20.82	13.27	1.63
	13.37	28.40	73.48	0.00	0.0668	11.64	512.0	397.03	0.0748	613.7	11.047	20.94	13.36	1.63
	14.32	28.44	73.48	-0.00	0.0669	11.61	510.9	396.20	0.0750	612.9	11.033	20.91	13.34	1.63
	15.30	28.40	73.49	-0.00	0.0669	11.63	511.8	396.80	0.0751	618.2	11.127	21.09	13.47	1.63
	16.32	28.39	73.48	-0.00	0.0669	11.65	512.4	397.33	0.0752	619.6	11.154	21.14	13.50	1.63
	17.32	28.40	73.48	-0.00	0.0667	11.58	509.4	394.97	0.0748	615.2	11.074	20.99	13.40	1.63
	18.32	28.38	73.48	-0.00	0.0668	11.61	510.7	395.95	0.0751	617.1	11.108	21.05	13.44	1.63
	19.31	28.37	73.51	-0.00	0.0666	11.59	510.0	395.31	0.0750	617.0	11.107	21.04	13.44	1.63
	20.31	28.38	73.48	-0.00	0.0666	11.58	509.6	395.10	0.0752	617.3	11.111	21.06	13.45	1.63
	21.29	28.40	73.48	0.00	0.0666	11.57	509.2	394.82	0.0756	622.4	11.203	21.23	13.57	1.63
	22.31	28.40	73.48	0.00	0.0665	11.57	508.9	394.58	0.0750	620.2	11.164	21.16	13.52	1.63
	23.29	28.40	73.48	0.00	0.0666	11.59	509.8	395.26	0.0754	622.8	11.211	21.25	13.58	1.63
	24.29	28.42	73.48	0.00	0.0666	11.56	508.4	394.28	0.0752	618.2	11.127	21.09	13.47	1.63
	25.29	28.44	73.51	0.00	0.0664	11.54	507.7	393.61	0.0757	625.3	11.256	21.33	13.65	1.63
	26.30	28.42	73.48	-0.00	0.0665	11.51	506.6	392.83	0.0758	620.9	11.176	21.18	13.54	1.63
	27.30	28.44	73.51	0.00	0.0665	11.56	508.6	394.28	0.0757	626.4	11.274	21.37	13.67	1.63
	28.30	28.45	73.51	-0.00	0.0664	11.52	507.0	393.09	0.0763	637.6	11.476	21.75	13.95	1.63
	29.30	28.43	73.48	-0.00	0.0663	11.50	505.9	392.28	0.0760	628.6	11.315	21.45	13.73	1.63
	30.30	28.45	73.48	0.00	0.0663	11.48	505.2	391.83	0.0759	626.9	11.284	21.39	13.69	1.63
	31.29	28.47	73.48	0.00	0.0664	11.52	506.7	392.97	0.0759	626.9	11.284	21.39	13.69	1.63
	32.29	28.47	73.48	-0.00	0.0664	11.54	507.8	393.86	0.0764	634.9	11.428	21.67	13.88	1.63
	33.31	28.50	73.48	0.00	0.0664	11.55	508.0	394.02	0.0761	631.3	11.363	21.54	13.80	1.63
	34.29	28.49	73.48	-0.00	0.0666	11.58	509.4	395.13	0.0762	632.5	11.385	21.59	13.83	1.63
	35.30	28.49	73.51	0.00	0.0663	11.51	506.7	392.85	0.0760	626.9	11.285	21.39	13.69	1.63
	36.38	28.52	73.51	0.00	0.0665	11.55	508.1	394.00	0.0772	641.6	11.549	21.89	14.05	1.63
	37.30	28.49	73.48	0.00	0.0664	11.50	505.9	392.36	0.0765	634.1	11.413	21.64	13.86	1.63
	38.30	28.49	73.48	0.00	0.0663	11.50	506.1	392.51	0.0774	645.0	11.609	22.01	14.13	1.63
	39.31	28.46	73.48	0.00	0.0662	11.49	505.7	392.17	0.0767	639.9	11.519	21.84	14.00	1.63
	40.33	28.49	73.51	-0.00	0.0663	11.49	505.6	392.03	0.0763	632.4	11.383	21.57	13.82	1.63
	41.29	28.49	73.48	0.00	0.0665	11.55	508.3	394.26	0.0770	638.0	11.483	21.77	13.96	1.63
	42.32	28.50	73.51	-0.00	0.0663	11.50	505.9	392.27	0.0769	642.3	11.561	21.91	14.06	1.63
	43.31	28.49	73.51	0.00	0.0661	11.47	504.7	391.36	0.0773	638.2	11.487	21.77	13.96	1.63
	44.29	28.51	73.48	0.00	0.0661	11.46	504.3	391.21	0.0767	637.3	11.471	21.75	13.94	1.63
	45.30	28.50	73.48	0.00	0.0661	11.48	504.9	391.64	0.0775	648.5	11.674	22.13	14.21	1.63
	46.29	28.51	73.48	0.00	0.0662	11.49	505.4	392.01	0.0772	644.1	11.594	21.98	14.11	1.63
	47.30	28.49	73.48	0.00	0.0662	11.46	504.3	391.16	0.0773	643.2	11.578	21.95	14.08	1.63
	48.30	28.48	73.51	0.00	0.0660	11.45	503.9	390.68	0.0777	649.8	11.697	22.17	14.24	1.63
	49.31	28.52	73.51	-0.00	0.0660	11.44	503.3	390.25	0.0783	658.1	11.846	22.45	14.44	1.63
	50.30	28.49	73.51	-0.00	0.0660	11.44	503.2	390.17	0.0783	656.5	11.816	22.40	14.40	1.63
	51.29	28.49	73.51	0.00	0.0660	11.44	503.3	390.26	0.0787	659.7	11.874	22.51	14.47	1.63
	52.29	28.49	73.48	0.00	0.0659	11.43	502.9	390.07	0.0795	670.8	12.074	22.89	14.73	1.63
	53.29	28.52	73.48	-0.00	0.0659	11.40	501.7	389.20	0.0800	678.3	12.210	23.15	14.91	1.63
	54.29	28.49	73.48	0.00	0.0659	11.42	502.6	389.85	0.0786	660.5	11.890	22.54	14.49	1.63
	55.29	28.49	73.51	0.00	0.0660	11.44	503.2	390.17	0.0794	672.0	12.095	22.92	14.76	1.63
	56.28	28.51	73.48	0.00	0.0659	11.43	503.0	390.17	0.0785	663.5	11.944	22.65	14.57	1.63
	57.30	28.51	73.48	0.00	0.0659	11.42	502.6	389.87	0.0787	662.4	11.923	22.61	14.54	1.63
	58.31	28.55	73.51	0.00	0.0659	11.41	502.1	389.39	0.0788	662.5	11.925	22.61	14.54	1.63
	59.31	28.55	73.46	-0.00	0.0657	11.37	500.4	388.37	0.0786	662.3	11.922	22.62	14.54	1.63
	60.30	28.57	73.51	0.00	0.0658	11.39	501.3	388.82	0.0796	670.2	12.064	22.87	14.72	1.63
	61.31	28.55	73.51	0.00	0.0658	11.41	502.0	389.30	0.0794	673.4	12.121	22.98	14.80	1.63
	62.31	28.57	73.51	-0.00	0.0659	11.41	502.1	389.39	0.0794	672.4	12.102	22.94	14.77	1.63
	63.30	28.55	73.48	0.00	0.0659	11.43	502.9	390.14	0.0793	670.6	12.071	22.89	14.73	1.63
	64.30	28.57	73.48	-0.00	0.0658	11.39	501.2	388.87	0.0791	668.8	12.038	22.83	14.69	1.63
	65.30	28.55	73.51	0.00	0.0659	11.42	502.6	389.75	0.0795	672.7	12.108	22.95	14.78	1.63
	66.30	28.57	73.48	0.00	0.0659	11.43	502.9	390.16	0.0796	674.8	12.146	23.04	14.83	1.63
	67.31	28.55	73.51	-0.00	0.0659	11.41	502.3	389.50	0.0801	678.8	12.218	23.16	14.92	1.63
	68.31	28.54	73.48	-0.00	0.0658	11.41	501.8	389.30	0.0796	677.6	12.197	23.13	14.89	1.63
	69.30	28.55	73.48	0.00	0.0657	11.39	501.1	388.75	0.0798	676.3	12.173	23.08	14.86	1.63
	70.31	28.55	73.48	-0.00	0.0658	11.38	500.6	388.38	0.0799	676.8	12.182	23.10	14.87	1.63
	71.31	28.55	73.48	0.00	0.0659	11.40	501.8	389.29	0.0803	679.0	12.223	23.18	14.93	1.63
	72.31	28.57	73.49	-0.00	0.0658	11.39	501.0	388.65	0.0802	679.3	12.228	23.19	14.93	1.63
	73.37	28.59	73.51	0.00	0.0657	11.39	501.3	388.78	0.0801	682.1	12.277	23.28	15.00	1.63
	74.29	28.57	73.51	0.00	0.0658	11.38	500.6	388.23	0.0804	683.4	12.300	23.32	15.03	1.63
	75.30	28.59	73.51	0.00	0.0656	11.37	500.4	388.09	0.0804	685.2	12.333	23.38	15.07	1.63
	76.28	28.59	73.51	0.00	0.0656	11.35	499.4	387.34	0.0803	682.8	12.291	23.30	15.01	1.63
	77.31	28.60	73.48	-0.00	0.0656	11.35	499.5	387.56	0.0805	684.2	12.316	23.36	15.05	1.63
	78.28	28.60	73.48	0.00	0.0656	11.35	499.5	387.54	0.0805	684.4	12.318	23.36	15.05	1.63
	79.30	28.60	73.53	0.00	0.0656	11.35	499.4	387.20	0.0807	686.8	12.362	23.43	15.10	1.63
	80.29	28.63	73.48	-0.00	0.0656	11.35	499.4	387.49	0.0808	688.3	12.389	23.50	15.14	1.63
	81.29	28.60	73.48	0.00	0.0655	11.34	498.7	386.98	0.0807	686.5	12.357	23.44	15.10	1.63
	82.29	28.61	73.48	-0.00	0.0655	11.33	498.6	386.85	0.0806	688.6	12.395	23.51	15.15	1.63
	83.31	28.62	73.51	-0.00	0.0656	11.36	499.9	387.75	0.0814	697.3	12.551	23.80	15.34	1.63
	84.29	28.62	73.51	0.00	0.0655	11.32	498.2	386.43	0.0807	688.3	12.389	23.49	15.14	1.63
	85.30	28.65	73.54	-0.00	0.0654	11.31	497.6	385.88	0.0817	696.8	12.542	23.77	15.33	1.63
	86.30	28.64	73.48	-0.00	0.0655	11.32	498.2	386.58	0.0818	704.7	12.685	24.06	15.51	1.63
	87.36	28.64	73.48	0.00	0.0654	11.30	497.1	385.78	0.0818	698.9	12.580	23.86	15.38	1.63
	88.28	28.66	73.53	0.00	0.0654	11.30	497.1	385.53	0.0811	691.3	12.444	23.59	15.21	1.63
	89.31	28.69	73.48	0.00	0.0654	11.31	497.8	386.32	0.0819	703.3	12.660	24.02	15.48	1.63
	90.31	28.72	73.48	0.00	0.0655	11.33	498.4	386.85	0.0822	709.4	12.769	24.23	15.62	1.63
	91.31	28.70	73.51	0.00	0.0653	11.28	496.5	385.26	0.0818	704.4	12.680	24.05	15.51	1.63
	92.31	28.68	73.51	-0.00	0.0655	11.33	498.6	386.84	0.0829	716.0	12.888	24.44	15.76	1.63
	93.32	28.70	73.48	0.00	0.0654	11.31	497.8	386.36	0.0827	715.3	12.875	24.43	15.74	1.63
	94.30	28.72	73.51	-0.00	0.0654	11.30	497.2	385.84	0.0832	719.9	12.958	24.58	15.85	1.63
	95.30	28.68	73.51	-0.00	0.0654	11.31	497.6	386.06	0.0831	719.4	12.950	24.56	15.83	1.63
	96.30	28.68	73.48	0.00	0.0654	11.30	497.2	385.88	0.0828	714.7	12.865	24.41	15.73	1.63
	97.31	28.68	73.51	-0.00	0.0653	11.29	496.6	385.31	0.0831	716.9	12.904	24.47	15.78	1.63
	98.37	28.70	73.48	-0.00	0.0654	11.29	496.7	385.51	0.0832	719.3	12.947	24.56	15.83	1.63
	99.31	28.67	73.54	0.00	0.0653	11.28	496.2	384.82	0.0827	715.3	12.876	24.41	15.74	1.63
	100.31	28.70	73.51	-0.00	0.0653	11.27	496.1	384.91	0.0829	715.1	12.871	24.41	15.74	1.63
	101.29	28.70	73.46	0.00	0.0653	11.29	496.5	385.53	0.0826	713.0	12.834	24.36	15.69	1.63
	102.29	28.72	73.48	0.00	0.0652	11.28	496.4	385.31	0.0826	712.7	12.828	24.34	15.69	1.63
	103.30	28.72	73.43	0.00	0.0653	11.28	496.4	385.59	0.0828	714.4	12.860	24.42	15.73	1.63
	104.29	28.74	73.48	0.00	0.0652	11.26	495.5	384.66	0.0829	714.6	12.862	24.41	15.73	1.63
	105.30	28.74	73.48	0.00	0.0651	11.25	494.9	384.20	0.0830	717.9	12.922	24.52	15.80	1.63
	106.28	28.72	73.48	0.00	0.0651	11.24	494.7	383.98	0.0834	722.1	12.997	24.66	15.89	1.63
	107.31	28.76	73.48	-0.00	0.0654	11.28	496.5	385.46	0.0839	728.2	13.107	24.87	16.03	1.63
	108.28	28.72	73.48	0.00	0.0653	11.28	496.4	385.30	0.0835	725.2	13.054	24.77	15.96	1.63
	109.31	28.74	73.51	-0.00	0.0652	11.27	495.9	384.80	0.0835	723.7	13.026	24.71	15.93	1.63
	110.29	28.81	73.51	-0.00	0.0652	11.26	495.4	384.50	0.0838	731.8	13.173	24.99	16.11	1.63
	111.31	28.76	73.48	-0.00	0.0652	11.26	495.3	384.52	0.0835	724.3	13.038	24.74	15.94	1.63
	112.29	28.76	73.48	0.00	0.0652	11.25	495.1	384.36	0.0836	725.0	13.050	24.76	15.96	1.63
	113.30	28.78	73.48	-0.00	0.0652	11.25	495.1	384.35	0.0839	727.0	13.086	24.83	16.00	1.63
	114.29	28.76	73.48	0.00	0.0652	11.26	495.6	384.77	0.0842	733.0	13.195	25.04	16.13	1.64
	115.28	28.80	73.51	0.00	0.0651	11.23	494.3	383.66	0.0841	731.0	13.158	24.96	16.09	1.63
	116.28	28.80	73.51	0.00	0.0651	11.24	494.7	383.93	0.0847	738.3	13.290	25.21	16.25	1.63
	117.30	28.80	73.48	-0.00	0.0652	11.26	495.5	384.72	0.0847	739.3	13.307	25.26	16.27	1.63
	118.30	28.81	73.48	0.00	0.0650	11.23	494.1	383.65	0.0840	732.1	13.177	25.01	16.11	1.63
	119.31	28.82	73.48	-0.00	0.0651	11.25	495.0	384.36	0.0848	743.6	13.384	25.40	16.36	1.63
	120.29	28.79	73.48	0.00	0.0650	11.23	494.0	383.57	0.0850	749.7	13.495	25.61	16.49	1.64
	121.31	28.79	73.51	0.00	0.0651	11.24	494.4	383.70	0.0854	751.5	13.527	25.66	16.52	1.63
	122.31	28.77	73.48	-0.00	0.0650	11.23	494.3	383.74	0.0849	743.1	13.376	25.38	16.35	1.63
