Jul 22 2015 at 12:23:40
Frequency: 1.00Hz.
CO2
Zero:  Value:0.95  Date:18 Mar 2005	 at 07:22:33	
Span:  Value:1.00  Date:18 Mar 2005	 at 07:25:09	
H2O
Zero:  Value:0.71  Date:18 Mar 2005	 at 07:52:31	
Span:  Value:0.99  Date:18 Mar 2005	 at 11:44:01	
	Relative Time	Temperature	Pressure	Aux Input	CO2 Absorptance	CO2 mmol/m3	CO2 mg/m3	CO2 umol/mol	H2O Absorptance	H2O mmol/m3	H2O g/m3	H2O mmol/mol	H2O(°C)	Cooler Voltage
	0.97	34.15	73.51	0.00	0.0657	11.40	501.7	396.28	0.0589	437.5	7.875	15.21	8.55	1.75
	1.98	34.15	73.48	0.00	0.0657	11.37	500.3	395.35	0.0589	433.8	7.809	15.08	8.42	1.75
	2.96	34.16	73.48	0.00	0.0656	11.36	500.0	395.08	0.0588	434.9	7.828	15.12	8.46	1.75
	4.04	34.18	73.51	0.00	0.0654	11.33	498.4	393.73	0.0589	436.4	7.856	15.17	8.51	1.75
	4.98	34.16	73.48	0.00	0.0655	11.31	497.7	393.29	0.0589	435.3	7.835	15.13	8.47	1.75
	5.97	34.13	73.54	-0.00	0.0655	11.36	499.8	394.64	0.0593	440.1	7.922	15.29	8.64	1.75
	6.99	34.16	73.48	-0.00	0.0656	11.35	499.4	394.63	0.0595	442.4	7.964	15.38	8.72	1.75
	7.97	34.15	73.51	-0.00	0.0655	11.32	498.0	393.35	0.0594	440.0	7.920	15.29	8.63	1.75
	8.99	34.18	73.48	0.00	0.0655	11.35	499.3	394.61	0.0593	438.7	7.897	15.25	8.59	1.75
	9.98	34.16	73.48	0.00	0.0653	11.30	497.4	393.02	0.0589	437.9	7.882	15.23	8.56	1.75
	10.98	34.12	73.51	0.00	0.0656	11.33	498.4	393.65	0.0595	441.1	7.939	15.33	8.67	1.75
	12.06	34.14	73.51	0.00	0.0655	11.32	498.0	393.40	0.0594	440.5	7.929	15.31	8.65	1.75
	12.99	34.18	73.51	-0.00	0.0656	11.34	499.0	394.20	0.0596	441.8	7.952	15.36	8.70	1.75
	14.06	34.15	73.48	0.00	0.0656	11.34	499.1	394.39	0.0595	441.6	7.950	15.36	8.69	1.75
	14.98	34.20	73.51	0.00	0.0657	11.36	499.8	394.88	0.0595	441.3	7.944	15.34	8.68	1.75
	15.99	34.17	73.51	-0.00	0.0655	11.34	498.9	394.10	0.0593	439.9	7.919	15.29	8.63	1.76
	16.99	34.20	73.48	-0.00	0.0657	11.36	500.0	395.13	0.0595	441.6	7.948	15.36	8.69	1.75
	17.97	34.19	73.46	0.00	0.0657	11.35	499.6	394.95	0.0595	441.2	7.941	15.35	8.67	1.75
	18.97	34.20	73.51	0.00	0.0657	11.41	501.9	396.55	0.0596	444.1	7.995	15.44	8.77	1.75
	19.97	34.12	73.48	0.00	0.0657	11.39	501.2	396.01	0.0595	441.7	7.951	15.36	8.69	1.75
	20.98	34.17	73.51	-0.00	0.0656	11.33	498.5	393.82	0.0588	434.9	7.827	15.11	8.46	1.75
	21.98	34.15	73.51	-0.00	0.0656	11.34	499.1	394.24	0.0588	433.7	7.807	15.07	8.42	1.75
	22.98	34.15	73.51	-0.00	0.0654	11.31	497.6	393.09	0.0586	431.8	7.772	15.01	8.36	1.75
	23.96	34.19	73.48	0.00	0.0653	11.30	497.1	392.84	0.0588	435.2	7.834	15.13	8.47	1.75
	24.98	34.20	73.48	0.00	0.0652	11.28	496.3	392.25	0.0588	433.6	7.805	15.08	8.42	1.75
	25.96	34.17	73.46	0.00	0.0654	11.31	497.7	393.46	0.0591	437.4	7.874	15.21	8.55	1.76
	26.99	34.16	73.48	0.00	0.0653	11.24	494.6	390.84	0.0592	434.1	7.813	15.09	8.43	1.75
	27.97	34.20	73.46	0.00	0.0653	11.29	496.8	392.74	0.0589	437.9	7.882	15.23	8.57	1.75
	28.98	34.20	73.48	0.00	0.0653	11.29	496.6	392.48	0.0594	439.2	7.906	15.27	8.61	1.75
	29.98	34.20	73.51	-0.00	0.0650	11.22	493.7	390.01	0.0586	432.7	7.789	15.04	8.39	1.75
	31.00	34.22	73.51	-0.00	0.0651	11.23	494.2	390.43	0.0588	431.1	7.761	14.99	8.34	1.75
	31.96	34.17	73.51	0.00	0.0650	11.23	494.2	390.38	0.0586	433.1	7.797	15.06	8.40	1.76
	32.99	34.20	73.51	-0.00	0.0651	11.22	493.7	390.08	0.0592	435.1	7.833	15.13	8.47	1.75
	33.96	34.22	73.51	0.00	0.0651	11.25	495.1	391.18	0.0595	443.3	7.980	15.41	8.75	1.76
	34.99	34.20	73.51	0.00	0.0650	11.23	494.2	390.44	0.0593	440.7	7.932	15.32	8.66	1.75
	35.97	34.20	73.51	-0.00	0.0651	11.25	495.1	391.13	0.0599	443.7	7.986	15.42	8.76	1.75
	36.99	34.17	73.48	-0.00	0.0650	11.23	494.1	390.42	0.0597	444.2	7.995	15.44	8.77	1.75
	38.05	34.14	73.46	0.00	0.0651	11.21	493.1	389.75	0.0599	439.2	7.906	15.27	8.61	1.76
	38.97	34.19	73.43	0.00	0.0650	11.24	494.5	391.03	0.0599	447.4	8.053	15.57	8.88	1.75
	40.05	34.20	73.51	0.00	0.0650	11.22	493.7	390.05	0.0599	445.8	8.024	15.50	8.83	1.75
	40.98	34.20	73.48	0.00	0.0649	11.21	493.1	389.73	0.0592	439.7	7.914	15.29	8.63	1.75
	41.98	34.22	73.51	-0.00	0.0651	11.23	494.2	390.44	0.0600	444.7	8.004	15.46	8.79	1.75
	42.96	34.22	73.51	0.00	0.0649	11.22	493.5	389.92	0.0596	448.1	8.066	15.58	8.91	1.75
	43.99	34.21	73.51	0.00	0.0648	11.19	492.4	389.07	0.0592	439.4	7.909	15.28	8.62	1.76
	44.98	34.20	73.51	0.00	0.0652	11.25	495.0	391.08	0.0607	454.9	8.189	15.81	9.13	1.75
	45.97	34.19	73.51	0.00	0.0650	11.22	493.5	389.87	0.0602	450.3	8.105	15.65	8.98	1.75
	46.97	34.19	73.51	0.00	0.0651	11.25	494.8	390.90	0.0612	459.3	8.267	15.97	9.27	1.75
	48.05	34.22	73.51	-0.00	0.0651	11.24	494.7	390.87	0.0613	459.7	8.275	15.98	9.29	1.75
	48.98	34.19	73.48	-0.00	0.0649	11.21	493.1	389.73	0.0601	450.3	8.105	15.66	8.98	1.75
	49.97	34.22	73.51	0.00	0.0648	11.19	492.4	389.03	0.0599	448.0	8.063	15.57	8.90	1.76
	50.98	34.20	73.48	-0.00	0.0649	11.19	492.3	389.04	0.0602	449.0	8.083	15.61	8.94	1.75
	51.98	34.22	73.48	-0.00	0.0648	11.20	492.7	389.42	0.0604	453.5	8.163	15.77	9.08	1.75
	52.96	34.21	73.48	0.00	0.0648	11.19	492.4	389.18	0.0602	451.8	8.132	15.71	9.03	1.75
	53.96	34.19	73.48	0.00	0.0650	11.23	494.0	390.40	0.0614	462.3	8.322	16.08	9.37	1.75
	54.98	34.22	73.48	0.00	0.0649	11.19	492.5	389.28	0.0610	455.8	8.205	15.85	9.16	1.76
	55.97	34.24	73.51	0.00	0.0649	11.20	492.9	389.50	0.0608	459.0	8.262	15.96	9.26	1.76
	56.99	34.23	73.48	-0.00	0.0647	11.16	491.0	388.07	0.0601	449.4	8.090	15.63	8.95	1.75
	57.98	34.22	73.51	0.00	0.0650	11.22	493.5	389.92	0.0611	458.6	8.255	15.94	9.25	1.75
	59.05	34.26	73.48	0.00	0.0651	11.21	493.2	389.83	0.0615	458.5	8.253	15.95	9.25	1.75
	60.00	34.19	73.48	-0.00	0.0649	11.21	493.1	389.71	0.0611	457.7	8.239	15.92	9.22	1.75
	60.98	34.22	73.48	0.00	0.0649	11.19	492.3	389.10	0.0610	457.2	8.230	15.90	9.20	1.76
	61.98	34.23	73.51	-0.00	0.0649	11.20	492.9	389.44	0.0608	458.1	8.246	15.93	9.23	1.76
	62.98	34.19	73.48	0.00	0.0650	11.22	493.7	390.18	0.0618	465.5	8.379	16.19	9.47	1.75
	63.96	34.24	73.48	0.00	0.0650	11.22	493.8	390.27	0.0617	468.1	8.425	16.28	9.55	1.75
	64.97	34.19	73.48	0.00	0.0649	11.23	493.9	390.35	0.0616	467.7	8.418	16.26	9.54	1.75
	65.96	34.26	73.48	0.00	0.0651	11.23	494.0	390.52	0.0625	469.8	8.456	16.34	9.61	1.75
	66.97	34.24	73.51	0.00	0.0651	11.24	494.6	390.82	0.0623	475.1	8.552	16.52	9.78	1.76
	67.97	34.21	73.48	-0.00	0.0650	11.22	493.6	390.14	0.0622	472.0	8.495	16.41	9.68	1.75
	69.00	34.24	73.48	-0.00	0.0649	11.17	491.5	388.50	0.0616	459.5	8.272	15.98	9.28	1.76
	69.97	34.22	73.51	0.00	0.0650	11.24	494.5	390.71	0.0625	475.3	8.556	16.52	9.78	1.75
	71.00	34.24	73.48	-0.00	0.0648	11.17	491.7	388.64	0.0615	463.4	8.342	16.12	9.41	1.76
	71.98	34.24	73.51	-0.00	0.0649	11.19	492.6	389.20	0.0619	464.6	8.363	16.15	9.44	1.75
	72.98	34.23	73.51	0.00	0.0649	11.19	492.2	388.92	0.0618	465.0	8.369	16.17	9.46	1.76
	73.98	34.24	73.51	-0.00	0.0649	11.21	493.3	389.75	0.0620	469.9	8.458	16.34	9.61	1.76
	74.97	34.24	73.51	0.00	0.0648	11.20	492.7	389.33	0.0618	470.1	8.461	16.34	9.62	1.76
	75.96	34.24	73.48	0.00	0.0649	11.19	492.3	389.16	0.0618	465.7	8.382	16.19	9.48	1.76
	76.97	34.20	73.51	0.00	0.0649	11.21	493.1	389.55	0.0620	470.9	8.477	16.37	9.64	1.76
	78.05	34.23	73.48	0.00	0.0649	11.19	492.5	389.28	0.0621	467.1	8.407	16.24	9.52	1.76
	78.97	34.23	73.48	0.00	0.0649	11.21	493.4	390.01	0.0623	473.7	8.526	16.47	9.73	1.76
	79.98	34.24	73.48	0.00	0.0648	11.17	491.7	388.63	0.0621	467.0	8.406	16.24	9.52	1.76
	80.98	34.24	73.48	-0.00	0.0650	11.22	493.6	390.16	0.0627	476.7	8.580	16.58	9.83	1.76
	81.98	34.24	73.48	0.00	0.0650	11.22	493.6	390.15	0.0626	477.0	8.585	16.59	9.84	1.76
	82.96	34.24	73.51	0.00	0.0650	11.23	494.1	390.40	0.0628	478.4	8.611	16.63	9.88	1.76
	84.07	34.24	73.51	-0.00	0.0650	11.23	494.2	390.52	0.0632	483.0	8.694	16.79	10.02	1.76
	84.97	34.24	73.51	0.00	0.0649	11.21	493.4	389.85	0.0629	479.8	8.636	16.68	9.92	1.76
	86.00	34.24	73.51	-0.00	0.0650	11.21	493.3	389.76	0.0635	478.8	8.618	16.65	9.89	1.76
	86.99	34.24	73.53	-0.00	0.0649	11.20	493.0	389.42	0.0628	479.2	8.626	16.66	9.91	1.76
	87.98	34.26	73.51	0.00	0.0650	11.20	492.7	389.35	0.0633	478.8	8.619	16.65	9.89	1.76
	88.98	34.24	73.51	-0.00	0.0650	11.21	493.4	389.86	0.0636	484.3	8.718	16.84	10.06	1.76
	90.00	34.25	73.51	-0.00	0.0648	11.20	492.6	389.26	0.0632	480.6	8.651	16.71	9.95	1.76
	90.98	34.21	73.48	0.00	0.0649	11.20	492.9	389.54	0.0632	481.9	8.675	16.76	9.99	1.76
	91.98	34.26	73.51	0.00	0.0649	11.18	491.9	388.72	0.0630	477.1	8.588	16.59	9.84	1.76
	92.96	34.26	73.48	0.00	0.0648	11.19	492.2	389.05	0.0629	479.3	8.627	16.67	9.91	1.76
	93.99	34.23	73.48	0.00	0.0650	11.19	492.4	389.22	0.0632	477.3	8.592	16.60	9.85	1.76
	95.04	34.23	73.51	0.00	0.0650	11.21	493.2	389.70	0.0632	481.1	8.660	16.73	9.96	1.76
	95.97	34.29	73.48	0.00	0.0648	11.16	491.2	388.28	0.0626	475.3	8.555	16.53	9.78	1.76
	96.97	34.23	73.51	0.00	0.0649	11.20	492.8	389.41	0.0631	480.8	8.655	16.72	9.95	1.76
	97.97	34.26	73.48	0.00	0.0649	11.21	493.2	389.84	0.0632	482.2	8.680	16.77	10.00	1.76
	98.97	34.21	73.48	-0.00	0.0649	11.21	493.1	389.72	0.0636	484.7	8.725	16.86	10.07	1.76
	100.00	34.26	73.48	-0.00	0.0650	11.21	493.1	389.78	0.0638	484.4	8.720	16.85	10.07	1.76
	100.98	34.26	73.48	0.00	0.0650	11.23	493.9	390.42	0.0637	487.2	8.770	16.95	10.15	1.76
	101.98	34.26	73.48	0.00	0.0649	11.20	492.9	389.58	0.0634	484.1	8.715	16.84	10.06	1.76
	102.98	34.24	73.51	0.00	0.0649	11.19	492.5	389.18	0.0640	488.1	8.785	16.97	10.18	1.76
	103.99	34.23	73.48	0.00	0.0649	11.19	492.3	389.11	0.0633	482.2	8.679	16.77	10.00	1.76
	104.99	34.26	73.46	0.00	0.0650	11.20	493.0	389.84	0.0640	488.0	8.784	16.98	10.18	1.76
	105.99	34.26	73.48	-0.00	0.0651	11.22	493.8	390.32	0.0646	494.0	8.892	17.18	10.36	1.76
	106.97	34.26	73.49	0.00	0.0650	11.21	493.2	389.85	0.0639	489.4	8.810	17.02	10.22	1.76
	107.97	34.23	73.48	0.00	0.0648	11.19	492.3	389.14	0.0636	487.0	8.766	16.94	10.15	1.76
	108.98	34.28	73.48	-0.00	0.0650	11.21	493.1	389.79	0.0641	491.0	8.837	17.08	10.27	1.76
	109.98	34.26	73.51	-0.00	0.0647	11.17	491.3	388.21	0.0633	483.3	8.700	16.80	10.03	1.76
	110.96	34.26	73.51	0.00	0.0648	11.18	492.1	388.88	0.0636	485.1	8.732	16.87	10.09	1.76
	111.98	34.32	73.48	0.00	0.0649	11.19	492.2	389.17	0.0637	487.1	8.768	16.94	10.15	1.76
	112.96	34.26	73.51	0.00	0.0648	11.18	491.9	388.67	0.0635	485.5	8.739	16.88	10.10	1.76
	113.97	34.29	73.51	0.00	0.0648	11.20	492.8	389.41	0.0636	488.3	8.790	16.98	10.19	1.76
	114.97	34.29	73.54	0.00	0.0648	11.17	491.4	388.17	0.0635	483.5	8.702	16.80	10.04	1.76
	115.97	34.29	73.51	-0.00	0.0649	11.18	491.9	388.75	0.0638	484.4	8.719	16.84	10.07	1.76
	116.97	34.29	73.51	0.00	0.0649	11.22	493.5	389.99	0.0645	496.9	8.945	17.28	10.45	1.76
	117.98	34.25	73.51	-0.00	0.0648	11.19	492.4	389.06	0.0638	489.2	8.806	17.01	10.21	1.76
	118.97	34.29	73.48	0.00	0.0648	11.19	492.6	389.39	0.0639	492.1	8.859	17.12	10.31	1.76
	119.98	34.26	73.48	0.00	0.0649	11.18	491.9	388.84	0.0642	489.1	8.805	17.01	10.21	1.76
	120.98	34.28	73.51	0.00	0.0649	11.21	493.4	389.88	0.0645	496.1	8.929	17.25	10.42	1.76
