Jul 22 2015 at 9:48:06
Frequency: 1.00Hz.
CO2
Zero:  Value:0.95  Date:18 Mar 2005	 at 07:22:33	
Span:  Value:1.00  Date:18 Mar 2005	 at 07:25:09	
H2O
Zero:  Value:0.71  Date:18 Mar 2005	 at 07:52:31	
Span:  Value:0.99  Date:18 Mar 2005	 at 11:44:01	
	Relative Time	Temperature	Pressure	Aux Input	CO2 Absorptance	CO2 mmol/m3	CO2 mg/m3	CO2 umol/mol	H2O Absorptance	H2O mmol/m3	H2O g/m3	H2O mmol/mol	H2O(°C)	Cooler Voltage
	0.36	24.28	73.46	0.00	0.0676	11.81	519.5	397.43	0.0752	621.5	11.188	20.92	13.34	1.58
	1.34	24.28	73.46	0.00	0.0676	11.82	519.9	397.75	0.0763	630.0	11.339	21.21	13.55	1.58
	2.36	24.29	73.46	0.00	0.0678	11.83	520.7	398.38	0.0761	628.5	11.313	21.16	13.51	1.58
	3.43	24.31	73.48	0.00	0.0677	11.82	520.3	397.98	0.0751	618.3	11.130	20.81	13.26	1.58
	4.35	24.29	73.48	0.00	0.0678	11.84	520.8	398.29	0.0751	618.2	11.128	20.80	13.26	1.58
	5.35	24.29	73.46	0.00	0.0678	11.84	520.9	398.51	0.0748	615.5	11.080	20.72	13.19	1.58
	6.37	24.31	73.46	-0.00	0.0679	11.85	521.4	398.92	0.0745	611.6	11.009	20.59	13.10	1.58
	7.35	24.31	73.48	0.00	0.0678	11.85	521.5	398.86	0.0740	608.5	10.952	20.48	13.02	1.58
	8.35	24.31	73.46	0.00	0.0678	11.83	520.4	398.21	0.0730	593.2	10.678	19.97	12.63	1.58
	9.35	24.31	73.48	0.00	0.0679	11.85	521.6	398.95	0.0728	591.2	10.642	19.90	12.58	1.58
	10.34	24.33	73.46	0.00	0.0678	11.85	521.5	399.03	0.0731	593.6	10.685	19.99	12.64	1.58
	11.34	24.31	73.46	0.00	0.0678	11.85	521.4	398.98	0.0734	596.7	10.740	20.09	12.72	1.58
	12.36	24.33	73.46	0.00	0.0677	11.83	520.5	398.25	0.0731	595.4	10.717	20.04	12.69	1.58
	13.34	24.33	73.51	0.00	0.0677	11.83	520.6	398.09	0.0728	592.6	10.666	19.94	12.61	1.58
	14.43	24.33	73.43	-0.00	0.0678	11.83	520.4	398.35	0.0729	590.7	10.632	19.89	12.57	1.58
	15.35	24.31	73.46	-0.00	0.0678	11.86	521.6	399.14	0.0727	590.1	10.622	19.87	12.55	1.58
	16.36	24.33	73.48	-0.00	0.0677	11.82	520.0	397.77	0.0726	588.2	10.588	19.80	12.50	1.58
	17.35	24.31	73.48	-0.00	0.0677	11.82	520.0	397.75	0.0730	592.6	10.666	19.94	12.61	1.58
	18.35	24.31	73.48	0.00	0.0677	11.83	520.4	398.06	0.0730	594.0	10.692	19.99	12.65	1.58
	19.34	24.31	73.48	-0.00	0.0677	11.83	520.3	397.99	0.0732	594.3	10.698	20.00	12.66	1.58
	20.36	24.31	73.51	-0.00	0.0677	11.82	520.3	397.80	0.0732	594.9	10.708	20.01	12.67	1.58
	21.43	24.33	73.46	-0.00	0.0677	11.83	520.5	398.29	0.0731	594.1	10.694	20.00	12.65	1.58
	22.34	24.31	73.48	0.00	0.0677	11.81	519.7	397.49	0.0729	592.1	10.657	19.93	12.60	1.58
	23.34	24.32	73.48	0.00	0.0677	11.82	520.0	397.76	0.0729	592.4	10.662	19.94	12.61	1.58
	24.34	24.35	73.48	0.00	0.0677	11.82	519.9	397.70	0.0731	592.5	10.665	19.94	12.61	1.58
	25.34	24.33	73.46	0.00	0.0677	11.82	520.2	398.05	0.0731	594.2	10.696	20.01	12.66	1.58
	26.36	24.33	73.48	0.00	0.0676	11.82	519.9	397.70	0.0731	594.5	10.701	20.01	12.66	1.58
	27.36	24.36	73.48	0.00	0.0677	11.82	520.2	397.95	0.0731	594.5	10.702	20.01	12.67	1.59
	28.44	24.35	73.46	-0.00	0.0678	11.83	520.4	398.24	0.0732	594.2	10.696	20.01	12.66	1.58
	29.36	24.35	73.46	-0.00	0.0677	11.82	520.0	397.96	0.0732	594.8	10.707	20.03	12.67	1.58
	30.37	24.35	73.46	-0.00	0.0676	11.80	519.1	397.28	0.0730	593.1	10.676	19.97	12.63	1.58
	31.36	24.36	73.46	-0.00	0.0675	11.79	518.8	397.01	0.0731	594.6	10.703	20.02	12.67	1.58
	32.35	24.35	73.48	0.00	0.0676	11.80	519.2	397.17	0.0732	595.6	10.721	20.05	12.69	1.58
	33.35	24.36	73.48	-0.00	0.0675	11.79	518.8	396.92	0.0731	594.6	10.702	20.01	12.67	1.58
	34.35	24.36	73.46	-0.00	0.0676	11.80	519.1	397.30	0.0732	595.6	10.720	20.05	12.69	1.58
	35.35	24.36	73.48	0.00	0.0676	11.82	520.2	397.98	0.0733	597.0	10.746	20.10	12.73	1.58
	36.35	24.38	73.46	0.00	0.0677	11.82	520.3	398.17	0.0733	597.2	10.749	20.11	12.73	1.58
	37.44	24.36	73.46	0.00	0.0676	11.81	519.6	397.64	0.0733	596.7	10.741	20.09	12.72	1.58
	38.34	24.38	73.48	0.00	0.0674	11.76	517.5	395.90	0.0732	595.8	10.724	20.05	12.70	1.58
	39.34	24.36	73.43	0.00	0.0675	11.77	518.0	396.55	0.0734	597.2	10.750	20.12	12.74	1.58
	40.42	24.42	73.48	0.00	0.0675	11.78	518.4	396.69	0.0735	599.1	10.784	20.17	12.79	1.59
	41.34	24.38	73.48	0.00	0.0676	11.80	519.3	397.26	0.0735	599.1	10.785	20.17	12.78	1.58
	42.35	24.38	73.48	0.00	0.0675	11.79	519.0	397.04	0.0736	599.8	10.797	20.19	12.80	1.58
	43.34	24.38	73.48	0.00	0.0677	11.82	520.1	397.87	0.0735	598.4	10.772	20.14	12.77	1.58
	44.43	24.38	73.43	-0.00	0.0676	11.80	519.4	397.63	0.0735	598.3	10.769	20.15	12.76	1.58
	45.33	24.40	73.46	0.00	0.0676	11.79	518.9	397.18	0.0736	600.6	10.811	20.23	12.82	1.58
	46.36	24.38	73.48	-0.00	0.0674	11.79	518.6	396.72	0.0735	599.6	10.792	20.18	12.80	1.58
	47.35	24.38	73.46	-0.00	0.0676	11.80	519.3	397.43	0.0738	602.3	10.842	20.28	12.87	1.58
	48.36	24.40	73.48	-0.00	0.0675	11.80	519.0	397.12	0.0738	601.9	10.834	20.26	12.86	1.58
	49.36	24.40	73.51	-0.00	0.0675	11.77	518.0	396.21	0.0737	601.0	10.818	20.22	12.83	1.58
	50.36	24.40	73.48	0.00	0.0674	11.75	516.9	395.48	0.0736	599.7	10.795	20.19	12.80	1.58
	51.36	24.40	73.46	0.00	0.0674	11.76	517.6	396.16	0.0738	601.7	10.831	20.26	12.85	1.59
	52.35	24.41	73.48	0.00	0.0674	11.77	518.1	396.42	0.0738	602.7	10.849	20.29	12.88	1.58
	53.35	24.42	73.46	0.00	0.0674	11.76	517.4	396.02	0.0739	602.5	10.844	20.29	12.87	1.58
	54.37	24.40	73.48	-0.00	0.0674	11.76	517.6	396.03	0.0738	603.6	10.864	20.32	12.90	1.59
	55.37	24.42	73.48	-0.00	0.0674	11.76	517.6	396.01	0.0739	603.7	10.867	20.32	12.90	1.58
	56.36	24.43	73.46	-0.00	0.0674	11.76	517.5	396.14	0.0739	603.3	10.859	20.32	12.89	1.59
	57.35	24.41	73.48	0.00	0.0674	11.76	517.5	395.94	0.0739	604.9	10.889	20.37	12.93	1.59
	58.36	24.43	73.48	0.00	0.0674	11.75	516.8	395.47	0.0741	605.4	10.898	20.38	12.95	1.58
	59.36	24.43	73.48	-0.00	0.0675	11.77	518.0	396.39	0.0741	606.5	10.917	20.42	12.97	1.58
	60.36	24.43	73.48	0.00	0.0674	11.76	517.4	395.95	0.0741	605.1	10.893	20.37	12.94	1.58
	61.35	24.46	73.46	-0.00	0.0674	11.77	517.8	396.41	0.0742	606.2	10.912	20.42	12.97	1.58
	62.35	24.43	73.46	0.00	0.0675	11.77	517.9	396.41	0.0742	607.3	10.932	20.46	12.99	1.59
	63.35	24.45	73.48	0.00	0.0675	11.78	518.4	396.71	0.0743	609.3	10.968	20.52	13.05	1.59
	64.37	24.45	73.48	-0.00	0.0674	11.74	516.7	395.42	0.0742	607.8	10.940	20.46	13.01	1.59
	65.35	24.43	73.46	0.00	0.0674	11.73	516.3	395.22	0.0744	607.7	10.938	20.47	13.00	1.59
	66.36	24.45	73.48	-0.00	0.0674	11.76	517.4	395.91	0.0746	610.8	10.995	20.57	13.08	1.59
	67.35	24.45	73.46	0.00	0.0674	11.74	516.4	395.28	0.0745	610.4	10.987	20.56	13.07	1.59
	68.36	24.45	73.46	-0.00	0.0676	11.78	518.3	396.78	0.0749	613.9	11.051	20.68	13.16	1.59
	69.34	24.45	73.48	0.00	0.0676	11.79	518.6	396.83	0.0749	614.6	11.064	20.70	13.18	1.59
	70.36	24.47	73.48	-0.00	0.0675	11.80	519.0	397.18	0.0748	614.8	11.067	20.70	13.18	1.59
	71.36	24.47	73.48	-0.00	0.0674	11.73	516.2	395.02	0.0746	611.1	10.999	20.58	13.09	1.59
	72.35	24.47	73.49	0.00	0.0674	11.75	516.8	395.53	0.0746	611.2	11.002	20.58	13.09	1.59
	73.35	24.47	73.46	-0.00	0.0674	11.77	517.7	396.34	0.0745	611.6	11.009	20.60	13.10	1.59
	74.43	24.47	73.46	-0.00	0.0674	11.74	516.5	395.39	0.0747	612.7	11.028	20.64	13.13	1.59
	75.33	24.49	73.43	0.00	0.0675	11.76	517.6	396.38	0.0747	613.9	11.050	20.69	13.16	1.59
	76.35	24.47	73.46	0.00	0.0675	11.77	517.8	396.43	0.0747	614.0	11.053	20.68	13.16	1.59
	77.35	24.51	73.46	-0.00	0.0675	11.76	517.7	396.35	0.0749	613.1	11.036	20.65	13.14	1.59
	78.34	24.49	73.46	0.00	0.0675	11.78	518.5	396.94	0.0749	616.0	11.088	20.75	13.21	1.59
	79.36	24.49	73.48	0.00	0.0674	11.75	517.0	395.67	0.0749	615.0	11.070	20.71	13.19	1.59
	80.36	24.47	73.48	0.00	0.0673	11.75	516.9	395.58	0.0749	615.2	11.074	20.72	13.19	1.59
	81.36	24.53	73.46	0.00	0.0674	11.76	517.4	396.18	0.0750	617.0	11.106	20.79	13.24	1.59
	82.35	24.47	73.48	0.00	0.0673	11.74	516.4	395.19	0.0749	615.0	11.069	20.71	13.19	1.59
	83.35	24.49	73.46	0.00	0.0674	11.75	517.0	395.80	0.0750	616.6	11.100	20.77	13.23	1.59
	84.37	24.48	73.46	-0.00	0.0673	11.72	515.8	394.92	0.0749	614.1	11.053	20.69	13.17	1.59
	85.35	24.50	73.48	0.00	0.0673	11.73	516.2	395.05	0.0749	615.0	11.071	20.71	13.19	1.59
	86.36	24.48	73.48	0.00	0.0674	11.75	516.9	395.60	0.0750	617.6	11.117	20.80	13.25	1.59
	87.36	24.51	73.48	0.00	0.0675	11.77	518.0	396.51	0.0751	618.0	11.124	20.81	13.27	1.59
	88.36	24.50	73.46	0.00	0.0674	11.75	517.0	395.85	0.0752	619.0	11.143	20.85	13.29	1.59
	89.34	24.51	73.48	0.00	0.0673	11.73	516.0	394.93	0.0752	618.0	11.123	20.81	13.26	1.59
	90.37	24.51	73.48	-0.00	0.0673	11.74	516.7	395.51	0.0752	618.8	11.138	20.84	13.28	1.59
	91.35	24.53	73.48	0.00	0.0674	11.74	516.7	395.49	0.0751	618.8	11.138	20.84	13.28	1.59
	92.37	24.52	73.46	-0.00	0.0675	11.77	517.8	396.47	0.0753	621.0	11.178	20.92	13.34	1.59
	93.41	24.54	73.48	0.00	0.0674	11.75	517.0	395.73	0.0752	619.9	11.158	20.88	13.31	1.59
	94.36	24.54	73.51	-0.00	0.0672	11.74	516.4	395.17	0.0751	619.4	11.150	20.86	13.30	1.59
	95.35	24.52	73.46	0.00	0.0675	11.77	518.1	396.71	0.0754	621.3	11.184	20.93	13.35	1.59
	96.36	24.54	73.46	-0.00	0.0673	11.72	515.5	394.76	0.0752	619.3	11.147	20.87	13.30	1.59
	97.34	24.54	73.48	0.00	0.0672	11.72	515.8	394.78	0.0751	618.4	11.132	20.83	13.28	1.59
	98.36	24.53	73.46	-0.00	0.0673	11.72	515.8	394.96	0.0753	619.7	11.154	20.88	13.31	1.59
	99.34	24.54	73.46	0.00	0.0673	11.73	516.3	395.34	0.0753	620.1	11.161	20.89	13.32	1.59
	100.34	24.52	73.48	0.00	0.0674	11.75	517.1	395.76	0.0754	621.3	11.184	20.92	13.35	1.59
	101.35	24.54	73.48	-0.00	0.0672	11.70	514.6	393.95	0.0753	619.5	11.151	20.86	13.30	1.59
	102.35	24.56	73.48	0.00	0.0673	11.76	517.3	395.98	0.0752	621.0	11.178	20.92	13.34	1.59
	103.33	24.56	73.46	0.00	0.0674	11.76	517.6	396.35	0.0753	622.4	11.204	20.97	13.38	1.59
	104.36	24.54	73.46	-0.00	0.0674	11.76	517.5	396.24	0.0755	622.9	11.213	20.99	13.39	1.59
	105.33	24.58	73.46	0.00	0.0674	11.77	518.0	396.73	0.0756	625.6	11.262	21.08	13.46	1.59
	106.35	24.56	73.46	0.00	0.0673	11.72	515.8	395.02	0.0755	623.1	11.215	20.99	13.39	1.59
	107.34	24.56	73.46	0.00	0.0674	11.76	517.2	396.09	0.0757	625.6	11.261	21.08	13.46	1.59
	108.36	24.58	73.48	0.00	0.0673	11.72	515.5	394.62	0.0758	624.7	11.244	21.04	13.43	1.59
	109.36	24.58	73.48	-0.00	0.0673	11.73	516.1	395.10	0.0756	624.8	11.247	21.05	13.44	1.59
	110.37	24.56	73.51	-0.00	0.0672	11.73	516.1	394.96	0.0756	624.7	11.244	21.03	13.43	1.59
	111.43	24.58	73.48	-0.00	0.0672	11.73	516.2	395.17	0.0756	625.6	11.261	21.07	13.46	1.59
	112.37	24.58	73.51	-0.00	0.0675	11.77	517.7	396.20	0.0759	627.3	11.291	21.12	13.50	1.59
	113.37	24.58	73.51	-0.00	0.0674	11.76	517.2	395.83	0.0759	626.8	11.283	21.11	13.49	1.59
	114.36	24.59	73.48	-0.00	0.0671	11.70	514.9	394.22	0.0756	624.0	11.233	21.02	13.42	1.59
	115.36	24.59	73.46	-0.00	0.0671	11.71	515.2	394.56	0.0757	626.0	11.268	21.10	13.47	1.59
	116.36	24.58	73.46	-0.00	0.0674	11.77	518.0	396.70	0.0761	631.3	11.363	21.27	13.59	1.59
	117.34	24.59	73.48	0.00	0.0674	11.73	516.2	395.21	0.0761	629.0	11.322	21.19	13.54	1.59
	118.36	24.60	73.46	0.00	0.0674	11.74	516.5	395.57	0.0761	629.1	11.324	21.20	13.54	1.59
	119.34	24.61	73.48	0.00	0.0673	11.73	515.9	395.03	0.0760	628.3	11.310	21.17	13.53	1.59
	120.37	24.61	73.51	-0.00	0.0671	11.72	515.9	394.86	0.0757	628.5	11.312	21.17	13.53	1.59
	121.35	24.59	73.46	-0.00	0.0673	11.73	516.3	395.43	0.0760	628.9	11.321	21.20	13.54	1.59
	122.35	24.61	73.48	0.00	0.0674	11.75	516.8	395.72	0.0762	631.4	11.365	21.27	13.60	1.59
