Jul 22 2015 at 12:14:23
Frequency: 1.00Hz.
CO2
Zero:  Value:0.95  Date:18 Mar 2005	 at 07:22:33	
Span:  Value:1.00  Date:18 Mar 2005	 at 07:25:09	
H2O
Zero:  Value:0.71  Date:18 Mar 2005	 at 07:52:31	
Span:  Value:0.99  Date:18 Mar 2005	 at 11:44:01	
	Relative Time	Temperature	Pressure	Aux Input	CO2 Absorptance	CO2 mmol/m3	CO2 mg/m3	CO2 umol/mol	H2O Absorptance	H2O mmol/m3	H2O g/m3	H2O mmol/mol	H2O(°C)	Cooler Voltage
	0.33	33.64	73.51	-0.00	0.0655	11.35	499.6	393.98	0.0659	516.8	9.303	17.93	11.01	1.72
	1.34	33.62	73.51	-0.00	0.0654	11.33	498.5	393.12	0.0661	513.3	9.240	17.81	10.91	1.71
	2.31	33.67	73.48	0.00	0.0660	11.48	505.1	398.51	0.0689	538.1	9.685	18.68	11.62	1.71
	3.32	33.64	73.56	0.00	0.0663	11.37	500.5	394.39	0.0688	554.0	9.972	19.21	12.06	1.71
	4.32	33.67	73.48	0.00	0.0658	11.37	500.3	394.70	0.0673	520.4	9.367	18.07	11.11	1.72
	5.32	33.66	73.48	0.00	0.0664	11.52	506.7	399.74	0.0679	532.0	9.576	18.47	11.45	1.72
	6.32	33.67	73.56	-0.00	0.0663	11.50	506.1	398.90	0.0682	529.9	9.537	18.37	11.39	1.71
	7.32	33.62	73.51	0.00	0.0661	11.48	505.1	398.30	0.0677	526.7	9.481	18.28	11.29	1.71
	8.30	33.65	73.51	0.00	0.0662	11.49	505.7	398.83	0.0687	548.4	9.871	19.03	11.90	1.71
	9.31	33.64	73.51	0.00	0.0664	11.52	506.9	399.72	0.0685	538.7	9.697	18.69	11.63	1.71
	10.33	33.65	73.51	-0.00	0.0662	11.51	506.4	399.37	0.0680	537.0	9.665	18.63	11.59	1.72
	11.32	33.65	73.51	0.00	0.0663	11.50	506.1	399.16	0.0680	535.4	9.637	18.58	11.54	1.72
	12.32	33.65	73.51	-0.00	0.0662	11.49	505.4	398.60	0.0682	536.4	9.655	18.61	11.57	1.71
	13.32	33.65	73.48	0.00	0.0662	11.49	505.7	398.93	0.0687	537.8	9.680	18.67	11.61	1.71
	14.32	33.62	73.48	0.00	0.0661	11.46	504.2	397.73	0.0695	552.8	9.950	19.19	12.02	1.71
	15.32	33.65	73.51	0.00	0.0661	11.47	504.5	397.90	0.0699	555.1	9.993	19.26	12.09	1.71
	16.32	33.65	73.51	0.00	0.0662	11.48	505.0	398.26	0.0697	555.0	9.990	19.26	12.09	1.71
	17.33	33.69	73.53	0.00	0.0663	11.49	505.7	398.70	0.0693	548.9	9.880	19.04	11.92	1.72
	18.41	33.64	73.51	-0.00	0.0665	11.53	507.2	400.00	0.0693	551.6	9.929	19.14	11.99	1.71
	19.33	33.64	73.51	0.00	0.0664	11.54	507.6	400.29	0.0695	549.3	9.887	19.06	11.93	1.71
	20.41	33.67	73.51	-0.00	0.0662	11.48	505.2	398.41	0.0694	551.9	9.933	19.15	12.00	1.71
	21.31	33.67	73.51	0.00	0.0661	11.47	504.6	398.01	0.0694	548.0	9.865	19.02	11.90	1.71
	22.31	33.68	73.46	0.00	0.0663	11.48	505.3	398.79	0.0697	554.7	9.984	19.26	12.08	1.72
	23.32	33.67	73.51	0.00	0.0659	11.44	503.4	396.98	0.0709	565.3	10.175	19.62	12.37	1.71
	24.32	33.62	73.51	-0.00	0.0660	11.45	504.0	397.42	0.0700	559.0	10.062	19.40	12.19	1.71
	25.33	33.62	73.49	-0.00	0.0660	11.44	503.4	397.05	0.0701	558.0	10.043	19.37	12.17	1.71
	26.33	33.67	73.51	0.00	0.0660	11.43	503.0	396.73	0.0704	563.7	10.147	19.56	12.32	1.71
	27.32	33.64	73.48	0.00	0.0659	11.43	503.0	396.84	0.0704	561.8	10.113	19.50	12.27	1.71
	28.33	33.67	73.51	0.00	0.0660	11.44	503.2	396.85	0.0702	559.1	10.063	19.40	12.20	1.71
	29.33	33.65	73.54	0.00	0.0660	11.44	503.6	396.98	0.0705	558.7	10.056	19.38	12.19	1.71
	30.33	33.65	73.56	-0.00	0.0658	11.39	501.0	394.83	0.0714	574.5	10.340	19.92	12.61	1.71
	31.39	33.67	73.51	0.00	0.0658	11.39	501.3	395.40	0.0709	569.7	10.255	19.77	12.49	1.71
	32.31	33.66	73.51	0.00	0.0658	11.40	501.7	395.66	0.0709	565.6	10.180	19.63	12.37	1.71
	33.32	33.64	73.51	-0.00	0.0656	11.34	498.9	393.46	0.0725	587.0	10.566	20.37	12.94	1.71
	34.32	33.67	73.48	0.00	0.0657	11.37	500.4	394.76	0.0712	570.9	10.275	19.82	12.52	1.72
	35.40	33.69	73.48	-0.00	0.0657	11.35	499.5	394.14	0.0715	577.4	10.393	20.04	12.69	1.71
	36.30	33.67	73.51	0.00	0.0658	11.39	501.4	395.43	0.0712	568.4	10.232	19.73	12.45	1.71
	37.31	33.64	73.48	-0.00	0.0659	11.41	502.0	396.00	0.0704	562.9	10.132	19.54	12.30	1.71
	38.31	33.65	73.51	0.00	0.0658	11.40	501.8	395.72	0.0705	563.2	10.138	19.54	12.31	1.71
	39.31	33.67	73.51	-0.00	0.0657	11.39	501.0	395.12	0.0703	559.8	10.076	19.43	12.22	1.71
	40.33	33.67	73.51	-0.00	0.0657	11.37	500.5	394.70	0.0702	559.9	10.078	19.43	12.22	1.72
	41.32	33.65	73.48	0.00	0.0657	11.38	500.9	395.15	0.0709	564.9	10.168	19.61	12.35	1.71
	42.32	33.65	73.56	0.00	0.0655	11.35	499.4	393.56	0.0710	570.4	10.267	19.78	12.50	1.72
	43.34	33.67	73.48	-0.00	0.0655	11.33	498.4	393.21	0.0712	564.4	10.159	19.59	12.34	1.71
	44.32	33.67	73.48	0.00	0.0655	11.33	498.6	393.35	0.0711	573.5	10.324	19.91	12.59	1.72
	45.32	33.63	73.48	0.00	0.0654	11.32	498.3	393.05	0.0714	571.3	10.284	19.83	12.53	1.71
	46.32	33.67	73.51	0.00	0.0655	11.33	498.4	393.05	0.0715	577.3	10.391	20.03	12.69	1.72
	47.31	33.68	73.51	0.00	0.0655	11.33	498.4	393.12	0.0713	576.0	10.368	19.99	12.65	1.72
	48.33	33.64	73.51	-0.00	0.0655	11.33	498.3	392.99	0.0734	598.6	10.775	20.77	13.24	1.71
	49.33	33.67	73.51	-0.00	0.0653	11.29	496.7	391.75	0.0760	631.0	11.359	21.90	14.05	1.71
	50.39	33.66	73.48	0.00	0.0654	11.32	498.2	393.06	0.0745	605.0	10.889	21.00	13.40	1.72
	51.32	33.64	73.54	-0.00	0.0655	11.32	498.3	392.79	0.0740	606.8	10.923	21.05	13.45	1.72
	52.32	33.65	73.48	-0.00	0.0654	11.33	498.4	393.19	0.0762	612.1	11.017	21.25	13.58	1.72
	53.30	33.65	73.48	0.00	0.0653	11.29	496.8	391.94	0.0774	645.1	11.611	22.39	14.39	1.71
	54.32	33.67	73.54	-0.00	0.0655	11.33	498.4	392.96	0.0758	627.0	11.287	21.75	13.95	1.72
	55.30	33.67	73.48	0.00	0.0653	11.29	496.7	391.86	0.0751	626.5	11.276	21.75	13.94	1.71
	56.32	33.67	73.51	-0.00	0.0654	11.32	498.3	392.99	0.0756	617.9	11.122	21.44	13.73	1.72
	57.31	33.64	73.48	-0.00	0.0655	11.34	499.0	393.66	0.0747	611.2	11.002	21.22	13.56	1.72
	58.31	33.67	73.48	0.00	0.0654	11.31	497.7	392.69	0.0774	644.2	11.595	22.36	14.37	1.72
	59.31	33.66	73.54	0.00	0.0654	11.31	497.9	392.50	0.0769	640.3	11.525	22.21	14.28	1.72
	60.34	33.64	73.48	-0.00	0.0653	11.29	496.6	391.76	0.0774	634.5	11.421	22.02	14.13	1.72
	61.31	33.67	73.48	0.00	0.0655	11.30	497.4	392.43	0.0768	645.7	11.623	22.42	14.41	1.72
	62.34	33.66	73.51	-0.00	0.0654	11.30	497.1	392.07	0.0756	634.6	11.422	22.02	14.14	1.72
	63.30	33.70	73.53	0.00	0.0651	11.25	495.1	390.39	0.0776	643.5	11.583	22.33	14.36	1.72
	64.32	33.64	73.51	0.00	0.0650	11.25	494.8	390.21	0.0775	646.1	11.630	22.42	14.41	1.72
	65.32	33.67	73.48	-0.00	0.0654	11.30	497.2	392.27	0.0772	647.5	11.655	22.48	14.45	1.72
	66.33	33.67	73.48	-0.00	0.0653	11.28	496.1	391.41	0.0776	647.5	11.655	22.48	14.45	1.72
	67.30	33.66	73.48	0.00	0.0654	11.30	497.2	392.27	0.0778	650.4	11.708	22.58	14.52	1.72
	68.31	33.66	73.46	0.00	0.0654	11.30	497.1	392.35	0.0769	640.3	11.526	22.24	14.28	1.72
	69.33	33.67	73.48	0.00	0.0653	11.28	496.4	391.66	0.0775	649.7	11.695	22.55	14.50	1.72
	70.31	33.69	73.51	0.00	0.0650	11.23	493.9	389.59	0.0802	677.2	12.189	23.50	15.15	1.72
	71.32	33.69	73.51	0.00	0.0650	11.24	494.4	389.98	0.0799	681.4	12.265	23.65	15.24	1.72
	72.31	33.67	73.51	0.00	0.0650	11.21	493.2	388.97	0.0806	690.3	12.426	23.96	15.44	1.72
	73.32	33.68	73.51	0.00	0.0650	11.22	493.5	389.24	0.0809	690.8	12.435	23.97	15.46	1.72
	74.33	33.69	73.46	-0.00	0.0649	11.20	492.9	389.06	0.0818	702.1	12.638	24.38	15.71	1.72
	75.32	33.70	73.51	0.00	0.0649	11.21	493.1	388.92	0.0812	692.9	12.472	24.05	15.50	1.72
	76.33	33.65	73.48	-0.00	0.0649	11.19	492.4	388.44	0.0800	682.4	12.282	23.69	15.26	1.72
	77.31	33.64	73.46	0.00	0.0648	11.17	491.7	387.99	0.0807	684.8	12.326	23.78	15.32	1.72
	78.33	33.66	73.51	-0.00	0.0649	11.18	492.1	388.07	0.0799	682.9	12.291	23.70	15.27	1.72
	79.33	33.64	73.48	-0.00	0.0649	11.19	492.3	388.34	0.0806	687.6	12.377	23.87	15.38	1.72
	80.33	33.67	73.51	-0.00	0.0649	11.18	492.1	388.13	0.0801	681.9	12.274	23.66	15.25	1.72
	81.31	33.66	73.48	0.00	0.0649	11.20	493.0	388.91	0.0810	691.2	12.442	24.00	15.46	1.72
	82.32	33.67	73.48	0.00	0.0648	11.18	491.8	387.97	0.0813	694.1	12.494	24.09	15.53	1.72
	83.32	33.67	73.51	0.00	0.0647	11.18	491.9	387.96	0.0816	698.2	12.567	24.23	15.62	1.72
	84.30	33.67	73.46	0.00	0.0648	11.19	492.4	388.65	0.0816	698.6	12.575	24.26	15.63	1.72
	85.32	33.68	73.51	0.00	0.0649	11.18	492.1	388.15	0.0812	694.7	12.505	24.11	15.54	1.72
	86.31	33.66	73.51	0.00	0.0650	11.20	492.9	388.74	0.0810	693.2	12.478	24.05	15.51	1.72
	87.33	33.68	73.48	0.00	0.0649	11.21	493.1	389.05	0.0817	699.9	12.597	24.30	15.66	1.72
	88.31	33.69	73.48	-0.00	0.0649	11.17	491.5	387.78	0.0827	716.3	12.893	24.87	16.02	1.72
	89.33	33.59	73.51	0.00	0.0647	11.16	490.9	387.04	0.0822	705.4	12.697	24.47	15.78	1.72
	90.32	33.64	73.51	-0.00	0.0648	11.16	490.9	387.13	0.0823	703.3	12.660	24.41	15.73	1.72
	91.34	33.69	73.51	-0.00	0.0649	11.19	492.4	388.34	0.0809	698.5	12.572	24.24	15.63	1.72
	92.32	33.68	73.51	-0.00	0.0648	11.19	492.4	388.38	0.0810	689.1	12.404	23.91	15.42	1.72
	93.30	33.69	73.48	0.00	0.0648	11.17	491.5	387.78	0.0817	697.6	12.556	24.22	15.61	1.72
	94.32	33.68	73.48	0.00	0.0647	11.15	490.8	387.23	0.0830	708.9	12.761	24.61	15.86	1.72
	95.32	33.66	73.48	0.00	0.0647	11.15	490.7	387.12	0.0824	711.6	12.810	24.70	15.92	1.72
	96.31	33.69	73.46	0.00	0.0647	11.16	490.9	387.47	0.0822	704.4	12.679	24.46	15.76	1.72
	97.31	33.67	73.48	0.00	0.0647	11.15	490.6	387.10	0.0824	709.9	12.779	24.64	15.88	1.72
	98.41	33.63	73.51	0.00	0.0647	11.15	490.5	386.76	0.0831	716.1	12.890	24.85	16.02	1.72
	99.31	33.69	73.46	0.00	0.0647	11.15	490.6	387.26	0.0829	718.9	12.940	24.97	16.08	1.72
	100.32	33.68	73.53	0.00	0.0647	11.16	490.9	387.01	0.0837	728.3	13.109	25.27	16.28	1.72
	101.32	33.66	73.48	0.00	0.0647	11.16	490.8	387.25	0.0844	736.0	13.248	25.55	16.45	1.72
	102.31	33.69	73.51	0.00	0.0646	11.14	490.1	386.57	0.0844	726.9	13.084	25.23	16.25	1.72
	103.32	33.62	73.48	-0.00	0.0647	11.15	490.8	387.16	0.0859	753.7	13.566	26.16	16.82	1.72
	104.32	33.66	73.48	0.00	0.0647	11.15	490.4	386.91	0.0854	745.9	13.426	25.89	16.66	1.72
	105.33	33.69	73.48	-0.00	0.0647	11.14	490.3	386.86	0.0861	756.2	13.611	26.25	16.87	1.72
	106.33	33.68	73.48	-0.00	0.0646	11.14	490.1	386.66	0.0858	754.8	13.586	26.20	16.84	1.72
	107.31	33.62	73.51	0.00	0.0647	11.14	490.2	386.56	0.0859	757.2	13.629	26.27	16.89	1.72
	108.33	33.66	73.51	-0.00	0.0645	11.12	489.1	385.75	0.0857	753.6	13.565	26.15	16.82	1.72
	109.29	33.66	73.48	0.00	0.0647	11.13	489.7	386.36	0.0845	744.9	13.408	25.86	16.64	1.72
	110.31	33.71	73.48	0.00	0.0646	11.14	490.1	386.72	0.0840	739.8	13.316	25.68	16.53	1.72
	111.38	33.69	73.51	0.00	0.0646	11.13	489.6	386.15	0.0851	749.4	13.489	26.01	16.73	1.72
	112.34	33.69	73.51	-0.00	0.0646	11.13	489.6	386.20	0.0845	743.0	13.375	25.79	16.60	1.72
	113.32	33.71	73.51	-0.00	0.0646	11.11	489.1	385.76	0.0874	772.3	13.902	26.80	17.21	1.72
	114.33	33.63	73.48	-0.00	0.0646	11.13	489.9	386.45	0.0869	770.9	13.876	26.76	17.17	1.72
	115.32	33.69	73.48	0.00	0.0646	11.11	488.7	385.61	0.0877	780.5	14.049	27.10	17.37	1.72
	116.31	33.66	73.51	0.00	0.0645	11.12	489.1	385.72	0.0889	787.3	14.172	27.32	17.51	1.72
	117.31	33.68	73.51	0.00	0.0645	11.12	489.3	385.90	0.0868	786.0	14.148	27.28	17.49	1.72
	118.30	33.67	73.51	0.00	0.0645	11.10	488.3	385.08	0.0887	798.9	14.380	27.72	17.74	1.72
	119.33	33.66	73.48	0.00	0.0645	11.10	488.2	385.19	0.0896	795.8	14.324	27.62	17.68	1.72
	120.32	33.69	73.46	-0.00	0.0644	11.10	488.4	385.52	0.0888	795.7	14.323	27.63	17.68	1.73
	121.32	33.71	73.51	0.00	0.0643	11.07	487.0	384.17	0.0889	794.3	14.298	27.57	17.65	1.73
	122.31	33.71	73.51	0.00	0.0643	11.06	486.6	383.83	0.0886	792.8	14.270	27.51	17.62	1.73
