Jul 22 2015 at 9:10:53
Frequency: 1.00Hz.
CO2
Zero:  Value:0.95  Date:18 Mar 2005	 at 07:22:33	
Span:  Value:1.00  Date:18 Mar 2005	 at 07:25:09	
H2O
Zero:  Value:0.71  Date:18 Mar 2005	 at 07:52:31	
Span:  Value:0.99  Date:18 Mar 2005	 at 11:44:01	
	Relative Time	Temperature	Pressure	Aux Input	CO2 Absorptance	CO2 mmol/m3	CO2 mg/m3	CO2 umol/mol	H2O Absorptance	H2O mmol/m3	H2O g/m3	H2O mmol/mol	H2O(°C)	Cooler Voltage
	0.98	18.43	73.46	0.00	0.0704	12.28	540.4	405.30	0.0853	764.7	13.764	25.24	16.25	1.46
	1.98	18.41	73.48	0.00	0.0708	12.50	549.9	412.25	0.0840	737.8	13.280	24.34	15.69	1.46
	2.98	18.45	73.51	0.00	0.0705	12.52	550.9	412.97	0.0848	733.5	13.203	24.19	15.60	1.46
	4.06	18.43	73.48	0.00	0.0703	12.43	546.8	409.99	0.0852	745.6	13.421	24.60	15.85	1.45
	4.98	18.43	73.48	0.00	0.0705	12.46	548.5	411.21	0.0851	741.6	13.349	24.47	15.77	1.45
	5.99	18.43	73.46	0.00	0.0702	12.41	545.9	409.40	0.0850	745.4	13.418	24.60	15.85	1.46
	6.97	18.41	73.48	0.00	0.0703	12.46	548.4	411.13	0.0849	740.1	13.322	24.41	15.73	1.46
	8.00	18.43	73.46	-0.00	0.0698	12.30	541.3	405.95	0.0856	753.5	13.563	24.87	16.02	1.46
	8.97	18.45	73.48	0.00	0.0697	12.28	540.5	405.27	0.0846	734.5	13.221	24.23	15.62	1.46
	9.98	18.43	73.48	0.00	0.0691	12.14	534.2	400.54	0.0871	770.7	13.873	25.43	16.37	1.46
	10.97	18.45	73.48	0.00	0.0690	12.12	533.1	399.73	0.0868	771.1	13.880	25.44	16.38	1.46
	12.00	18.45	73.48	0.00	0.0691	12.13	533.8	400.22	0.0860	758.6	13.655	25.03	16.12	1.46
	12.99	18.46	73.46	-0.00	0.0692	12.16	534.9	401.21	0.0855	751.1	13.520	24.79	15.97	1.46
	13.99	18.46	73.48	0.00	0.0694	12.21	537.3	402.87	0.0832	723.1	13.015	23.86	15.37	1.46
	14.99	18.46	73.46	0.00	0.0694	12.21	537.4	403.10	0.0840	729.2	13.126	24.07	15.51	1.46
	15.97	18.43	73.46	0.00	0.0694	12.22	537.6	403.19	0.0835	726.9	13.084	23.99	15.45	1.46
	17.07	18.46	73.48	-0.00	0.0695	12.24	538.6	403.89	0.0814	697.8	12.560	23.02	14.82	1.46
	18.00	18.47	73.51	-0.00	0.0695	12.23	538.0	403.30	0.0819	704.9	12.687	23.25	14.98	1.46
	18.99	18.46	73.48	-0.00	0.0694	12.21	537.4	402.93	0.0823	707.8	12.741	23.35	15.04	1.46
	20.06	18.48	73.48	0.00	0.0694	12.23	537.9	403.38	0.0826	712.7	12.828	23.51	15.15	1.46
	21.00	18.46	73.48	-0.00	0.0695	12.22	537.7	403.16	0.0830	717.1	12.908	23.66	15.25	1.46
	22.00	18.46	73.46	-0.00	0.0696	12.24	538.6	404.01	0.0830	719.3	12.948	23.74	15.29	1.46
	22.98	18.51	73.48	0.00	0.0697	12.28	540.3	405.24	0.0824	712.1	12.817	23.50	15.14	1.45
	23.99	18.50	73.48	-0.00	0.0697	12.28	540.1	405.07	0.0819	703.3	12.659	23.21	14.94	1.46
	25.05	18.50	73.51	0.00	0.0697	12.28	540.2	405.00	0.0815	698.9	12.580	23.05	14.85	1.46
	26.07	18.50	73.48	-0.00	0.0698	12.31	541.5	406.09	0.0816	699.4	12.589	23.08	14.86	1.46
	26.99	18.50	73.48	-0.00	0.0699	12.33	542.4	406.77	0.0818	701.3	12.624	23.14	14.90	1.46
	27.99	18.48	73.48	0.00	0.0700	12.34	542.8	407.04	0.0815	698.8	12.578	23.06	14.84	1.46
	28.97	18.53	73.48	0.00	0.0700	12.35	543.5	407.62	0.0809	691.0	12.438	22.80	14.67	1.46
	30.00	18.51	73.48	-0.00	0.0701	12.36	543.8	407.86	0.0808	689.6	12.413	22.76	14.64	1.46
	30.98	18.50	73.48	-0.00	0.0702	12.40	545.5	409.05	0.0812	694.7	12.504	22.92	14.75	1.46
	32.00	18.51	73.48	-0.00	0.0703	12.41	546.0	409.50	0.0816	698.5	12.574	23.05	14.84	1.46
	32.98	18.50	73.48	-0.00	0.0703	12.42	546.4	409.79	0.0815	696.8	12.543	22.99	14.80	1.46
	33.99	18.51	73.48	-0.00	0.0704	12.44	547.2	410.37	0.0815	697.0	12.546	23.00	14.81	1.46
	34.98	18.51	73.48	0.00	0.0704	12.43	547.1	410.33	0.0816	699.7	12.595	23.09	14.87	1.46
	35.99	18.51	73.48	-0.00	0.0704	12.43	546.8	410.09	0.0815	697.9	12.562	23.03	14.83	1.46
	36.97	18.51	73.46	0.00	0.0704	12.44	547.2	410.57	0.0818	700.0	12.600	23.11	14.87	1.46
	37.99	18.55	73.48	0.00	0.0703	12.43	546.7	410.07	0.0818	702.6	12.647	23.19	14.93	1.46
	39.00	18.55	73.51	-0.00	0.0704	12.44	547.6	410.56	0.0823	707.1	12.727	23.33	15.03	1.46
	40.00	18.55	73.46	-0.00	0.0704	12.43	547.0	410.44	0.0822	707.0	12.726	23.34	15.03	1.46
	40.98	18.55	73.48	-0.00	0.0704	12.43	547.1	410.38	0.0822	706.6	12.719	23.32	15.02	1.46
	42.01	18.55	73.48	-0.00	0.0704	12.44	547.2	410.44	0.0822	707.4	12.732	23.34	15.04	1.46
	42.98	18.55	73.48	0.00	0.0703	12.42	546.4	409.82	0.0822	705.9	12.707	23.30	15.01	1.46
	43.99	18.55	73.48	0.00	0.0702	12.40	545.6	409.25	0.0823	707.8	12.741	23.36	15.05	1.46
	44.99	18.55	73.48	-0.00	0.0703	12.40	545.6	409.26	0.0823	707.9	12.742	23.36	15.05	1.46
	46.01	18.56	73.48	-0.00	0.0703	12.40	545.6	409.23	0.0824	708.0	12.743	23.37	15.05	1.46
	46.97	18.56	73.48	0.00	0.0701	12.37	544.3	408.26	0.0824	708.9	12.761	23.40	15.07	1.46
	47.99	18.56	73.48	0.00	0.0701	12.38	544.7	408.61	0.0830	717.3	12.911	23.67	15.25	1.46
	48.98	18.56	73.48	0.00	0.0701	12.39	545.0	408.82	0.0833	721.6	12.989	23.82	15.35	1.46
	49.98	18.56	73.46	0.00	0.0702	12.39	545.1	409.05	0.0829	715.9	12.886	23.64	15.22	1.46
	51.08	18.58	73.48	-0.00	0.0702	12.39	545.0	408.84	0.0828	715.3	12.876	23.61	15.21	1.46
	52.00	18.60	73.46	-0.00	0.0702	12.39	545.3	409.26	0.0826	713.6	12.846	23.56	15.18	1.46
	52.99	18.58	73.48	-0.00	0.0701	12.37	544.4	408.38	0.0830	715.4	12.877	23.61	15.21	1.46
	53.99	18.58	73.48	-0.00	0.0702	12.38	544.6	408.55	0.0831	719.1	12.943	23.73	15.29	1.46
	54.98	18.58	73.48	0.00	0.0702	12.39	545.2	408.96	0.0834	722.3	13.001	23.84	15.36	1.46
	56.05	18.60	73.48	0.00	0.0702	12.40	545.5	409.21	0.0833	722.1	12.998	23.84	15.36	1.46
	57.00	18.60	73.51	-0.00	0.0701	12.37	544.3	408.15	0.0832	718.2	12.928	23.70	15.28	1.46
	57.99	18.60	73.46	-0.00	0.0701	12.36	544.0	408.28	0.0834	724.0	13.032	23.91	15.40	1.46
	59.00	18.60	73.48	-0.00	0.0701	12.37	544.3	408.36	0.0834	723.3	13.019	23.87	15.39	1.46
	60.06	18.60	73.48	-0.00	0.0699	12.34	543.0	407.39	0.0832	719.5	12.950	23.75	15.30	1.46
	60.98	18.60	73.48	0.00	0.0699	12.33	542.7	407.11	0.0835	723.0	13.014	23.86	15.38	1.46
	61.99	18.61	73.46	-0.00	0.0699	12.31	541.8	406.63	0.0837	725.7	13.062	23.96	15.44	1.46
	62.99	18.61	73.51	-0.00	0.0699	12.32	542.2	406.66	0.0840	728.6	13.115	24.04	15.50	1.46
	63.98	18.63	73.51	0.00	0.0700	12.35	543.3	407.49	0.0837	728.5	13.114	24.04	15.50	1.46
	64.97	18.61	73.48	0.00	0.0699	12.34	542.9	407.30	0.0832	724.3	13.037	23.91	15.41	1.46
	65.99	18.61	73.48	-0.00	0.0698	12.30	541.2	406.00	0.0832	719.0	12.942	23.73	15.29	1.46
	66.99	18.63	73.48	0.00	0.0698	12.30	541.3	406.13	0.0835	724.9	13.048	23.93	15.42	1.46
	67.99	18.63	73.48	-0.00	0.0698	12.29	540.9	405.85	0.0836	724.1	13.034	23.90	15.41	1.46
	68.98	18.63	73.48	0.00	0.0699	12.31	541.8	406.54	0.0840	729.1	13.124	24.07	15.51	1.46
	69.97	18.63	73.48	0.00	0.0698	12.29	540.8	405.78	0.0838	726.6	13.079	23.99	15.46	1.46
	70.98	18.63	73.48	0.00	0.0697	12.30	541.2	406.04	0.0837	730.6	13.151	24.12	15.55	1.46
	71.98	18.63	73.48	-0.00	0.0697	12.29	540.8	405.71	0.0844	735.4	13.237	24.28	15.65	1.46
	73.01	18.63	73.46	0.00	0.0697	12.29	540.7	405.79	0.0844	738.4	13.291	24.38	15.71	1.46
	74.05	18.65	73.48	0.00	0.0697	12.27	540.1	405.24	0.0838	729.3	13.128	24.08	15.52	1.46
	74.99	18.65	73.51	0.00	0.0696	12.26	539.5	404.65	0.0845	735.5	13.238	24.27	15.65	1.46
	75.99	18.66	73.46	0.00	0.0697	12.29	540.9	406.02	0.0841	733.7	13.206	24.23	15.61	1.46
	77.00	18.65	73.48	-0.00	0.0697	12.28	540.5	405.53	0.0841	731.7	13.171	24.16	15.57	1.46
	77.98	18.66	73.46	0.00	0.0697	12.29	540.6	405.76	0.0843	734.1	13.214	24.25	15.62	1.46
	78.97	18.68	73.48	0.00	0.0697	12.27	539.9	405.17	0.0842	733.0	13.195	24.20	15.60	1.46
	80.00	18.65	73.48	0.00	0.0696	12.27	539.9	405.05	0.0849	740.5	13.329	24.45	15.76	1.46
	80.98	18.68	73.48	0.00	0.0695	12.23	538.0	403.68	0.0849	746.4	13.436	24.64	15.88	1.46
	81.98	18.68	73.46	0.00	0.0696	12.25	539.2	404.77	0.0844	736.5	13.256	24.32	15.67	1.46
	82.99	18.68	73.48	-0.00	0.0695	12.24	538.8	404.29	0.0839	730.8	13.154	24.13	15.55	1.46
	83.99	18.68	73.48	-0.00	0.0696	12.26	539.2	404.65	0.0841	729.8	13.137	24.10	15.53	1.46
	85.07	18.68	73.48	-0.00	0.0697	12.28	540.2	405.36	0.0843	734.5	13.221	24.25	15.63	1.46
	85.99	18.68	73.48	-0.00	0.0696	12.25	539.2	404.62	0.0841	731.9	13.175	24.17	15.58	1.46
	87.06	18.70	73.48	-0.00	0.0697	12.28	540.4	405.51	0.0843	734.2	13.216	24.24	15.63	1.46
	88.05	18.68	73.48	0.00	0.0695	12.25	539.1	404.51	0.0841	734.3	13.217	24.24	15.63	1.47
	89.00	18.68	73.48	-0.00	0.0696	12.25	539.0	404.48	0.0845	737.0	13.266	24.33	15.68	1.47
	90.04	18.70	73.48	0.00	0.0695	12.24	538.4	404.05	0.0843	733.2	13.198	24.21	15.60	1.46
	90.98	18.71	73.48	0.00	0.0695	12.22	537.6	403.49	0.0848	740.3	13.326	24.45	15.76	1.46
	91.98	18.70	73.48	-0.00	0.0695	12.22	537.6	403.46	0.0841	731.5	13.167	24.15	15.57	1.46
	92.98	18.70	73.48	0.00	0.0695	12.21	537.4	403.32	0.0843	733.5	13.202	24.22	15.61	1.46
	93.99	18.70	73.48	-0.00	0.0695	12.24	538.4	404.00	0.0844	735.5	13.239	24.29	15.65	1.47
	95.00	18.70	73.48	-0.00	0.0695	12.22	537.8	403.60	0.0844	736.2	13.251	24.31	15.67	1.46
	96.00	18.73	73.46	-0.00	0.0695	12.23	537.9	403.87	0.0843	734.2	13.215	24.25	15.63	1.46
	96.99	18.71	73.51	0.00	0.0695	12.22	537.6	403.35	0.0843	733.7	13.206	24.22	15.61	1.46
	98.00	18.70	73.46	0.00	0.0694	12.21	537.4	403.41	0.0843	733.3	13.199	24.22	15.61	1.46
	98.98	18.71	73.48	0.00	0.0694	12.20	536.8	402.88	0.0841	730.8	13.154	24.13	15.55	1.47
	100.00	18.71	73.48	-0.00	0.0694	12.22	537.7	403.55	0.0842	735.8	13.245	24.30	15.66	1.46
	101.00	18.71	73.48	0.00	0.0694	12.20	536.8	402.87	0.0839	730.1	13.141	24.11	15.54	1.47
	101.98	18.73	73.48	-0.00	0.0694	12.21	537.3	403.24	0.0843	733.6	13.204	24.22	15.61	1.46
	102.99	18.73	73.48	-0.00	0.0694	12.21	537.4	403.36	0.0841	733.4	13.202	24.22	15.61	1.46
	103.99	18.73	73.48	-0.00	0.0695	12.22	537.8	403.67	0.0849	742.5	13.365	24.52	15.80	1.46
	104.99	18.73	73.48	0.00	0.0694	12.21	537.1	403.09	0.0844	735.3	13.236	24.28	15.65	1.47
	105.97	18.73	73.48	0.00	0.0694	12.20	536.8	402.89	0.0843	733.9	13.210	24.24	15.62	1.47
	106.99	18.71	73.48	0.00	0.0694	12.19	536.5	402.61	0.0843	733.8	13.209	24.23	15.62	1.46
	107.97	18.75	73.48	0.00	0.0694	12.20	536.7	402.82	0.0846	738.4	13.292	24.39	15.72	1.46
	109.00	18.76	73.51	-0.00	0.0694	12.21	537.1	402.99	0.0846	738.8	13.299	24.39	15.73	1.47
	109.98	18.73	73.48	0.00	0.0694	12.20	536.9	402.97	0.0849	740.7	13.332	24.46	15.76	1.46
	110.96	18.75	73.48	0.00	0.0694	12.22	537.5	403.41	0.0846	739.1	13.304	24.41	15.73	1.47
	111.98	18.76	73.46	0.00	0.0693	12.19	536.3	402.66	0.0846	738.6	13.295	24.40	15.72	1.47
	112.99	18.75	73.48	-0.00	0.0694	12.20	536.6	402.77	0.0845	736.8	13.262	24.33	15.68	1.47
	113.99	18.78	73.51	0.00	0.0693	12.19	536.2	402.37	0.0843	735.4	13.237	24.28	15.65	1.46
	114.97	18.76	73.48	0.00	0.0693	12.18	535.7	402.14	0.0844	736.1	13.249	24.31	15.67	1.47
	116.00	18.76	73.48	0.00	0.0691	12.15	534.7	401.32	0.0850	739.2	13.305	24.41	15.73	1.47
	116.97	18.76	73.48	0.00	0.0690	12.12	533.3	400.32	0.0853	747.2	13.449	24.68	15.90	1.47
	117.98	18.78	73.48	0.00	0.0692	12.16	534.8	401.47	0.0848	740.7	13.332	24.46	15.77	1.47
	119.00	18.76	73.48	0.00	0.0693	12.17	535.6	402.01	0.0850	744.1	13.394	24.58	15.84	1.47
	120.00	18.80	73.48	-0.00	0.0692	12.19	536.2	402.50	0.0847	740.2	13.324	24.45	15.76	1.47
	121.00	18.78	73.48	0.00	0.0693	12.16	535.2	401.78	0.0846	737.7	13.279	24.37	15.70	1.47
