Jul 22 2015 at 9:44:45
Frequency: 1.00Hz.
CO2
Zero:  Value:0.95  Date:18 Mar 2005	 at 07:22:33	
Span:  Value:1.00  Date:18 Mar 2005	 at 07:25:09	
H2O
Zero:  Value:0.71  Date:18 Mar 2005	 at 07:52:31	
Span:  Value:0.99  Date:18 Mar 2005	 at 11:44:01	
	Relative Time	Temperature	Pressure	Aux Input	CO2 Absorptance	CO2 mmol/m3	CO2 mg/m3	CO2 umol/mol	H2O Absorptance	H2O mmol/m3	H2O g/m3	H2O mmol/mol	H2O(°C)	Cooler Voltage
	0.45	23.69	73.46	0.00	0.0687	12.05	530.2	404.82	0.0718	578.0	10.405	19.42	12.20	1.57
	1.45	23.70	73.48	-0.00	0.0686	12.02	528.9	403.74	0.0716	577.0	10.386	19.38	12.18	1.57
	2.45	23.72	73.46	0.00	0.0685	12.01	528.6	403.62	0.0713	573.8	10.329	19.28	12.09	1.57
	3.46	23.71	73.48	0.00	0.0685	12.01	528.4	403.39	0.0716	577.0	10.386	19.38	12.18	1.57
	4.46	23.73	73.48	0.00	0.0685	12.01	528.6	403.53	0.0717	578.6	10.414	19.43	12.22	1.57
	5.55	23.71	73.46	-0.00	0.0686	12.02	528.7	403.72	0.0717	577.2	10.390	19.39	12.18	1.57
	6.46	23.73	73.48	0.00	0.0685	12.01	528.6	403.54	0.0717	577.5	10.395	19.40	12.19	1.57
	7.46	23.73	73.46	0.00	0.0685	12.01	528.3	403.45	0.0720	579.6	10.433	19.48	12.25	1.57
	8.46	23.75	73.51	0.00	0.0685	12.01	528.5	403.33	0.0718	579.3	10.428	19.45	12.24	1.57
	9.47	23.77	73.46	-0.00	0.0686	12.02	529.1	404.06	0.0722	582.9	10.492	19.59	12.33	1.57
	10.47	23.75	73.46	0.00	0.0684	11.99	527.3	402.73	0.0718	579.0	10.421	19.45	12.23	1.57
	11.47	23.75	73.46	-0.00	0.0685	12.00	527.8	403.08	0.0718	578.2	10.408	19.43	12.21	1.57
	12.46	23.75	73.48	-0.00	0.0684	11.99	527.7	402.85	0.0717	577.5	10.396	19.40	12.19	1.57
	13.45	23.75	73.46	0.00	0.0685	12.00	528.0	403.25	0.0717	577.4	10.392	19.40	12.19	1.57
	14.46	23.75	73.46	0.00	0.0684	11.99	527.4	402.76	0.0716	577.0	10.386	19.39	12.18	1.57
	15.44	23.75	73.46	0.00	0.0684	12.00	528.0	403.23	0.0717	577.8	10.401	19.42	12.20	1.57
	16.47	23.74	73.48	-0.00	0.0684	12.00	527.8	402.96	0.0717	577.1	10.388	19.39	12.18	1.57
	17.44	23.77	73.48	0.00	0.0684	11.98	527.1	402.40	0.0720	580.4	10.448	19.50	12.27	1.57
	18.47	23.75	73.46	-0.00	0.0682	11.95	526.0	401.70	0.0723	583.2	10.497	19.60	12.34	1.57
	19.45	23.75	73.46	0.00	0.0684	11.96	526.3	401.92	0.0721	582.5	10.486	19.58	12.32	1.57
	20.45	23.75	73.48	0.00	0.0683	11.96	526.1	401.62	0.0721	582.9	10.492	19.58	12.33	1.57
	21.54	23.78	73.48	-0.00	0.0683	11.95	526.0	401.59	0.0725	587.3	10.572	19.73	12.45	1.57
	22.45	23.75	73.48	0.00	0.0683	11.95	525.9	401.49	0.0725	585.9	10.547	19.68	12.41	1.57
	23.46	23.75	73.48	-0.00	0.0682	11.93	525.1	400.87	0.0722	587.5	10.575	19.73	12.45	1.57
	24.45	23.77	73.46	0.00	0.0682	11.94	525.6	401.41	0.0722	584.1	10.514	19.63	12.37	1.57
	25.44	23.73	73.46	0.00	0.0683	11.94	525.5	401.30	0.0726	587.6	10.577	19.74	12.45	1.57
	26.46	23.75	73.48	-0.00	0.0683	11.96	526.3	401.83	0.0725	587.2	10.570	19.72	12.44	1.57
	27.46	23.75	73.46	0.00	0.0682	11.94	525.5	401.30	0.0726	588.6	10.595	19.78	12.48	1.57
	28.45	23.73	73.48	-0.00	0.0682	11.94	525.3	400.99	0.0728	588.7	10.596	19.77	12.48	1.57
	29.45	23.77	73.46	0.00	0.0681	11.93	524.8	400.83	0.0728	589.0	10.602	19.79	12.49	1.57
	30.45	23.75	73.46	0.00	0.0681	11.93	525.0	400.92	0.0728	588.9	10.600	19.79	12.49	1.57
	31.47	23.74	73.48	-0.00	0.0681	11.92	524.3	400.29	0.0729	592.4	10.663	19.90	12.58	1.57
	32.46	23.74	73.48	-0.00	0.0682	11.94	525.3	401.01	0.0728	591.3	10.643	19.86	12.55	1.57
	33.52	23.73	73.46	0.00	0.0682	11.93	525.1	401.02	0.0731	594.5	10.702	19.98	12.63	1.57
	34.46	23.77	73.48	-0.00	0.0682	11.93	525.0	400.81	0.0733	597.8	10.760	20.08	12.72	1.57
	35.46	23.75	73.46	-0.00	0.0682	11.94	525.2	401.11	0.0733	596.8	10.742	20.05	12.69	1.57
	36.46	23.75	73.48	0.00	0.0682	11.94	525.6	401.24	0.0735	597.6	10.757	20.07	12.71	1.57
	37.46	23.76	73.48	0.00	0.0682	11.94	525.3	401.05	0.0738	602.5	10.844	20.24	12.84	1.57
	38.47	23.75	73.48	-0.00	0.0680	11.91	524.2	400.17	0.0735	601.5	10.827	20.21	12.81	1.57
	39.45	23.75	73.46	0.00	0.0680	11.91	524.0	400.17	0.0738	602.3	10.841	20.24	12.83	1.57
	40.47	23.76	73.46	0.00	0.0680	11.91	524.2	400.36	0.0735	600.7	10.813	20.19	12.79	1.57
	41.45	23.76	73.46	0.00	0.0681	11.91	524.2	400.37	0.0740	601.9	10.834	20.23	12.82	1.57
	42.46	23.79	73.46	0.00	0.0680	11.90	523.6	399.91	0.0739	603.4	10.860	20.28	12.86	1.57
	43.45	23.77	73.48	0.00	0.0679	11.88	522.8	399.12	0.0731	595.0	10.710	19.99	12.65	1.57
	44.48	23.79	73.46	-0.00	0.0680	11.90	523.5	399.85	0.0733	596.6	10.739	20.05	12.69	1.57
	45.54	23.78	73.48	0.00	0.0680	11.88	522.8	399.19	0.0739	603.5	10.864	20.28	12.87	1.57
	46.47	23.78	73.46	-0.00	0.0680	11.89	523.1	399.53	0.0739	603.5	10.864	20.28	12.87	1.57
	47.47	23.78	73.46	-0.00	0.0679	11.88	522.8	399.33	0.0741	604.1	10.874	20.30	12.88	1.57
	48.47	23.78	73.46	-0.00	0.0680	11.88	522.7	399.25	0.0745	609.7	10.974	20.49	13.02	1.57
	49.47	23.80	73.48	-0.00	0.0680	11.88	522.9	399.25	0.0746	610.6	10.991	20.52	13.05	1.57
	50.45	23.80	73.48	0.00	0.0679	11.86	522.0	398.59	0.0745	611.7	11.010	20.55	13.07	1.57
	51.47	23.80	73.51	0.00	0.0679	11.88	522.6	398.91	0.0746	611.8	11.012	20.55	13.07	1.57
	52.46	23.80	73.48	-0.00	0.0679	11.88	522.8	399.20	0.0751	616.0	11.088	20.70	13.18	1.57
	53.45	23.80	73.46	0.00	0.0679	11.88	522.5	399.13	0.0753	618.8	11.138	20.80	13.25	1.57
	54.45	23.78	73.46	0.00	0.0679	11.86	521.7	398.49	0.0750	615.7	11.083	20.69	13.17	1.57
	55.46	23.80	73.48	-0.00	0.0679	11.88	522.5	399.00	0.0755	620.2	11.164	20.84	13.28	1.57
	56.46	23.80	73.46	0.00	0.0679	11.87	522.3	398.97	0.0753	621.1	11.179	20.87	13.30	1.57
	57.46	23.80	73.48	-0.00	0.0678	11.86	521.9	398.47	0.0760	623.5	11.223	20.95	13.36	1.57
	58.45	23.82	73.48	0.00	0.0678	11.85	521.5	398.26	0.0757	625.8	11.265	21.03	13.42	1.57
	59.44	23.82	73.43	0.00	0.0678	11.84	521.1	398.22	0.0756	623.4	11.222	20.96	13.36	1.57
	60.45	23.81	73.46	0.00	0.0678	11.85	521.4	398.25	0.0756	623.4	11.222	20.95	13.36	1.57
	61.45	23.81	73.46	-0.00	0.0678	11.85	521.2	398.16	0.0756	623.4	11.221	20.95	13.36	1.57
	62.46	23.82	73.48	-0.00	0.0678	11.85	521.2	398.03	0.0759	626.9	11.283	21.06	13.45	1.57
	63.45	23.81	73.48	0.00	0.0678	11.85	521.4	398.17	0.0759	627.8	11.300	21.09	13.47	1.57
	64.44	23.84	73.46	0.00	0.0678	11.85	521.4	398.33	0.0761	630.1	11.341	21.18	13.53	1.57
	65.46	23.88	73.53	0.00	0.0677	11.83	520.5	397.27	0.0762	630.9	11.356	21.19	13.55	1.57
	66.46	23.86	73.48	0.00	0.0678	11.84	520.9	397.82	0.0763	631.6	11.368	21.22	13.56	1.57
	67.49	23.84	73.46	-0.00	0.0677	11.83	520.5	397.59	0.0764	633.2	11.398	21.28	13.60	1.57
	68.47	23.85	73.46	-0.00	0.0678	11.84	520.8	397.87	0.0764	633.6	11.405	21.30	13.61	1.57
	69.48	23.85	73.48	-0.00	0.0678	11.84	520.7	397.69	0.0765	635.1	11.431	21.34	13.65	1.57
	70.53	23.84	73.48	0.00	0.0677	11.83	520.6	397.53	0.0766	636.1	11.449	21.37	13.67	1.57
	71.45	23.85	73.46	0.00	0.0677	11.82	520.2	397.43	0.0767	638.7	11.496	21.47	13.74	1.57
	72.46	23.89	73.46	0.00	0.0676	11.77	518.0	395.82	0.0766	632.1	11.377	21.25	13.58	1.57
	73.48	23.87	73.46	-0.00	0.0677	11.82	520.1	397.40	0.0767	638.5	11.493	21.46	13.73	1.57
	74.46	23.85	73.46	0.00	0.0676	11.82	520.3	397.48	0.0766	638.4	11.491	21.46	13.73	1.57
	75.44	23.85	73.48	0.00	0.0677	11.82	520.0	397.11	0.0768	639.1	11.504	21.48	13.75	1.57
	76.46	23.87	73.46	0.00	0.0677	11.81	519.7	397.06	0.0769	640.9	11.537	21.55	13.79	1.57
	77.45	23.89	73.48	0.00	0.0677	11.82	520.2	397.34	0.0769	640.9	11.536	21.54	13.79	1.57
	78.47	23.89	73.46	-0.00	0.0677	11.82	520.3	397.51	0.0770	641.8	11.552	21.58	13.81	1.57
	79.47	23.87	73.46	-0.00	0.0677	11.82	520.2	397.44	0.0771	643.4	11.581	21.63	13.85	1.57
	80.47	23.89	73.46	-0.00	0.0677	11.82	520.1	397.39	0.0772	642.6	11.567	21.60	13.83	1.57
	81.54	23.89	73.46	-0.00	0.0677	11.81	519.7	397.11	0.0772	644.0	11.591	21.65	13.86	1.57
	82.45	23.89	73.48	0.00	0.0675	11.79	518.6	396.09	0.0770	641.4	11.546	21.56	13.80	1.57
	83.48	23.89	73.48	-0.00	0.0676	11.79	518.7	396.17	0.0772	643.1	11.576	21.61	13.84	1.57
	84.46	23.91	73.48	-0.00	0.0676	11.80	519.3	396.66	0.0774	646.9	11.644	21.74	13.94	1.57
	85.46	23.91	73.48	0.00	0.0676	11.79	518.6	396.16	0.0775	647.8	11.660	21.77	13.96	1.57
	86.46	23.89	73.51	0.00	0.0676	11.79	518.6	395.99	0.0775	648.4	11.672	21.78	13.97	1.57
	87.45	23.91	73.46	0.00	0.0675	11.77	517.9	395.75	0.0772	644.9	11.609	21.68	13.89	1.57
	88.45	23.92	73.51	0.00	0.0676	11.79	518.6	396.03	0.0777	648.8	11.678	21.80	13.98	1.57
	89.45	23.91	73.48	0.00	0.0676	11.80	519.2	396.56	0.0777	650.6	11.712	21.87	14.03	1.57
	90.47	23.94	73.48	-0.00	0.0675	11.77	517.9	395.66	0.0780	652.4	11.743	21.93	14.07	1.57
	91.45	23.92	73.46	0.00	0.0675	11.78	518.4	396.13	0.0781	655.1	11.792	22.03	14.13	1.57
	92.46	23.92	73.46	-0.00	0.0675	11.78	518.2	395.99	0.0781	654.4	11.780	22.00	14.12	1.57
	93.46	23.92	73.48	-0.00	0.0675	11.76	517.6	395.37	0.0781	653.5	11.764	21.97	14.09	1.57
	94.46	23.94	73.46	-0.00	0.0675	11.79	518.7	396.42	0.0784	657.6	11.836	22.11	14.19	1.57
	95.46	23.94	73.46	0.00	0.0674	11.76	517.2	395.27	0.0787	662.7	11.929	22.28	14.31	1.57
	96.47	23.94	73.46	-0.00	0.0673	11.75	517.0	395.06	0.0783	658.5	11.853	22.14	14.21	1.57
	97.45	23.94	73.51	0.00	0.0673	11.75	516.8	394.66	0.0785	658.9	11.860	22.14	14.22	1.57
	98.47	23.94	73.46	-0.00	0.0674	11.76	517.6	395.54	0.0785	660.0	11.879	22.19	14.25	1.57
	99.45	23.94	73.48	0.00	0.0674	11.75	517.1	395.05	0.0783	657.0	11.826	22.08	14.18	1.57
	100.53	23.98	73.46	0.00	0.0673	11.74	516.4	394.66	0.0785	659.9	11.878	22.19	14.25	1.57
	101.46	23.94	73.46	-0.00	0.0673	11.73	516.1	394.40	0.0786	661.2	11.902	22.23	14.28	1.57
	102.54	23.94	73.46	-0.00	0.0674	11.74	516.6	394.80	0.0785	661.1	11.899	22.23	14.27	1.57
	103.44	23.96	73.48	0.00	0.0674	11.75	517.2	395.13	0.0788	664.5	11.962	22.34	14.35	1.57
	104.46	23.96	73.48	0.00	0.0674	11.76	517.4	395.26	0.0788	664.2	11.955	22.33	14.35	1.57
	105.44	23.96	73.51	0.00	0.0674	11.76	517.6	395.30	0.0788	664.2	11.956	22.32	14.35	1.57
	106.47	23.96	73.48	-0.00	0.0674	11.76	517.3	395.23	0.0790	666.5	11.997	22.40	14.40	1.57
	107.45	23.96	73.46	-0.00	0.0674	11.74	516.6	394.80	0.0790	666.9	12.005	22.43	14.41	1.57
	108.45	23.98	73.48	0.00	0.0674	11.74	516.5	394.65	0.0791	668.1	12.026	22.46	14.44	1.57
	109.45	23.98	73.51	0.00	0.0674	11.76	517.5	395.28	0.0792	667.7	12.018	22.44	14.43	1.57
	110.47	23.96	73.51	-0.00	0.0674	11.77	517.7	395.35	0.0793	669.7	12.054	22.50	14.47	1.57
	111.45	23.97	73.46	0.00	0.0673	11.74	516.6	394.85	0.0792	666.9	12.004	22.43	14.41	1.57
	112.46	23.98	73.48	-0.00	0.0673	11.73	515.9	394.19	0.0790	666.3	11.993	22.40	14.40	1.58
	113.46	23.98	73.46	0.00	0.0674	11.75	517.0	395.13	0.0792	668.1	12.025	22.47	14.44	1.57
	114.46	23.98	73.46	-0.00	0.0673	11.72	515.9	394.26	0.0791	667.0	12.006	22.43	14.41	1.57
	115.46	23.99	73.48	-0.00	0.0673	11.75	517.1	395.09	0.0794	671.2	12.082	22.57	14.51	1.57
	116.45	24.05	73.48	-0.00	0.0674	11.75	517.2	395.24	0.0795	672.3	12.101	22.61	14.54	1.57
	117.45	24.01	73.46	0.00	0.0673	11.72	515.7	394.15	0.0795	672.3	12.101	22.61	14.54	1.57
	118.47	24.01	73.46	0.00	0.0673	11.74	516.4	394.74	0.0797	674.1	12.134	22.67	14.58	1.57
	119.47	24.01	73.46	-0.00	0.0674	11.75	516.9	395.12	0.0797	675.3	12.155	22.71	14.61	1.57
	120.48	24.03	73.46	-0.00	0.0673	11.72	515.9	394.36	0.0797	674.3	12.138	22.68	14.58	1.57
	121.46	24.03	73.46	-0.00	0.0674	11.74	516.6	394.87	0.0797	675.7	12.162	22.73	14.62	1.57
	122.48	24.07	73.48	-0.00	0.0673	11.73	515.9	394.29	0.0798	675.2	12.153	22.70	14.61	1.57
