Jul 22 2015 at 9:14:03
Frequency: 1.00Hz.
CO2
Zero:  Value:0.95  Date:18 Mar 2005	 at 07:22:33	
Span:  Value:1.00  Date:18 Mar 2005	 at 07:25:09	
H2O
Zero:  Value:0.71  Date:18 Mar 2005	 at 07:52:31	
Span:  Value:0.99  Date:18 Mar 2005	 at 11:44:01	
	Relative Time	Temperature	Pressure	Aux Input	CO2 Absorptance	CO2 mmol/m3	CO2 mg/m3	CO2 umol/mol	H2O Absorptance	H2O mmol/m3	H2O g/m3	H2O mmol/mol	H2O(°C)	Cooler Voltage
	0.00	18.96	73.48	-0.00	0.0696	12.24	538.6	404.56	0.0846	737.0	13.265	24.36	15.70	1.47
	0.98	18.96	73.48	-0.00	0.0695	12.24	538.6	404.53	0.0852	741.8	13.352	24.51	15.80	1.47
	1.98	18.96	73.48	0.00	0.0694	12.19	536.3	402.82	0.0842	740.9	13.336	24.49	15.78	1.47
	2.98	18.96	73.48	0.00	0.0695	12.22	537.6	403.83	0.0839	731.3	13.163	24.17	15.58	1.47
	3.98	18.96	73.48	0.00	0.0698	12.27	539.9	405.51	0.0804	701.3	12.623	23.18	14.93	1.47
	5.01	18.96	73.48	-0.00	0.0698	12.29	541.0	406.34	0.0811	693.7	12.487	22.93	14.76	1.47
	5.97	18.96	73.48	0.00	0.0697	12.27	540.1	405.66	0.0816	698.4	12.571	23.08	14.86	1.47
	6.99	18.98	73.46	0.00	0.0697	12.28	540.3	406.03	0.0812	693.7	12.487	22.94	14.76	1.47
	8.05	19.00	73.48	0.00	0.0698	12.31	541.8	406.99	0.0795	672.6	12.107	22.23	14.28	1.48
	8.99	18.98	73.48	0.00	0.0698	12.32	542.1	407.22	0.0821	692.8	12.470	22.90	14.74	1.47
	9.98	18.98	73.46	0.00	0.0698	12.30	541.3	406.77	0.0815	704.2	12.676	23.28	14.99	1.47
	11.00	18.98	73.48	-0.00	0.0698	12.28	540.4	405.95	0.0803	689.1	12.404	22.78	14.65	1.47
	11.98	18.98	73.46	0.00	0.0696	12.25	539.2	405.17	0.0822	713.7	12.847	23.60	15.20	1.47
	12.98	19.00	73.48	0.00	0.0699	12.31	541.8	407.03	0.0809	696.5	12.536	23.02	14.82	1.47
	13.98	18.98	73.48	-0.00	0.0699	12.33	542.5	407.52	0.0797	676.2	12.171	22.35	14.36	1.48
	14.98	19.00	73.46	0.00	0.0700	12.34	542.9	407.96	0.0805	680.9	12.257	22.51	14.47	1.47
	15.99	19.00	73.46	0.00	0.0700	12.35	543.3	408.30	0.0821	701.0	12.618	23.18	14.92	1.47
	17.07	18.99	73.46	0.00	0.0700	12.34	542.8	407.87	0.0809	703.6	12.664	23.26	14.98	1.47
	17.99	19.01	73.48	0.00	0.0700	12.34	543.1	408.03	0.0808	690.0	12.420	22.81	14.68	1.48
	19.00	18.98	73.48	-0.00	0.0698	12.31	541.8	407.01	0.0830	706.5	12.717	23.35	15.04	1.47
	20.00	18.98	73.48	-0.00	0.0699	12.33	542.3	407.36	0.0826	717.9	12.922	23.73	15.29	1.48
	21.00	18.98	73.48	0.00	0.0699	12.32	542.2	407.29	0.0809	693.7	12.487	22.93	14.76	1.47
	21.98	19.01	73.48	0.00	0.0699	12.33	542.3	407.42	0.0813	697.6	12.557	23.06	14.85	1.47
	23.01	19.01	73.48	-0.00	0.0699	12.33	542.3	407.41	0.0816	700.0	12.600	23.14	14.90	1.47
	23.98	19.01	73.48	0.00	0.0700	12.33	542.6	407.62	0.0818	695.4	12.518	22.99	14.80	1.47
	24.99	19.01	73.48	0.00	0.0700	12.33	542.7	407.70	0.0812	697.5	12.555	23.06	14.84	1.48
	25.99	19.03	73.51	0.00	0.0699	12.33	542.5	407.41	0.0817	704.1	12.673	23.27	14.99	1.48
	26.99	19.01	73.48	0.00	0.0698	12.31	541.5	406.77	0.0822	709.2	12.766	23.44	15.10	1.47
	27.99	19.01	73.48	0.00	0.0696	12.26	539.6	405.39	0.0829	716.6	12.898	23.69	15.26	1.48
	28.98	19.03	73.48	0.00	0.0698	12.30	541.2	406.57	0.0828	711.9	12.814	23.53	15.16	1.47
	29.98	19.03	73.46	0.00	0.0698	12.31	541.6	407.07	0.0831	718.3	12.930	23.75	15.30	1.47
	30.98	19.04	73.46	0.00	0.0699	12.31	541.7	407.10	0.0822	707.3	12.732	23.39	15.06	1.48
	31.98	19.05	73.46	0.00	0.0699	12.32	542.2	407.50	0.0826	710.9	12.796	23.51	15.14	1.48
	32.99	19.05	73.48	-0.00	0.0698	12.31	541.8	407.09	0.0827	715.5	12.879	23.65	15.24	1.47
	33.98	19.04	73.48	0.00	0.0698	12.30	541.2	406.63	0.0834	720.7	12.972	23.82	15.35	1.48
	34.96	19.04	73.48	0.00	0.0698	12.32	542.2	407.39	0.0833	721.5	12.987	23.85	15.37	1.48
	35.99	19.05	73.48	-0.00	0.0699	12.31	541.8	407.12	0.0827	712.9	12.832	23.57	15.19	1.48
	37.00	19.05	73.48	0.00	0.0698	12.30	541.2	406.60	0.0829	717.1	12.908	23.71	15.28	1.48
	37.99	19.04	73.46	0.00	0.0698	12.29	540.9	406.56	0.0831	719.0	12.942	23.78	15.32	1.48
	39.00	19.03	73.48	-0.00	0.0699	12.32	542.2	407.37	0.0830	716.6	12.899	23.69	15.27	1.48
	39.98	19.05	73.48	0.00	0.0700	12.34	543.0	407.94	0.0831	718.6	12.935	23.76	15.31	1.48
	41.00	19.04	73.46	-0.00	0.0700	12.33	542.7	407.89	0.0831	719.5	12.952	23.79	15.33	1.48
	41.99	19.06	73.48	-0.00	0.0700	12.33	542.4	407.58	0.0831	716.9	12.905	23.70	15.27	1.48
	43.01	19.06	73.48	-0.00	0.0699	12.33	542.5	407.62	0.0830	717.8	12.920	23.73	15.29	1.48
	43.99	19.08	73.48	0.00	0.0699	12.33	542.4	407.58	0.0830	717.8	12.920	23.73	15.29	1.48
	44.99	19.06	73.48	0.00	0.0699	12.33	542.5	407.62	0.0831	719.2	12.945	23.78	15.32	1.48
	45.99	19.06	73.48	0.00	0.0700	12.36	543.7	408.50	0.0834	722.1	12.998	23.87	15.39	1.48
	46.99	19.08	73.48	0.00	0.0700	12.34	542.8	407.87	0.0833	721.4	12.985	23.85	15.37	1.48
	48.00	19.08	73.48	0.00	0.0700	12.34	543.0	408.05	0.0834	721.6	12.989	23.86	15.38	1.48
	49.00	19.08	73.48	-0.00	0.0701	12.36	543.7	408.58	0.0839	729.3	13.127	24.11	15.54	1.48
	50.01	19.06	73.48	-0.00	0.0700	12.35	543.5	408.34	0.0836	727.4	13.094	24.05	15.50	1.48
	51.00	19.08	73.48	-0.00	0.0700	12.35	543.5	408.38	0.0838	727.6	13.096	24.06	15.50	1.48
	51.98	19.06	73.51	0.00	0.0700	12.34	543.0	407.88	0.0836	725.8	13.064	23.99	15.46	1.48
	53.06	19.06	73.51	0.00	0.0699	12.32	541.9	407.03	0.0836	723.9	13.029	23.92	15.42	1.48
	53.99	19.09	73.48	0.00	0.0700	12.34	542.9	408.00	0.0838	728.0	13.105	24.07	15.51	1.48
	54.99	19.08	73.46	0.00	0.0700	12.35	543.3	408.40	0.0840	730.5	13.148	24.16	15.57	1.48
	55.99	19.08	73.48	0.00	0.0701	12.36	544.0	408.77	0.0843	734.3	13.217	24.28	15.65	1.48
	56.99	19.11	73.48	0.00	0.0701	12.38	544.5	409.20	0.0845	737.0	13.267	24.37	15.71	1.48
	57.99	19.06	73.48	0.00	0.0701	12.37	544.3	408.95	0.0841	735.3	13.235	24.31	15.67	1.48
	59.00	19.08	73.48	-0.00	0.0701	12.36	543.8	408.59	0.0843	733.7	13.207	24.26	15.64	1.48
	60.00	19.11	73.48	0.00	0.0701	12.36	544.0	408.84	0.0844	735.9	13.246	24.33	15.68	1.48
	61.00	19.13	73.51	-0.00	0.0700	12.33	542.5	407.61	0.0847	740.5	13.328	24.48	15.78	1.48
	61.99	19.09	73.48	0.00	0.0701	12.36	544.0	408.82	0.0851	746.3	13.433	24.67	15.90	1.48
	62.98	19.11	73.48	0.00	0.0700	12.35	543.2	408.25	0.0851	747.1	13.447	24.70	15.92	1.48
	63.99	19.11	73.48	-0.00	0.0700	12.36	543.7	408.59	0.0857	748.9	13.480	24.76	15.96	1.48
	65.07	19.09	73.48	-0.00	0.0698	12.29	541.0	406.52	0.0861	752.7	13.548	24.89	16.03	1.48
	66.00	19.11	73.48	-0.00	0.0696	12.26	539.4	405.34	0.0856	755.9	13.606	25.00	16.10	1.48
	66.97	19.11	73.48	0.00	0.0695	12.23	538.3	404.52	0.0854	751.5	13.527	24.85	16.01	1.48
	68.00	19.15	73.48	-0.00	0.0698	12.27	539.7	405.63	0.0853	748.6	13.475	24.76	15.95	1.48
	69.06	19.13	73.48	0.00	0.0699	12.31	541.8	407.17	0.0853	755.7	13.603	24.99	16.10	1.48
	69.98	19.11	73.46	0.00	0.0700	12.33	542.6	407.94	0.0857	751.1	13.519	24.84	16.00	1.48
	70.98	19.14	73.48	0.00	0.0699	12.34	543.0	408.13	0.0859	753.8	13.568	24.93	16.06	1.48
	71.98	19.13	73.48	0.00	0.0699	12.31	541.5	406.97	0.0857	754.7	13.585	24.96	16.08	1.48
	72.98	19.13	73.51	0.00	0.0700	12.34	542.8	407.82	0.0855	753.1	13.556	24.90	16.05	1.48
	73.99	19.13	73.48	-0.00	0.0699	12.33	542.6	407.79	0.0855	750.8	13.515	24.83	16.00	1.48
	75.00	19.13	73.48	-0.00	0.0700	12.33	542.6	407.80	0.0853	749.2	13.486	24.77	15.96	1.48
	75.99	19.14	73.48	-0.00	0.0699	12.33	542.4	407.66	0.0855	749.4	13.490	24.78	15.97	1.48
	76.97	19.13	73.48	0.00	0.0699	12.33	542.3	407.58	0.0856	750.2	13.504	24.81	15.99	1.48
	77.98	19.15	73.48	-0.00	0.0699	12.33	542.3	407.62	0.0856	750.4	13.507	24.82	15.99	1.48
	78.98	19.16	73.46	-0.00	0.0698	12.30	541.3	407.00	0.0859	755.1	13.592	24.98	16.09	1.48
	80.00	19.14	73.48	0.00	0.0698	12.29	540.8	406.47	0.0857	753.6	13.566	24.92	16.06	1.48
	80.98	19.13	73.46	0.00	0.0697	12.28	540.2	406.16	0.0858	753.7	13.567	24.93	16.06	1.48
	81.99	19.15	73.48	-0.00	0.0698	12.30	541.0	406.61	0.0855	751.0	13.519	24.84	16.00	1.48
	82.99	19.16	73.46	0.00	0.0698	12.30	541.2	406.90	0.0855	750.3	13.506	24.82	15.99	1.48
	83.99	19.16	73.48	0.00	0.0698	12.29	540.9	406.53	0.0853	747.7	13.458	24.73	15.93	1.48
	85.00	19.16	73.43	-0.00	0.0698	12.29	540.8	406.80	0.0860	754.8	13.587	24.98	16.08	1.48
	86.00	19.16	73.48	-0.00	0.0698	12.31	541.6	407.12	0.0858	756.3	13.614	25.01	16.11	1.48
	86.99	19.16	73.48	0.00	0.0698	12.30	541.3	406.83	0.0863	758.8	13.658	25.09	16.17	1.48
	88.00	19.16	73.48	-0.00	0.0697	12.28	540.3	406.12	0.0860	756.9	13.624	25.03	16.13	1.48
	88.98	19.16	73.46	-0.00	0.0698	12.29	540.6	406.50	0.0859	755.5	13.600	25.00	16.10	1.48
	90.00	19.16	73.48	-0.00	0.0698	12.28	540.4	406.15	0.0856	751.5	13.527	24.85	16.01	1.48
	91.01	19.18	73.48	-0.00	0.0698	12.29	541.0	406.63	0.0859	754.8	13.587	24.97	16.08	1.48
	91.98	19.18	73.48	0.00	0.0697	12.29	540.8	406.53	0.0856	753.2	13.558	24.91	16.05	1.48
	93.01	19.18	73.48	-0.00	0.0697	12.28	540.2	406.07	0.0859	754.7	13.584	24.96	16.08	1.48
	93.97	19.18	73.48	0.00	0.0696	12.25	538.9	405.06	0.0860	757.4	13.633	25.05	16.14	1.48
	94.99	19.18	73.46	0.00	0.0697	12.27	539.7	405.86	0.0859	757.3	13.631	25.05	16.13	1.48
	95.99	19.18	73.46	-0.00	0.0697	12.29	540.8	406.65	0.0860	758.8	13.658	25.10	16.17	1.48
	97.00	19.18	73.51	-0.00	0.0697	12.27	539.8	405.65	0.0862	759.8	13.676	25.12	16.19	1.48
	97.98	19.18	73.48	0.00	0.0697	12.28	540.2	406.05	0.0861	760.0	13.680	25.14	16.19	1.48
	98.98	19.21	73.46	0.00	0.0696	12.25	539.1	405.43	0.0860	757.6	13.637	25.07	16.14	1.48
	99.98	19.20	73.48	0.00	0.0696	12.26	539.4	405.46	0.0860	757.0	13.626	25.04	16.13	1.48
	101.00	19.18	73.51	-0.00	0.0697	12.27	539.9	405.68	0.0860	757.8	13.640	25.05	16.15	1.48
	101.98	19.20	73.46	0.00	0.0697	12.28	540.2	406.25	0.0861	758.6	13.654	25.10	16.16	1.48
	102.99	19.18	73.51	-0.00	0.0698	12.29	540.8	406.35	0.0862	761.5	13.707	25.18	16.22	1.48
	103.97	19.19	73.46	0.00	0.0697	12.28	540.1	406.18	0.0863	758.9	13.660	25.11	16.17	1.48
	105.00	19.20	73.48	-0.00	0.0696	12.26	539.6	405.65	0.0864	763.6	13.744	25.26	16.27	1.48
	106.00	19.20	73.48	-0.00	0.0696	12.25	539.0	405.17	0.0859	754.6	13.583	24.96	16.08	1.48
	107.00	19.19	73.48	0.00	0.0695	12.24	538.7	404.95	0.0858	754.4	13.580	24.95	16.08	1.49
	107.98	19.21	73.48	0.00	0.0697	12.26	539.6	405.66	0.0860	756.3	13.614	25.02	16.12	1.48
	109.08	19.23	73.48	-0.00	0.0696	12.24	538.7	405.00	0.0859	754.9	13.589	24.97	16.09	1.48
	109.98	19.21	73.46	0.00	0.0697	12.27	540.1	406.17	0.0862	759.2	13.666	25.12	16.18	1.48
	111.01	19.23	73.48	-0.00	0.0696	12.25	539.2	405.37	0.0861	758.8	13.659	25.10	16.17	1.48
	111.99	19.23	73.51	-0.00	0.0697	12.28	540.2	405.98	0.0867	765.1	13.771	25.30	16.30	1.48
	112.99	19.23	73.51	0.00	0.0697	12.27	539.8	405.66	0.0864	764.0	13.753	25.27	16.28	1.48
	113.99	19.21	73.48	0.00	0.0695	12.24	538.4	404.74	0.0861	758.3	13.650	25.08	16.16	1.48
	115.00	19.23	73.48	-0.00	0.0696	12.26	539.2	405.41	0.0865	763.2	13.737	25.24	16.26	1.48
	115.99	19.23	73.43	0.00	0.0694	12.22	537.7	404.56	0.0873	773.8	13.929	25.62	16.48	1.48
	116.98	19.23	73.48	0.00	0.0695	12.22	537.9	404.39	0.0872	772.1	13.898	25.54	16.44	1.48
	117.98	19.23	73.51	0.00	0.0695	12.24	538.4	404.63	0.0872	773.1	13.916	25.57	16.46	1.48
	118.98	19.23	73.48	0.00	0.0696	12.24	538.3	404.73	0.0870	770.0	13.860	25.47	16.40	1.48
	119.98	19.23	73.46	0.00	0.0695	12.23	538.1	404.73	0.0875	773.2	13.917	25.59	16.46	1.48
	120.99	19.23	73.46	-0.00	0.0695	12.21	537.2	404.01	0.0871	774.2	13.935	25.62	16.48	1.48
