Jul 22 2015 at 10:55:17
Frequency: 1.00Hz.
CO2
Zero:  Value:0.95  Date:18 Mar 2005	 at 07:22:33	
Span:  Value:1.00  Date:18 Mar 2005	 at 07:25:09	
H2O
Zero:  Value:0.71  Date:18 Mar 2005	 at 07:52:31	
Span:  Value:0.99  Date:18 Mar 2005	 at 11:44:01	
	Relative Time	Temperature	Pressure	Aux Input	CO2 Absorptance	CO2 mmol/m3	CO2 mg/m3	CO2 umol/mol	H2O Absorptance	H2O mmol/m3	H2O g/m3	H2O mmol/mol	H2O(°C)	Cooler Voltage
	0.61	31.66	73.54	-0.00	0.0661	11.47	504.5	395.11	0.0693	547.1	9.847	18.85	11.77	1.69
	1.61	31.64	73.51	0.00	0.0660	11.45	503.7	394.60	0.0697	554.7	9.985	19.12	11.98	1.69
	2.59	31.65	73.51	0.00	0.0660	11.44	503.5	394.50	0.0700	565.7	10.183	19.50	12.28	1.69
	3.60	31.65	73.48	0.00	0.0659	11.42	502.7	393.95	0.0702	556.3	10.013	19.18	12.02	1.69
	4.60	31.65	73.51	0.00	0.0659	11.42	502.4	393.59	0.0708	566.2	10.192	19.52	12.29	1.69
	5.60	31.66	73.51	0.00	0.0659	11.40	501.4	392.85	0.0707	563.1	10.136	19.41	12.21	1.69
	6.60	31.67	73.54	-0.00	0.0658	11.41	502.0	393.16	0.0711	572.6	10.307	19.73	12.46	1.69
	7.58	31.64	73.51	0.00	0.0658	11.39	501.3	392.78	0.0711	571.8	10.292	19.71	12.44	1.69
	8.66	31.68	73.54	0.00	0.0657	11.38	500.6	392.10	0.0714	574.4	10.339	19.80	12.51	1.69
	9.58	31.72	73.54	0.00	0.0658	11.38	500.5	392.12	0.0718	575.7	10.363	19.84	12.55	1.69
	10.61	31.70	73.51	-0.00	0.0657	11.36	500.0	391.81	0.0713	572.7	10.308	19.74	12.47	1.69
	11.59	31.69	73.51	0.00	0.0657	11.37	500.4	392.07	0.0713	573.9	10.330	19.79	12.50	1.69
	12.60	31.67	73.51	0.00	0.0657	11.37	500.3	392.02	0.0714	574.4	10.340	19.80	12.51	1.69
	13.60	31.66	73.51	-0.00	0.0657	11.38	500.6	392.21	0.0706	561.3	10.103	19.35	12.16	1.69
	14.60	31.69	73.54	0.00	0.0660	11.42	502.3	393.43	0.0717	576.4	10.376	19.87	12.56	1.69
	15.58	31.70	73.51	0.00	0.0658	11.41	502.0	393.33	0.0721	580.8	10.454	20.02	12.68	1.69
	16.60	31.70	73.51	0.00	0.0661	11.43	503.1	394.25	0.0720	579.3	10.427	19.97	12.64	1.69
	17.60	31.70	73.51	0.00	0.0663	11.53	507.3	397.49	0.0721	584.4	10.520	20.15	12.78	1.69
	18.61	31.68	73.51	-0.00	0.0663	11.48	505.0	395.68	0.0734	600.3	10.805	20.70	13.18	1.69
	19.59	31.67	73.54	0.00	0.0663	11.48	505.2	395.70	0.0728	592.5	10.665	20.42	12.98	1.69
	20.61	31.65	73.51	0.00	0.0663	11.50	506.2	396.59	0.0727	588.0	10.585	20.27	12.87	1.69
	21.59	31.70	73.51	0.00	0.0662	11.47	504.7	395.48	0.0730	588.1	10.586	20.28	12.87	1.69
	22.60	31.68	73.51	-0.00	0.0662	11.46	504.4	395.22	0.0732	593.5	10.683	20.46	13.01	1.69
	23.60	31.69	73.51	-0.00	0.0661	11.46	504.3	395.18	0.0729	592.0	10.656	20.41	12.97	1.69
	24.59	31.68	73.51	-0.00	0.0659	11.41	502.2	393.46	0.0721	582.3	10.482	20.08	12.72	1.69
	25.60	31.68	73.54	0.00	0.0659	11.41	502.3	393.40	0.0723	584.3	10.518	20.14	12.77	1.69
	26.68	31.66	73.54	-0.00	0.0660	11.42	502.3	393.42	0.0724	583.6	10.505	20.11	12.75	1.69
	27.61	31.63	73.51	0.00	0.0664	11.50	505.9	396.32	0.0728	589.5	10.611	20.32	12.90	1.69
	28.59	31.64	73.51	0.00	0.0662	11.48	505.1	395.75	0.0726	588.7	10.597	20.29	12.88	1.69
	29.58	31.66	73.54	0.00	0.0659	11.43	503.1	394.05	0.0720	583.9	10.511	20.12	12.76	1.69
	30.61	31.61	73.51	0.00	0.0663	11.48	505.0	395.60	0.0731	588.8	10.599	20.30	12.89	1.69
	31.67	31.64	73.48	0.00	0.0663	11.51	506.5	396.97	0.0728	590.5	10.628	20.36	12.93	1.69
	32.59	31.65	73.51	0.00	0.0661	11.46	504.3	395.11	0.0725	585.5	10.540	20.19	12.80	1.69
	33.59	31.65	73.54	0.00	0.0665	11.52	507.1	397.15	0.0735	596.6	10.739	20.56	13.09	1.69
	34.60	31.63	73.54	0.00	0.0663	11.51	506.5	396.63	0.0730	595.4	10.718	20.52	13.06	1.69
	35.60	31.63	73.48	0.00	0.0661	11.46	504.3	395.24	0.0727	588.6	10.594	20.30	12.88	1.69
	36.58	31.61	73.48	0.00	0.0661	11.46	504.4	395.30	0.0727	589.5	10.610	20.32	12.90	1.69
	37.60	31.64	73.51	0.00	0.0661	11.47	504.5	395.27	0.0727	589.1	10.605	20.31	12.90	1.69
	38.66	31.61	73.51	0.00	0.0661	11.47	504.6	395.28	0.0728	589.2	10.606	20.31	12.90	1.69
	39.59	31.64	73.54	0.00	0.0662	11.48	505.1	395.57	0.0728	590.4	10.627	20.34	12.93	1.70
	40.67	31.63	73.48	-0.00	0.0662	11.48	505.2	395.89	0.0728	591.8	10.652	20.41	12.96	1.70
	41.59	31.66	73.51	0.00	0.0662	11.48	504.9	395.59	0.0728	590.3	10.626	20.35	12.93	1.69
	42.60	31.66	73.54	-0.00	0.0662	11.48	505.2	395.70	0.0726	588.3	10.590	20.27	12.88	1.69
	43.59	31.66	73.51	0.00	0.0661	11.47	504.5	395.30	0.0725	586.4	10.555	20.22	12.83	1.69
	44.60	31.63	73.51	0.00	0.0662	11.47	504.7	395.41	0.0726	587.2	10.570	20.24	12.84	1.70
	45.61	31.61	73.51	-0.00	0.0662	11.48	505.0	395.61	0.0726	588.0	10.585	20.27	12.87	1.70
	46.60	31.62	73.54	0.00	0.0662	11.48	505.1	395.57	0.0729	592.0	10.655	20.40	12.97	1.70
	47.59	31.66	73.51	0.00	0.0663	11.49	505.6	396.11	0.0731	592.1	10.657	20.41	12.97	1.69
	48.61	31.64	73.51	-0.00	0.0662	11.49	505.5	396.06	0.0730	592.3	10.661	20.42	12.98	1.69
	49.69	31.66	73.51	-0.00	0.0662	11.49	505.6	396.13	0.0731	594.2	10.696	20.49	13.03	1.70
	50.67	31.60	73.54	0.00	0.0663	11.51	506.3	396.46	0.0732	594.8	10.707	20.50	13.04	1.70
	51.59	31.63	73.48	0.00	0.0662	11.48	504.9	395.70	0.0726	592.6	10.668	20.44	12.99	1.70
	52.60	31.66	73.51	0.00	0.0662	11.47	504.8	395.50	0.0729	589.9	10.619	20.34	12.92	1.70
	53.60	31.63	73.51	-0.00	0.0661	11.47	504.8	395.45	0.0728	590.9	10.636	20.37	12.94	1.70
	54.60	31.65	73.48	0.00	0.0663	11.49	505.4	396.08	0.0739	593.7	10.686	20.47	13.01	1.70
	55.60	31.68	73.51	-0.00	0.0663	11.50	506.0	396.51	0.0743	606.6	10.920	20.91	13.35	1.70
	56.60	31.70	73.54	0.00	0.0663	11.50	506.1	396.40	0.0738	602.2	10.840	20.76	13.23	1.70
	57.58	31.71	73.51	0.00	0.0662	11.49	505.4	396.07	0.0728	592.4	10.663	20.43	12.98	1.70
	58.62	31.71	73.51	-0.00	0.0662	11.48	505.2	395.92	0.0734	596.2	10.731	20.56	13.08	1.70
	59.59	31.71	73.51	0.00	0.0662	11.48	505.3	395.99	0.0735	600.0	10.800	20.69	13.18	1.70
	60.59	31.71	73.54	0.00	0.0661	11.47	504.5	395.21	0.0734	596.9	10.744	20.57	13.10	1.70
	61.60	31.74	73.54	0.00	0.0661	11.47	504.6	395.28	0.0735	598.7	10.777	20.64	13.15	1.70
	62.60	31.74	73.56	-0.00	0.0661	11.46	504.5	395.07	0.0737	602.1	10.837	20.75	13.23	1.70
	63.60	31.71	73.51	-0.00	0.0661	11.47	504.5	395.37	0.0739	603.3	10.860	20.80	13.26	1.70
	64.58	31.74	73.56	0.00	0.0662	11.47	504.6	395.22	0.0742	606.7	10.921	20.91	13.35	1.70
	65.60	31.70	73.54	0.00	0.0662	11.48	505.0	395.58	0.0743	609.4	10.969	21.00	13.42	1.70
	66.60	31.74	73.54	-0.00	0.0660	11.44	503.4	394.40	0.0742	607.8	10.940	20.95	13.38	1.70
	67.59	31.71	73.51	0.00	0.0660	11.43	502.8	394.00	0.0747	611.0	10.997	21.07	13.46	1.70
	68.66	31.76	73.54	0.00	0.0660	11.44	503.5	394.46	0.0748	613.6	11.046	21.15	13.53	1.70
	69.59	31.76	73.51	-0.00	0.0659	11.43	503.0	394.22	0.0753	620.7	11.172	21.40	13.70	1.70
	70.59	31.76	73.51	0.00	0.0659	11.42	502.6	393.91	0.0751	618.1	11.125	21.31	13.64	1.70
	71.59	31.76	73.51	0.00	0.0659	11.42	502.5	393.87	0.0751	616.3	11.094	21.25	13.59	1.70
	72.62	31.78	73.48	-0.00	0.0660	11.42	502.6	394.11	0.0751	616.9	11.104	21.28	13.61	1.70
	73.58	31.78	73.54	0.00	0.0660	11.44	503.3	394.32	0.0751	616.2	11.091	21.24	13.59	1.70
	74.61	31.75	73.54	0.00	0.0660	11.44	503.2	394.25	0.0752	618.3	11.130	21.31	13.64	1.70
	75.66	31.75	73.51	0.00	0.0660	11.44	503.2	394.36	0.0750	617.8	11.121	21.31	13.63	1.70
	76.58	31.78	73.54	0.00	0.0660	11.43	503.1	394.19	0.0751	617.4	11.113	21.28	13.62	1.70
	77.59	31.73	73.51	-0.00	0.0660	11.44	503.3	394.45	0.0753	619.7	11.155	21.37	13.68	1.70
	78.58	31.76	73.54	0.00	0.0660	11.44	503.3	394.35	0.0754	621.9	11.194	21.44	13.73	1.70
	79.67	31.73	73.51	-0.00	0.0660	11.45	503.7	394.72	0.0755	622.3	11.201	21.46	13.74	1.70
	80.59	31.73	73.48	-0.00	0.0660	11.45	503.7	394.87	0.0759	629.1	11.323	21.70	13.91	1.70
	81.60	31.70	73.51	0.00	0.0660	11.43	503.1	394.22	0.0765	635.5	11.439	21.91	14.06	1.70
	82.60	31.74	73.51	-0.00	0.0658	11.40	501.6	393.08	0.0760	631.5	11.366	21.77	13.97	1.70
	83.60	31.71	73.51	0.00	0.0658	11.38	500.8	392.45	0.0761	629.3	11.327	21.70	13.91	1.70
	84.60	31.72	73.51	0.00	0.0659	11.41	502.1	393.50	0.0760	629.4	11.330	21.70	13.91	1.70
	85.60	31.65	73.54	0.00	0.0658	11.41	501.9	393.05	0.0764	633.1	11.396	21.82	14.00	1.70
	86.61	31.65	73.51	-0.00	0.0657	11.38	500.7	392.29	0.0762	630.0	11.340	21.72	13.92	1.70
	87.59	31.65	73.51	0.00	0.0657	11.37	500.5	392.11	0.0761	630.5	11.349	21.74	13.94	1.70
	88.61	31.70	73.54	-0.00	0.0658	11.40	501.6	392.90	0.0761	630.1	11.342	21.72	13.93	1.70
	89.61	31.70	73.54	-0.00	0.0659	11.42	502.6	393.70	0.0761	629.8	11.337	21.71	13.92	1.70
	90.61	31.63	73.51	-0.00	0.0658	11.40	501.7	393.06	0.0761	630.3	11.346	21.73	13.93	1.70
	91.60	31.68	73.54	-0.00	0.0659	11.40	501.6	392.90	0.0761	630.3	11.345	21.72	13.93	1.70
	92.59	31.68	73.51	0.00	0.0658	11.39	501.3	392.79	0.0761	630.5	11.350	21.74	13.94	1.70
	93.58	31.70	73.56	0.00	0.0657	11.37	500.3	391.78	0.0761	629.9	11.339	21.70	13.93	1.70
	94.58	31.70	73.51	0.00	0.0658	11.39	501.2	392.70	0.0762	631.6	11.368	21.78	13.97	1.70
	95.60	31.72	73.51	-0.00	0.0658	11.39	501.1	392.70	0.0760	629.3	11.327	21.70	13.91	1.70
	96.59	31.74	73.54	0.00	0.0658	11.39	501.2	392.67	0.0759	627.9	11.301	21.64	13.88	1.70
	97.59	31.74	73.54	0.00	0.0658	11.39	501.3	392.73	0.0760	628.3	11.309	21.66	13.89	1.70
	98.61	31.73	73.48	0.00	0.0658	11.39	501.4	393.06	0.0760	628.3	11.310	21.67	13.89	1.70
	99.59	31.75	73.51	0.00	0.0657	11.38	500.6	392.32	0.0760	628.7	11.317	21.68	13.90	1.70
	100.68	31.76	73.54	-0.00	0.0658	11.38	500.6	392.18	0.0761	629.4	11.329	21.70	13.92	1.70
	101.59	31.76	73.54	0.00	0.0658	11.40	501.7	393.04	0.0766	636.9	11.465	21.96	14.10	1.70
	102.59	31.78	73.56	0.00	0.0659	11.41	502.1	393.31	0.0767	636.9	11.465	21.95	14.10	1.70
	103.60	31.78	73.51	-0.00	0.0659	11.42	502.4	393.82	0.0770	640.6	11.531	22.09	14.19	1.70
	104.60	31.78	73.51	-0.00	0.0658	11.40	501.6	393.14	0.0768	639.8	11.516	22.06	14.17	1.70
	105.60	31.78	73.54	-0.00	0.0658	11.39	501.2	392.71	0.0769	639.8	11.516	22.06	14.17	1.70
	106.58	31.78	73.51	0.00	0.0658	11.38	500.8	392.52	0.0769	639.7	11.514	22.06	14.17	1.70
	107.59	31.79	73.54	0.00	0.0657	11.38	500.7	392.31	0.0769	640.2	11.524	22.07	14.18	1.70
	108.59	31.82	73.56	-0.00	0.0657	11.37	500.2	391.86	0.0770	641.8	11.552	22.12	14.22	1.70
	109.61	31.80	73.51	-0.00	0.0658	11.38	500.6	392.39	0.0771	638.8	11.498	22.03	14.15	1.71
	110.57	31.77	73.51	0.00	0.0658	11.39	501.0	392.66	0.0770	641.5	11.547	22.12	14.21	1.70
	111.62	31.77	73.51	-0.00	0.0657	11.38	500.8	392.49	0.0770	641.9	11.555	22.14	14.22	1.70
	112.60	31.80	73.51	-0.00	0.0658	11.38	500.8	392.55	0.0772	642.3	11.561	22.15	14.23	1.70
	113.61	31.80	73.51	-0.00	0.0658	11.39	501.4	392.99	0.0774	645.8	11.624	22.27	14.31	1.70
	114.60	31.81	73.51	-0.00	0.0658	11.39	501.3	392.94	0.0780	648.1	11.665	22.35	14.37	1.71
	115.58	31.82	73.51	0.00	0.0656	11.37	500.3	392.16	0.0774	655.3	11.796	22.60	14.54	1.71
	116.59	31.83	73.54	0.00	0.0657	11.37	500.3	392.11	0.0779	652.0	11.736	22.48	14.46	1.70
	117.58	31.81	73.56	0.00	0.0657	11.38	500.5	392.06	0.0780	654.7	11.785	22.57	14.53	1.70
	118.59	31.86	73.51	0.00	0.0656	11.35	499.6	391.72	0.0775	647.4	11.653	22.33	14.36	1.70
	119.57	31.86	73.51	0.00	0.0657	11.37	500.2	392.16	0.0786	654.2	11.776	22.57	14.52	1.70
	120.59	31.83	73.56	0.00	0.0656	11.36	499.9	391.62	0.0782	656.6	11.819	22.63	14.57	1.71
