Jul 22 2015 at 10:29:51
Frequency: 1.00Hz.
CO2
Zero:  Value:0.95  Date:18 Mar 2005	 at 07:22:33	
Span:  Value:1.00  Date:18 Mar 2005	 at 07:25:09	
H2O
Zero:  Value:0.71  Date:18 Mar 2005	 at 07:52:31	
Span:  Value:0.99  Date:18 Mar 2005	 at 11:44:01	
	Relative Time	Temperature	Pressure	Aux Input	CO2 Absorptance	CO2 mmol/m3	CO2 mg/m3	CO2 umol/mol	H2O Absorptance	H2O mmol/m3	H2O g/m3	H2O mmol/mol	H2O(°C)	Cooler Voltage
	0.44	30.53	73.51	0.00	0.0678	11.85	521.4	407.04	0.0702	567.3	10.211	19.49	12.26	1.66
	1.44	30.53	73.51	0.00	0.0678	11.84	520.8	406.52	0.0704	568.6	10.234	19.53	12.30	1.66
	2.51	30.61	73.49	0.00	0.0676	11.78	518.5	404.95	0.0703	558.0	10.045	19.18	12.02	1.66
	3.43	30.56	73.51	-0.00	0.0675	11.78	518.2	404.55	0.0705	561.8	10.112	19.30	12.12	1.66
	4.42	30.58	73.51	0.00	0.0675	11.80	519.1	405.28	0.0713	577.9	10.403	19.85	12.55	1.66
	5.43	30.55	73.51	0.00	0.0675	11.75	517.1	403.65	0.0711	566.6	10.200	19.46	12.25	1.66
	6.43	30.53	73.51	-0.00	0.0674	11.76	517.5	403.97	0.0717	575.8	10.364	19.78	12.49	1.66
	7.44	30.55	73.48	-0.00	0.0673	11.74	516.4	403.24	0.0720	579.9	10.439	19.93	12.60	1.66
	8.42	30.55	73.51	0.00	0.0673	11.73	516.3	403.02	0.0713	575.7	10.362	19.77	12.49	1.66
	9.44	30.58	73.53	0.00	0.0671	11.70	514.7	401.71	0.0713	571.6	10.289	19.63	12.38	1.66
	10.44	30.57	73.51	-0.00	0.0671	11.68	513.8	401.15	0.0713	574.0	10.332	19.72	12.45	1.66
	11.45	30.55	73.51	-0.00	0.0670	11.67	513.6	400.93	0.0710	570.9	10.276	19.61	12.36	1.66
	12.43	30.55	73.48	-0.00	0.0668	11.65	512.4	400.17	0.0723	585.7	10.542	20.12	12.75	1.66
	13.43	30.58	73.51	0.00	0.0668	11.64	512.1	399.81	0.0728	593.8	10.688	20.40	12.96	1.66
	14.43	30.58	73.51	0.00	0.0668	11.62	511.2	399.13	0.0728	591.6	10.648	20.32	12.91	1.66
	15.43	30.58	73.51	0.00	0.0667	11.61	510.7	398.76	0.0730	596.1	10.730	20.48	13.02	1.66
	16.43	30.58	73.54	0.00	0.0667	11.57	508.9	397.19	0.0723	577.3	10.392	19.83	12.53	1.66
	17.41	30.55	73.51	0.00	0.0665	11.55	508.0	396.60	0.0734	599.3	10.787	20.59	13.10	1.66
	18.44	30.59	73.54	0.00	0.0666	11.55	508.0	396.49	0.0726	593.6	10.684	20.38	12.96	1.66
	19.44	30.57	73.51	-0.00	0.0666	11.59	509.8	397.99	0.0731	588.9	10.600	20.23	12.84	1.66
	20.44	30.57	73.51	0.00	0.0665	11.55	508.1	396.64	0.0729	585.3	10.535	20.10	12.74	1.66
	21.43	30.59	73.51	-0.00	0.0664	11.54	507.9	396.53	0.0737	601.5	10.828	20.67	13.16	1.66
	22.43	30.55	73.51	-0.00	0.0664	11.53	507.5	396.22	0.0732	595.5	10.720	20.46	13.01	1.66
	23.43	30.58	73.48	0.00	0.0663	11.52	507.0	396.01	0.0744	608.2	10.948	20.90	13.33	1.66
	24.41	30.55	73.54	0.00	0.0663	11.53	507.2	395.82	0.0746	609.4	10.969	20.92	13.36	1.66
	25.43	30.59	73.48	0.00	0.0663	11.50	506.1	395.29	0.0747	611.2	11.002	21.00	13.41	1.66
	26.41	30.55	73.48	0.00	0.0662	11.47	504.9	394.28	0.0750	616.8	11.102	21.19	13.54	1.66
	27.44	30.60	73.48	0.00	0.0661	11.46	504.3	393.88	0.0750	617.7	11.119	21.23	13.57	1.66
	28.50	30.60	73.51	0.00	0.0663	11.52	506.7	395.66	0.0744	609.8	10.976	20.95	13.37	1.66
	29.42	30.57	73.48	0.00	0.0664	11.53	507.5	396.36	0.0752	621.8	11.192	21.37	13.67	1.66
	30.44	30.60	73.51	0.00	0.0661	11.51	506.4	395.40	0.0762	621.1	11.179	21.34	13.65	1.66
	31.43	30.59	73.51	-0.00	0.0660	11.43	502.9	392.66	0.0767	637.8	11.481	21.91	14.06	1.66
	32.43	30.57	73.51	0.00	0.0659	11.40	501.8	391.75	0.0772	641.7	11.550	22.04	14.15	1.66
	33.43	30.57	73.51	-0.00	0.0658	11.40	501.5	391.49	0.0773	647.2	11.649	22.23	14.28	1.66
	34.43	30.60	73.46	0.00	0.0658	11.40	501.7	392.00	0.0772	636.7	11.460	21.89	14.03	1.66
	35.43	30.55	73.51	-0.00	0.0657	11.41	502.1	391.99	0.0767	632.9	11.392	21.74	13.94	1.66
	36.43	30.55	73.51	-0.00	0.0657	11.38	500.6	390.80	0.0778	650.4	11.706	22.34	14.36	1.66
	37.42	30.55	73.48	0.00	0.0656	11.35	499.6	390.14	0.0788	661.2	11.901	22.72	14.62	1.66
	38.44	30.58	73.51	-0.00	0.0654	11.32	498.3	389.03	0.0791	667.6	12.016	22.93	14.77	1.66
	39.42	30.57	73.51	0.00	0.0654	11.33	498.4	389.09	0.0789	668.0	12.025	22.95	14.78	1.66
	40.42	30.58	73.48	0.00	0.0652	11.26	495.6	387.08	0.0801	680.9	12.255	23.40	15.07	1.66
	41.42	30.55	73.51	0.00	0.0650	11.23	494.3	385.89	0.0802	680.2	12.244	23.36	15.06	1.66
	42.42	30.58	73.48	0.00	0.0647	11.17	491.4	383.80	0.0806	680.1	12.242	23.37	15.06	1.66
	43.45	30.60	73.48	-0.00	0.0649	11.22	493.6	385.51	0.0807	689.3	12.407	23.69	15.26	1.66
	44.52	30.55	73.51	-0.00	0.0650	11.20	493.0	384.88	0.0808	687.9	12.382	23.63	15.23	1.66
	45.44	30.55	73.51	-0.00	0.0647	11.17	491.5	383.69	0.0816	696.1	12.529	23.91	15.41	1.66
	46.43	30.59	73.49	0.00	0.0647	11.16	491.2	383.65	0.0815	696.8	12.542	23.95	15.43	1.66
	47.44	30.55	73.51	0.00	0.0644	11.10	488.6	381.42	0.0811	695.2	12.513	23.88	15.39	1.66
	48.44	30.53	73.51	-0.00	0.0643	11.06	486.5	379.77	0.0820	701.9	12.634	24.11	15.54	1.66
	49.42	30.48	73.51	0.00	0.0645	11.08	487.6	380.54	0.0815	694.5	12.500	23.85	15.37	1.66
	50.44	30.58	73.54	-0.00	0.0644	11.10	488.2	381.05	0.0824	710.7	12.793	24.41	15.74	1.66
	51.42	30.53	73.51	0.00	0.0645	11.10	488.6	381.40	0.0823	707.0	12.726	24.28	15.66	1.66
	52.43	30.53	73.51	0.00	0.0646	11.12	489.1	381.79	0.0826	711.2	12.802	24.43	15.75	1.66
	53.51	30.51	73.48	-0.00	0.0644	11.10	488.2	381.22	0.0830	714.4	12.859	24.54	15.82	1.66
	54.44	30.53	73.48	-0.00	0.0643	11.09	487.8	380.89	0.0837	720.4	12.967	24.75	15.95	1.66
	55.43	30.53	73.48	0.00	0.0644	11.07	487.0	380.26	0.0833	722.1	12.999	24.81	15.99	1.66
	56.43	30.58	73.51	-0.00	0.0643	11.08	487.4	380.52	0.0837	726.1	13.070	24.94	16.08	1.66
	57.42	30.51	73.48	0.00	0.0642	11.05	486.3	379.71	0.0837	727.0	13.087	24.98	16.09	1.66
	58.42	30.56	73.51	0.00	0.0642	11.04	485.7	379.19	0.0841	730.4	13.147	25.09	16.17	1.66
	59.42	30.55	73.48	0.00	0.0641	11.01	484.6	378.44	0.0842	732.7	13.189	25.18	16.22	1.66
	60.42	30.51	73.51	0.00	0.0641	11.02	484.8	378.39	0.0838	729.1	13.123	25.04	16.14	1.66
	61.43	30.53	73.51	-0.00	0.0641	11.02	485.0	378.56	0.0824	714.3	12.858	24.53	15.82	1.66
	62.43	30.53	73.48	0.00	0.0641	11.02	485.0	378.73	0.0835	723.6	13.024	24.86	16.02	1.66
	63.43	30.56	73.51	0.00	0.0640	11.00	484.1	377.93	0.0845	735.6	13.240	25.27	16.28	1.66
	64.43	30.58	73.51	0.00	0.0640	10.99	483.7	377.61	0.0847	740.5	13.329	25.44	16.38	1.66
	65.50	30.55	73.51	0.00	0.0638	10.98	483.1	377.16	0.0858	745.5	13.419	25.61	16.49	1.66
	66.42	30.53	73.51	0.00	0.0639	10.96	482.2	376.41	0.0852	749.8	13.496	25.75	16.58	1.66
	67.44	30.52	73.51	-0.00	0.0639	10.97	482.5	376.62	0.0846	741.7	13.351	25.47	16.41	1.66
	68.50	30.53	73.48	0.00	0.0636	10.93	481.1	375.69	0.0861	755.5	13.598	25.96	16.70	1.66
	69.42	30.57	73.48	0.00	0.0635	10.89	479.1	374.16	0.0868	767.8	13.821	26.39	16.95	1.66
	70.44	30.56	73.51	-0.00	0.0636	10.92	480.6	375.22	0.0861	758.9	13.661	26.07	16.77	1.66
	71.43	30.52	73.48	-0.00	0.0638	10.95	481.9	376.31	0.0844	731.1	13.159	25.12	16.18	1.66
	72.43	30.55	73.51	-0.00	0.0637	10.94	481.4	375.80	0.0860	755.6	13.601	25.95	16.70	1.66
	73.41	30.53	73.53	0.00	0.0637	10.92	480.6	375.00	0.0853	750.5	13.510	25.77	16.59	1.66
	74.43	30.56	73.51	-0.00	0.0636	10.92	480.3	374.96	0.0863	763.9	13.750	26.24	16.87	1.66
	75.43	30.55	73.51	-0.00	0.0637	10.92	480.5	375.10	0.0868	765.3	13.776	26.29	16.90	1.66
	76.52	30.52	73.53	-0.00	0.0635	10.83	476.5	371.79	0.0877	779.9	14.038	26.78	17.20	1.66
	77.50	30.51	73.54	0.00	0.0633	10.83	476.6	371.89	0.0856	765.4	13.776	26.28	16.90	1.66
	78.44	30.56	73.51	0.00	0.0633	10.86	477.9	373.07	0.0868	758.2	13.648	26.04	16.75	1.66
	79.42	30.53	73.48	0.00	0.0635	10.89	479.0	374.08	0.0859	748.7	13.476	25.72	16.55	1.66
	80.42	30.52	73.51	0.00	0.0634	10.87	478.5	373.49	0.0876	780.6	14.050	26.81	17.21	1.66
	81.43	30.53	73.48	-0.00	0.0630	10.80	475.2	371.07	0.0891	790.2	14.223	27.15	17.40	1.66
	82.42	30.56	73.48	0.00	0.0630	10.77	474.1	370.23	0.0889	795.7	14.323	27.34	17.52	1.66
	83.51	30.56	73.51	-0.00	0.0627	10.74	472.7	369.05	0.0893	799.4	14.389	27.46	17.59	1.66
	84.43	30.56	73.49	-0.00	0.0630	10.75	473.1	369.44	0.0881	787.8	14.180	27.07	17.36	1.66
	85.43	30.52	73.48	0.00	0.0630	10.76	473.7	369.85	0.0888	796.7	14.340	27.37	17.53	1.66
	86.42	30.54	73.51	-0.00	0.0630	10.77	473.9	369.93	0.0883	787.5	14.176	27.05	17.35	1.66
	87.42	30.56	73.51	0.00	0.0629	10.76	473.3	369.49	0.0887	789.8	14.216	27.13	17.40	1.66
	88.42	30.52	73.54	-0.00	0.0628	10.75	473.0	369.08	0.0891	803.0	14.454	27.57	17.66	1.66
	89.44	30.55	73.54	0.00	0.0628	10.73	472.2	368.50	0.0890	800.0	14.400	27.47	17.60	1.66
	90.43	30.56	73.46	0.00	0.0627	10.72	471.9	368.65	0.0898	806.8	14.523	27.73	17.74	1.66
	91.43	30.52	73.51	0.00	0.0628	10.71	471.4	367.95	0.0892	804.8	14.486	27.64	17.69	1.66
	92.43	30.60	73.51	0.00	0.0627	10.71	471.4	368.02	0.0885	793.0	14.275	27.24	17.47	1.66
	93.41	30.56	73.51	0.00	0.0626	10.69	470.2	367.11	0.0897	806.2	14.511	27.69	17.72	1.66
	94.43	30.57	73.48	0.00	0.0626	10.70	470.9	367.78	0.0895	805.3	14.496	27.67	17.71	1.66
	95.50	30.56	73.51	0.00	0.0625	10.68	469.9	366.85	0.0889	803.4	14.462	27.60	17.67	1.66
	96.42	30.53	73.48	0.00	0.0623	10.64	468.2	365.60	0.0894	803.7	14.466	27.61	17.67	1.66
	97.42	30.53	73.51	0.00	0.0624	10.64	468.0	365.31	0.0905	807.9	14.543	27.75	17.76	1.66
	98.42	30.56	73.51	0.00	0.0622	10.61	466.9	364.48	0.0909	818.8	14.738	28.12	17.97	1.66
	99.42	30.53	73.51	0.00	0.0621	10.59	465.8	363.63	0.0905	829.0	14.921	28.47	18.17	1.66
	100.42	30.53	73.51	0.00	0.0620	10.58	465.4	363.32	0.0916	831.5	14.966	28.56	18.21	1.66
	101.45	30.53	73.54	-0.00	0.0619	10.55	464.1	362.18	0.0918	837.8	15.081	28.77	18.34	1.66
	102.43	30.53	73.51	-0.00	0.0619	10.55	464.2	362.38	0.0915	832.6	14.987	28.60	18.24	1.66
	103.43	30.55	73.51	0.00	0.0619	10.54	463.6	361.94	0.0914	831.9	14.974	28.58	18.22	1.66
	104.43	30.57	73.51	0.00	0.0621	10.59	465.8	363.65	0.0918	834.5	15.020	28.67	18.27	1.66
	105.44	30.60	73.48	-0.00	0.0618	10.54	463.7	362.21	0.0926	842.5	15.165	28.95	18.43	1.66
	106.42	30.57	73.48	0.00	0.0619	10.53	463.5	361.97	0.0922	840.2	15.124	28.87	18.38	1.66
	107.44	30.55	73.48	-0.00	0.0616	10.52	463.1	361.63	0.0934	850.7	15.313	29.23	18.58	1.66
	108.42	30.53	73.51	0.00	0.0617	10.50	462.0	360.68	0.0917	847.0	15.245	29.09	18.51	1.66
	109.42	30.53	73.48	0.00	0.0617	10.50	462.2	360.93	0.0922	832.0	14.977	28.59	18.22	1.66
	110.43	30.57	73.51	0.00	0.0614	10.46	460.2	359.29	0.0938	862.9	15.532	29.64	18.81	1.66
	111.43	30.53	73.51	0.00	0.0615	10.44	459.3	358.53	0.0935	861.4	15.506	29.59	18.78	1.66
	112.43	30.56	73.51	0.00	0.0616	10.48	461.2	360.04	0.0931	856.7	15.421	29.43	18.69	1.66
	113.51	30.53	73.48	-0.00	0.0617	10.49	461.7	360.52	0.0931	857.5	15.434	29.46	18.71	1.66
	114.43	30.56	73.48	-0.00	0.0614	10.42	458.6	358.18	0.0935	863.4	15.541	29.67	18.82	1.66
	115.44	30.53	73.51	-0.00	0.0613	10.41	458.2	357.70	0.0944	874.3	15.738	30.03	19.02	1.66
	116.42	30.52	73.48	0.00	0.0611	10.37	456.1	356.13	0.0949	881.5	15.868	30.29	19.15	1.66
	117.42	30.53	73.51	0.00	0.0612	10.37	456.4	356.30	0.0944	880.5	15.848	30.24	19.13	1.66
	118.44	30.56	73.51	0.00	0.0611	10.37	456.2	356.15	0.0940	874.6	15.743	30.04	19.02	1.66
	119.42	30.53	73.51	0.00	0.0610	10.39	457.2	356.88	0.0950	863.9	15.549	29.67	18.82	1.67
	120.43	30.53	73.48	0.00	0.0609	10.35	455.4	355.62	0.0949	878.7	15.817	30.19	19.10	1.66
	121.43	30.52	73.48	-0.00	0.0612	10.38	456.8	356.71	0.0947	875.2	15.754	30.07	19.03	1.66
	122.43	30.52	73.48	0.00	0.0611	10.35	455.4	355.60	0.0949	885.9	15.947	30.44	19.23	1.66
	123.43	30.51	73.51	0.00	0.0608	10.33	454.7	354.92	0.0962	885.6	15.941	30.42	19.22	1.66
	124.41	30.53	73.48	0.00	0.0607	10.26	451.5	352.54	0.0961	902.3	16.241	31.00	19.52	1.66
	125.42	30.54	73.51	-0.00	0.0608	10.29	452.8	353.44	0.0950	887.3	15.972	30.48	19.25	1.67
	126.44	30.52	73.48	-0.00	0.0609	10.31	453.7	354.29	0.0950	875.2	15.753	30.07	19.03	1.66
	127.44	30.54	73.51	0.00	0.0609	10.32	454.1	354.48	0.0956	888.9	16.001	30.53	19.28	1.66
	128.42	30.53	73.48	0.00	0.0608	10.29	452.8	353.60	0.0939	871.0	15.679	29.93	18.96	1.66
	129.42	30.52	73.48	0.00	0.0609	10.33	454.5	354.91	0.0941	860.0	15.481	29.55	18.75	1.66
	130.42	30.53	73.51	0.00	0.0607	10.29	452.9	353.52	0.0950	881.2	15.862	30.27	19.14	1.66
	131.41	30.56	73.51	0.00	0.0606	10.26	451.4	352.43	0.0950	888.0	15.984	30.50	19.27	1.66
	132.43	30.54	73.48	-0.00	0.0608	10.29	452.7	353.55	0.0958	889.3	16.008	30.56	19.29	1.66
	133.43	30.53	73.48	-0.00	0.0607	10.27	452.0	352.92	0.0962	899.3	16.188	30.90	19.47	1.66
