Jul 22 2015 at 11:22:30
Frequency: 1.00Hz.
CO2
Zero:  Value:0.95  Date:18 Mar 2005	 at 07:22:33	
Span:  Value:1.00  Date:18 Mar 2005	 at 07:25:09	
H2O
Zero:  Value:0.71  Date:18 Mar 2005	 at 07:52:31	
Span:  Value:0.99  Date:18 Mar 2005	 at 11:44:01	
	Relative Time	Temperature	Pressure	Aux Input	CO2 Absorptance	CO2 mmol/m3	CO2 mg/m3	CO2 umol/mol	H2O Absorptance	H2O mmol/m3	H2O g/m3	H2O mmol/mol	H2O(°C)	Cooler Voltage
	0.28	30.96	73.48	0.00	0.0669	11.65	512.4	400.69	0.0630	479.5	8.631	16.50	9.75	1.66
	1.29	30.99	73.51	0.00	0.0668	11.62	511.3	399.74	0.0628	477.6	8.596	16.43	9.70	1.66
	2.31	31.02	73.54	-0.00	0.0667	11.60	510.4	398.94	0.0624	473.9	8.530	16.30	9.58	1.66
	3.29	31.06	73.56	0.00	0.0665	11.58	509.5	398.16	0.0624	473.0	8.513	16.26	9.55	1.66
	4.29	31.08	73.56	0.00	0.0665	11.57	509.0	397.79	0.0624	472.5	8.504	16.25	9.54	1.66
	5.29	31.10	73.54	0.00	0.0665	11.55	508.1	397.26	0.0621	469.3	8.447	16.14	9.44	1.67
	6.30	31.10	73.51	0.00	0.0663	11.52	506.8	396.36	0.0621	469.1	8.444	16.14	9.43	1.66
	7.30	31.12	73.51	-0.00	0.0665	11.53	507.4	396.81	0.0624	470.8	8.474	16.20	9.49	1.66
	8.31	31.14	73.51	-0.00	0.0664	11.55	508.3	397.53	0.0623	472.6	8.506	16.26	9.55	1.66
	9.28	31.15	73.54	0.00	0.0666	11.59	509.7	398.58	0.0626	474.2	8.535	16.31	9.60	1.66
	10.28	31.17	73.56	0.00	0.0667	11.59	509.7	398.47	0.0627	475.5	8.559	16.36	9.64	1.67
	11.28	31.17	73.54	0.00	0.0666	11.58	509.5	398.44	0.0630	478.5	8.613	16.46	9.73	1.67
	12.31	31.17	73.51	-0.00	0.0667	11.57	509.2	398.32	0.0630	477.5	8.595	16.43	9.70	1.66
	13.29	31.17	73.56	-0.00	0.0665	11.57	509.0	397.91	0.0629	479.0	8.622	16.48	9.75	1.66
	14.27	31.17	73.51	0.00	0.0666	11.57	509.2	398.32	0.0630	479.1	8.625	16.49	9.75	1.66
	15.29	31.15	73.54	0.00	0.0666	11.58	509.4	398.34	0.0631	479.1	8.624	16.48	9.75	1.66
	16.29	31.17	73.51	-0.00	0.0666	11.58	509.3	398.41	0.0630	479.8	8.637	16.52	9.78	1.67
	17.30	31.17	73.54	0.00	0.0666	11.58	509.5	398.42	0.0631	480.4	8.647	16.53	9.79	1.67
	18.36	31.17	73.51	0.00	0.0666	11.57	509.1	398.27	0.0633	482.2	8.679	16.60	9.85	1.66
	19.30	31.18	73.51	0.00	0.0666	11.57	509.1	398.29	0.0635	484.4	8.718	16.67	9.92	1.66
	20.30	31.16	73.51	0.00	0.0666	11.57	509.0	398.14	0.0641	490.2	8.823	16.87	10.09	1.66
	21.28	31.17	73.51	0.00	0.0666	11.58	509.3	398.43	0.0640	491.1	8.839	16.90	10.12	1.66
	22.29	31.17	73.54	-0.00	0.0666	11.56	508.6	397.75	0.0638	488.8	8.799	16.82	10.05	1.67
	23.29	31.19	73.54	-0.00	0.0665	11.56	508.7	397.79	0.0637	487.3	8.772	16.77	10.01	1.67
	24.29	31.17	73.54	0.00	0.0665	11.55	508.2	397.40	0.0638	488.3	8.790	16.80	10.04	1.66
	25.27	31.19	73.54	0.00	0.0665	11.56	508.5	397.64	0.0642	492.1	8.858	16.93	10.15	1.66
	26.30	31.17	73.51	0.00	0.0665	11.54	508.0	397.36	0.0643	491.9	8.855	16.93	10.15	1.66
	27.29	31.15	73.51	-0.00	0.0665	11.56	508.6	397.79	0.0640	491.0	8.838	16.90	10.12	1.66
	28.28	31.17	73.54	-0.00	0.0665	11.54	508.0	397.23	0.0642	491.6	8.848	16.91	10.14	1.67
	29.30	31.15	73.54	0.00	0.0665	11.57	508.9	397.95	0.0648	498.6	8.974	17.15	10.35	1.67
	30.31	31.15	73.51	-0.00	0.0665	11.55	508.3	397.59	0.0647	497.2	8.950	17.11	10.31	1.66
	31.31	31.13	73.54	-0.00	0.0665	11.56	508.8	397.80	0.0646	502.0	9.036	17.27	10.45	1.66
	32.28	31.15	73.51	0.00	0.0665	11.56	508.5	397.77	0.0651	499.7	8.994	17.20	10.38	1.66
	33.29	31.13	73.51	0.00	0.0665	11.55	508.3	397.53	0.0651	499.5	8.991	17.19	10.37	1.66
	34.35	31.14	73.51	0.00	0.0664	11.52	507.1	396.62	0.0649	497.4	8.953	17.12	10.31	1.67
	35.29	31.12	73.51	0.00	0.0664	11.53	507.4	396.88	0.0654	506.4	9.116	17.43	10.58	1.67
	36.29	31.15	73.51	0.00	0.0664	11.54	507.7	397.15	0.0668	517.6	9.317	17.81	10.91	1.66
	37.28	31.15	73.54	0.00	0.0664	11.52	507.1	396.49	0.0660	508.8	9.158	17.51	10.65	1.66
	38.38	31.15	73.54	-0.00	0.0664	11.52	507.0	396.45	0.0658	512.9	9.232	17.65	10.77	1.66
	39.30	31.15	73.54	0.00	0.0664	11.52	507.0	396.41	0.0665	510.7	9.193	17.57	10.71	1.66
	40.30	31.13	73.54	0.00	0.0663	11.52	506.9	396.30	0.0672	527.7	9.499	18.16	11.20	1.67
	41.29	31.15	73.51	-0.00	0.0663	11.51	506.6	396.25	0.0667	523.7	9.427	18.03	11.09	1.66
	42.28	31.19	73.56	0.00	0.0663	11.49	505.7	395.38	0.0675	520.5	9.368	17.90	10.99	1.66
	43.29	31.13	73.54	-0.00	0.0662	11.50	505.9	395.52	0.0672	525.4	9.457	18.08	11.13	1.66
	44.27	31.17	73.54	0.00	0.0662	11.49	505.7	395.42	0.0689	547.5	9.856	18.84	11.76	1.66
	45.29	31.17	73.51	0.00	0.0662	11.49	505.4	395.35	0.0689	541.3	9.743	18.63	11.58	1.67
	46.29	31.15	73.51	0.00	0.0662	11.47	504.9	394.91	0.0679	529.9	9.539	18.24	11.26	1.67
	47.30	31.17	73.51	-0.00	0.0661	11.48	504.9	394.98	0.0679	536.5	9.657	18.47	11.45	1.67
	48.28	31.17	73.54	0.00	0.0661	11.46	504.4	394.42	0.0683	537.5	9.675	18.49	11.48	1.66
	49.30	31.19	73.54	0.00	0.0661	11.47	504.6	394.60	0.0695	549.7	9.895	18.92	11.82	1.67
	50.30	31.16	73.54	-0.00	0.0661	11.46	504.1	394.21	0.0692	544.3	9.798	18.73	11.67	1.66
	51.29	31.21	73.54	0.00	0.0660	11.44	503.3	393.62	0.0673	528.0	9.504	18.17	11.21	1.67
	52.31	31.19	73.54	-0.00	0.0661	11.45	504.0	394.14	0.0689	541.7	9.751	18.64	11.60	1.67
	53.29	31.23	73.48	0.00	0.0660	11.45	503.6	394.14	0.0690	556.3	10.014	19.16	12.00	1.66
	54.29	31.23	73.54	0.00	0.0660	11.44	503.3	393.65	0.0684	537.5	9.674	18.50	11.48	1.67
	55.29	31.25	73.54	-0.00	0.0660	11.43	502.9	393.36	0.0686	543.2	9.777	18.69	11.64	1.67
	56.28	31.23	73.54	0.00	0.0660	11.43	503.0	393.44	0.0693	549.6	9.894	18.92	11.82	1.67
	57.28	31.25	73.54	-0.00	0.0660	11.43	502.9	393.39	0.0690	550.6	9.911	18.95	11.85	1.67
	58.28	31.27	73.51	0.00	0.0659	11.43	503.1	393.69	0.0692	548.6	9.875	18.89	11.79	1.66
	59.28	31.25	73.51	0.00	0.0659	11.43	502.7	393.36	0.0701	557.9	10.042	19.21	12.05	1.66
	60.30	31.22	73.51	-0.00	0.0659	11.42	502.3	392.98	0.0695	558.5	10.053	19.23	12.06	1.67
	61.28	31.25	73.54	0.00	0.0658	11.41	502.0	392.62	0.0697	556.9	10.025	19.17	12.02	1.67
	62.28	31.25	73.51	0.00	0.0659	11.42	502.4	393.09	0.0704	562.8	10.130	19.38	12.18	1.67
	63.30	31.23	73.51	-0.00	0.0659	11.40	501.7	392.53	0.0706	565.9	10.186	19.48	12.26	1.67
	64.30	31.24	73.53	-0.00	0.0658	11.39	501.4	392.15	0.0708	565.5	10.179	19.46	12.25	1.67
	65.29	31.25	73.54	0.00	0.0658	11.40	501.5	392.30	0.0712	567.4	10.214	19.53	12.30	1.67
	66.38	31.27	73.54	-0.00	0.0658	11.39	501.3	392.11	0.0715	570.3	10.265	19.63	12.38	1.67
	67.30	31.27	73.53	-0.00	0.0658	11.40	501.6	392.40	0.0715	575.0	10.350	19.79	12.51	1.67
	68.31	31.24	73.51	-0.00	0.0658	11.41	501.8	392.64	0.0711	572.8	10.310	19.72	12.45	1.67
	69.36	31.29	73.51	0.00	0.0658	11.40	501.5	392.43	0.0709	566.9	10.204	19.52	12.29	1.67
	70.31	31.29	73.51	0.00	0.0657	11.39	501.0	392.05	0.0715	570.9	10.277	19.66	12.40	1.67
	71.29	31.25	73.51	0.00	0.0657	11.38	500.7	391.76	0.0711	570.0	10.261	19.63	12.37	1.67
	72.28	31.29	73.54	0.00	0.0657	11.38	500.6	391.60	0.0715	572.3	10.302	19.70	12.44	1.67
	73.29	31.29	73.54	0.00	0.0657	11.37	500.4	391.48	0.0712	568.3	10.230	19.56	12.33	1.66
	74.27	31.23	73.54	0.00	0.0658	11.38	500.8	391.66	0.0712	577.0	10.386	19.86	12.56	1.67
	75.36	31.29	73.54	0.00	0.0657	11.39	500.9	391.88	0.0719	577.4	10.393	19.87	12.57	1.67
	76.30	31.29	73.48	-0.00	0.0658	11.38	500.9	392.11	0.0714	573.4	10.321	19.75	12.47	1.67
	77.31	31.27	73.54	-0.00	0.0657	11.38	500.8	391.76	0.0720	578.5	10.413	19.91	12.60	1.67
	78.36	31.27	73.54	0.00	0.0657	11.37	500.4	391.44	0.0719	577.7	10.399	19.88	12.58	1.67
	79.30	31.27	73.51	-0.00	0.0657	11.37	500.4	391.54	0.0715	573.8	10.328	19.76	12.47	1.67
	80.29	31.27	73.54	-0.00	0.0657	11.38	500.6	391.58	0.0717	579.3	10.427	19.94	12.62	1.67
	81.29	31.25	73.51	-0.00	0.0657	11.37	500.3	391.46	0.0713	576.3	10.373	19.84	12.54	1.67
	82.28	31.23	73.51	0.00	0.0656	11.35	499.5	390.83	0.0712	569.2	10.245	19.59	12.35	1.67
	83.29	31.25	73.51	0.00	0.0657	11.38	500.5	391.65	0.0720	577.1	10.387	19.87	12.56	1.67
	84.29	31.23	73.51	0.00	0.0657	11.36	500.0	391.20	0.0716	577.6	10.397	19.88	12.57	1.67
	85.30	31.22	73.51	0.00	0.0656	11.36	499.8	391.03	0.0714	576.1	10.369	19.83	12.53	1.67
	86.28	31.23	73.54	0.00	0.0656	11.36	500.1	391.10	0.0720	583.7	10.506	20.09	12.73	1.67
	87.28	31.29	73.51	0.00	0.0657	11.36	499.9	391.19	0.0719	579.5	10.431	19.95	12.63	1.67
	88.28	31.22	73.48	0.00	0.0657	11.36	499.9	391.24	0.0722	584.0	10.511	20.11	12.74	1.67
	89.36	31.25	73.51	-0.00	0.0656	11.35	499.6	390.91	0.0717	577.0	10.385	19.86	12.56	1.67
	90.29	31.25	73.51	-0.00	0.0656	11.35	499.6	390.93	0.0720	579.5	10.430	19.95	12.62	1.67
	91.29	31.27	73.51	0.00	0.0656	11.35	499.3	390.70	0.0724	583.0	10.494	20.07	12.72	1.67
	92.28	31.27	73.54	0.00	0.0656	11.35	499.5	390.70	0.0721	583.8	10.509	20.09	12.74	1.67
	93.30	31.25	73.51	-0.00	0.0656	11.35	499.5	390.87	0.0724	586.2	10.551	20.18	12.80	1.67
	94.29	31.26	73.51	0.00	0.0656	11.35	499.4	390.76	0.0721	583.1	10.496	20.08	12.72	1.67
	95.30	31.26	73.49	-0.00	0.0656	11.35	499.3	390.84	0.0716	577.6	10.397	19.89	12.57	1.67
	96.28	31.29	73.54	0.00	0.0656	11.35	499.3	390.56	0.0717	577.0	10.385	19.86	12.56	1.67
	97.27	31.28	73.54	0.00	0.0656	11.35	499.6	390.80	0.0722	583.8	10.508	20.09	12.74	1.67
	98.30	31.26	73.48	0.00	0.0655	11.34	499.0	390.57	0.0716	576.4	10.374	19.85	12.54	1.67
	99.30	31.29	73.51	-0.00	0.0655	11.34	498.8	390.30	0.0720	580.2	10.444	19.98	12.65	1.67
	100.31	31.25	73.54	0.00	0.0656	11.35	499.3	390.52	0.0721	583.5	10.504	20.08	12.73	1.67
	101.29	31.29	73.54	0.00	0.0655	11.33	498.6	390.03	0.0721	578.9	10.419	19.92	12.61	1.67
	102.29	31.26	73.48	-0.00	0.0655	11.33	498.7	390.37	0.0723	584.2	10.515	20.12	12.75	1.67
	103.29	31.31	73.54	-0.00	0.0655	11.33	498.6	390.06	0.0723	583.9	10.510	20.10	12.74	1.67
	104.29	31.27	73.51	-0.00	0.0656	11.34	499.0	390.47	0.0726	587.0	10.565	20.21	12.82	1.67
	105.28	31.29	73.51	0.00	0.0656	11.34	498.9	390.43	0.0726	588.2	10.587	20.25	12.85	1.67
	106.30	31.31	73.56	0.00	0.0655	11.34	498.9	390.18	0.0725	587.9	10.581	20.23	12.85	1.67
	107.28	31.28	73.54	0.00	0.0656	11.34	499.0	390.34	0.0723	585.9	10.545	20.16	12.79	1.67
	108.36	31.31	73.54	0.00	0.0656	11.34	499.0	390.42	0.0724	584.8	10.526	20.13	12.77	1.67
	109.28	31.27	73.51	0.00	0.0655	11.34	498.8	390.34	0.0723	584.5	10.522	20.13	12.76	1.67
	110.29	31.27	73.48	0.00	0.0656	11.34	499.0	390.61	0.0724	586.0	10.548	20.18	12.79	1.67
	111.29	31.25	73.51	-0.00	0.0655	11.34	499.1	390.52	0.0724	585.3	10.536	20.15	12.78	1.67
	112.31	31.29	73.51	-0.00	0.0655	11.34	499.0	390.48	0.0728	589.2	10.606	20.29	12.88	1.67
	113.27	31.29	73.51	0.00	0.0655	11.33	498.5	390.15	0.0728	590.8	10.634	20.34	12.92	1.67
	114.29	31.29	73.54	0.00	0.0655	11.33	498.6	390.03	0.0729	590.5	10.628	20.32	12.91	1.67
	115.35	31.29	73.51	0.00	0.0655	11.33	498.6	390.16	0.0726	588.8	10.599	20.27	12.87	1.67
	116.28	31.29	73.51	0.00	0.0655	11.32	498.0	389.73	0.0721	582.2	10.480	20.05	12.70	1.67
	117.36	31.27	73.53	-0.00	0.0654	11.31	497.9	389.44	0.0721	582.6	10.488	20.05	12.71	1.67
	118.30	31.25	73.51	-0.00	0.0655	11.33	498.4	389.99	0.0723	585.2	10.534	20.15	12.77	1.67
	119.29	31.25	73.51	0.00	0.0655	11.33	498.5	390.07	0.0724	585.8	10.544	20.17	12.79	1.67
	120.28	31.27	73.51	0.00	0.0655	11.32	498.1	389.78	0.0720	580.8	10.454	20.00	12.66	1.67
	121.31	31.25	73.51	-0.00	0.0655	11.33	498.7	390.21	0.0723	583.1	10.496	20.08	12.72	1.67
	122.29	31.22	73.51	0.00	0.0655	11.34	499.1	390.49	0.0725	588.4	10.591	20.26	12.86	1.67
