Jul 22 2015 at 11:33:53
Frequency: 1.00Hz.
CO2
Zero:  Value:0.95  Date:18 Mar 2005	 at 07:22:33	
Span:  Value:1.00  Date:18 Mar 2005	 at 07:25:09	
H2O
Zero:  Value:0.71  Date:18 Mar 2005	 at 07:52:31	
Span:  Value:0.99  Date:18 Mar 2005	 at 11:44:01	
	Relative Time	Temperature	Pressure	Aux Input	CO2 Absorptance	CO2 mmol/m3	CO2 mg/m3	CO2 umol/mol	H2O Absorptance	H2O mmol/m3	H2O g/m3	H2O mmol/mol	H2O(°C)	Cooler Voltage
	1.06	31.78	73.51	-0.00	0.0687	12.05	530.1	415.46	0.0630	478.6	8.614	16.50	9.77	1.73
	1.98	31.78	73.54	0.00	0.0686	12.05	530.2	415.40	0.0634	483.9	8.709	16.68	9.93	1.73
	2.98	31.77	73.48	0.00	0.0683	11.98	527.2	413.38	0.0634	479.0	8.622	16.52	9.78	1.73
	3.98	31.77	73.53	0.00	0.0683	11.95	525.7	411.92	0.0644	496.7	8.940	17.12	10.32	1.73
	5.01	31.80	73.51	-0.00	0.0679	11.82	520.2	407.76	0.0659	514.4	9.260	17.74	10.85	1.73
	5.99	31.78	73.51	0.00	0.0680	11.88	522.6	409.64	0.0658	508.5	9.152	17.54	10.67	1.73
	7.00	31.80	73.51	-0.00	0.0680	11.93	524.8	411.36	0.0663	505.7	9.102	17.44	10.59	1.73
	7.99	31.80	73.51	0.00	0.0676	11.84	521.1	408.43	0.0678	527.4	9.493	18.19	11.22	1.73
	9.00	31.79	73.56	0.00	0.0679	11.87	522.2	409.06	0.0664	514.4	9.259	17.73	10.85	1.73
	9.98	31.77	73.51	0.00	0.0682	11.93	524.9	411.40	0.0662	512.3	9.222	17.67	10.79	1.73
	11.00	31.76	73.48	-0.00	0.0680	11.90	523.5	410.42	0.0668	519.6	9.353	17.93	11.00	1.73
	11.98	31.80	73.51	0.00	0.0678	11.86	522.1	409.22	0.0674	524.9	9.448	18.10	11.15	1.73
	12.99	31.80	73.48	0.00	0.0677	11.82	520.1	407.86	0.0684	536.7	9.660	18.52	11.49	1.73
	13.98	31.77	73.51	0.00	0.0676	11.81	519.9	407.46	0.0692	539.3	9.707	18.60	11.56	1.73
	14.99	31.82	73.48	-0.00	0.0670	11.70	514.9	403.75	0.0715	569.6	10.253	19.65	12.39	1.73
	15.99	31.80	73.51	0.00	0.0672	11.72	515.7	404.23	0.0699	557.2	10.030	19.22	12.06	1.73
	16.99	31.77	73.51	0.00	0.0674	11.74	516.4	404.72	0.0696	555.7	10.002	19.16	12.01	1.73
	18.00	31.79	73.51	-0.00	0.0673	11.77	518.1	406.11	0.0697	549.9	9.898	18.97	11.85	1.73
	19.00	31.80	73.51	0.00	0.0674	11.76	517.3	405.49	0.0698	553.8	9.968	19.10	11.96	1.73
	20.00	31.80	73.43	-0.00	0.0673	11.75	516.8	405.53	0.0698	556.5	10.017	19.21	12.03	1.73
	21.01	31.77	73.51	0.00	0.0674	11.72	515.6	404.15	0.0696	555.5	10.000	19.16	12.01	1.73
	22.00	31.84	73.51	0.00	0.0673	11.74	516.6	405.05	0.0690	546.5	9.838	18.85	11.76	1.73
	22.99	31.82	73.48	0.00	0.0673	11.74	516.6	405.10	0.0693	550.3	9.906	18.99	11.87	1.73
	23.99	31.81	73.46	0.00	0.0673	11.72	515.7	404.52	0.0695	552.3	9.941	19.06	11.92	1.73
	24.98	31.82	73.51	0.00	0.0674	11.74	516.6	404.96	0.0698	556.3	10.014	19.19	12.03	1.73
	25.99	31.82	73.48	0.00	0.0672	11.73	516.0	404.60	0.0700	558.0	10.044	19.25	12.08	1.73
	26.99	31.84	73.48	-0.00	0.0671	11.66	512.9	402.19	0.0702	558.6	10.054	19.27	12.09	1.73
	27.99	31.86	73.53	0.00	0.0672	11.69	514.5	403.29	0.0705	563.5	10.143	19.43	12.23	1.73
	28.98	31.84	73.51	0.00	0.0671	11.67	513.6	402.67	0.0706	561.8	10.112	19.38	12.18	1.73
	30.00	31.83	73.54	-0.00	0.0671	11.67	513.4	402.32	0.0706	563.4	10.141	19.43	12.22	1.73
	31.00	31.80	73.51	0.00	0.0671	11.67	513.5	402.55	0.0714	572.4	10.303	19.74	12.46	1.73
	31.98	31.81	73.48	0.00	0.0668	11.63	511.8	401.30	0.0716	576.1	10.369	19.88	12.56	1.73
	33.01	31.83	73.48	-0.00	0.0669	11.63	511.7	401.30	0.0721	584.4	10.519	20.16	12.78	1.73
	33.98	31.84	73.51	0.00	0.0669	11.61	511.0	400.63	0.0717	578.1	10.406	19.94	12.62	1.73
	34.98	31.86	73.51	0.00	0.0669	11.65	512.4	401.72	0.0717	578.2	10.408	19.95	12.62	1.73
	35.99	31.83	73.48	0.00	0.0668	11.64	512.0	401.50	0.0721	580.4	10.447	20.03	12.68	1.73
	36.99	31.86	73.51	-0.00	0.0669	11.62	511.3	400.86	0.0721	582.4	10.484	20.09	12.73	1.73
	38.06	31.86	73.48	-0.00	0.0668	11.62	511.3	401.00	0.0725	584.7	10.524	20.18	12.79	1.73
	38.97	31.79	73.51	0.00	0.0668	11.62	511.3	400.75	0.0725	585.0	10.529	20.18	12.79	1.73
	40.00	31.81	73.51	0.00	0.0667	11.60	510.3	400.04	0.0728	588.6	10.595	20.30	12.89	1.73
	41.06	31.83	73.51	0.00	0.0666	11.57	508.9	398.96	0.0735	594.8	10.707	20.52	13.05	1.73
	41.99	31.86	73.54	0.00	0.0667	11.59	509.8	399.56	0.0732	595.0	10.711	20.52	13.06	1.73
	42.99	31.86	73.51	0.00	0.0665	11.54	507.7	398.07	0.0743	605.0	10.889	20.87	13.31	1.73
	43.99	31.85	73.48	0.00	0.0665	11.55	508.1	398.45	0.0737	600.6	10.811	20.73	13.20	1.73
	44.99	31.83	73.54	0.00	0.0664	11.55	508.0	398.12	0.0737	599.4	10.789	20.67	13.17	1.73
	45.99	31.86	73.51	0.00	0.0665	11.54	507.9	398.17	0.0737	600.5	10.808	20.71	13.20	1.73
	47.00	31.85	73.51	0.00	0.0664	11.52	506.8	397.31	0.0739	602.2	10.839	20.77	13.24	1.73
	47.98	31.86	73.51	0.00	0.0664	11.53	507.2	397.66	0.0740	604.2	10.876	20.84	13.29	1.73
	49.00	31.86	73.51	0.00	0.0664	11.54	507.8	398.09	0.0744	607.8	10.940	20.97	13.38	1.73
	50.06	31.84	73.51	0.00	0.0664	11.54	507.6	397.96	0.0746	610.3	10.985	21.05	13.45	1.73
	50.98	31.83	73.51	0.00	0.0663	11.51	506.6	397.17	0.0744	608.9	10.961	21.00	13.41	1.73
	51.98	31.84	73.51	-0.00	0.0663	11.49	505.7	396.47	0.0750	615.1	11.071	21.22	13.57	1.73
	52.98	31.83	73.48	0.00	0.0663	11.49	505.6	396.46	0.0749	617.5	11.114	21.31	13.62	1.73
	53.99	31.83	73.46	-0.00	0.0663	11.51	506.4	397.26	0.0751	617.5	11.115	21.31	13.63	1.73
	55.01	31.82	73.51	-0.00	0.0663	11.50	506.0	396.65	0.0756	623.1	11.216	21.49	13.76	1.73
	56.00	31.85	73.48	-0.00	0.0660	11.43	503.1	394.58	0.0765	636.9	11.464	21.98	14.10	1.73
	57.06	31.83	73.48	0.00	0.0662	11.48	505.1	396.10	0.0761	627.2	11.290	21.64	13.87	1.73
	57.98	31.88	73.51	0.00	0.0660	11.45	503.8	394.99	0.0764	637.9	11.482	22.01	14.13	1.73
	59.00	31.88	73.51	0.00	0.0659	11.43	503.0	394.39	0.0765	636.0	11.447	21.94	14.08	1.73
	59.98	31.88	73.51	0.00	0.0660	11.42	502.5	394.00	0.0775	646.6	11.640	22.31	14.34	1.73
	60.98	31.85	73.46	0.00	0.0660	11.45	503.6	395.09	0.0769	639.8	11.517	22.09	14.17	1.73
	61.98	31.92	73.51	0.00	0.0659	11.43	502.7	394.21	0.0773	642.6	11.567	22.17	14.24	1.73
	62.98	31.90	73.56	0.00	0.0657	11.37	500.2	391.97	0.0779	654.6	11.784	22.57	14.53	1.73
	63.98	31.90	73.48	0.00	0.0657	11.38	500.6	392.66	0.0777	651.5	11.727	22.49	14.46	1.73
	64.99	31.92	73.51	-0.00	0.0658	11.37	500.3	392.36	0.0778	652.9	11.752	22.53	14.49	1.73
	66.00	31.84	73.46	-0.00	0.0656	11.38	500.9	392.98	0.0784	655.1	11.791	22.61	14.54	1.73
	66.99	31.92	73.53	0.00	0.0658	11.39	501.0	392.71	0.0780	655.0	11.790	22.59	14.54	1.73
	68.06	31.91	73.48	-0.00	0.0655	11.35	499.4	391.74	0.0785	658.0	11.844	22.71	14.61	1.73
	69.00	31.86	73.51	-0.00	0.0655	11.34	498.9	391.18	0.0789	661.0	11.898	22.80	14.68	1.73
	69.98	31.88	73.51	0.00	0.0654	11.30	497.3	389.92	0.0795	673.3	12.120	23.23	14.97	1.73
	71.00	31.88	73.48	0.00	0.0655	11.34	498.8	391.24	0.0790	661.4	11.904	22.82	14.69	1.73
	71.98	31.94	73.46	0.00	0.0655	11.33	498.6	391.27	0.0794	668.9	12.039	23.09	14.86	1.73
	72.99	31.96	73.46	0.00	0.0651	11.25	495.2	388.64	0.0803	682.9	12.291	23.58	15.19	1.73
	74.01	31.93	73.46	0.00	0.0655	11.29	496.9	389.96	0.0790	672.1	12.098	23.21	14.94	1.73
	74.99	31.90	73.51	0.00	0.0654	11.31	497.8	390.34	0.0789	666.0	11.989	22.98	14.80	1.73
	76.00	31.94	73.51	-0.00	0.0653	11.30	497.3	389.98	0.0793	669.4	12.050	23.10	14.88	1.73
	77.00	31.94	73.51	0.00	0.0652	11.27	495.8	388.85	0.0799	676.8	12.182	23.35	15.05	1.73
	77.97	31.91	73.48	0.00	0.0652	11.26	495.5	388.69	0.0802	680.4	12.247	23.48	15.13	1.73
	79.00	31.93	73.53	-0.00	0.0652	11.26	495.5	388.40	0.0802	680.2	12.244	23.46	15.13	1.73
	80.00	31.94	73.48	-0.00	0.0650	11.23	494.2	387.66	0.0808	686.8	12.363	23.71	15.28	1.73
	81.00	31.94	73.51	-0.00	0.0652	11.27	495.7	388.76	0.0799	679.3	12.227	23.44	15.10	1.73
	81.99	31.94	73.51	0.00	0.0652	11.24	494.5	387.81	0.0805	688.7	12.396	23.76	15.32	1.73
	82.98	31.91	73.48	0.00	0.0651	11.27	495.9	388.98	0.0807	685.8	12.345	23.67	15.25	1.73
	83.99	31.94	73.54	0.00	0.0651	11.26	495.4	388.35	0.0805	685.2	12.333	23.63	15.24	1.73
	84.99	31.94	73.48	-0.00	0.0650	11.24	494.5	387.93	0.0809	684.6	12.323	23.63	15.23	1.73
	85.97	31.94	73.48	0.00	0.0651	11.20	493.0	386.74	0.0811	703.6	12.664	24.29	15.65	1.73
	87.00	31.94	73.51	-0.00	0.0649	11.22	493.7	387.15	0.0823	698.0	12.563	24.08	15.53	1.73
	88.00	31.91	73.51	-0.00	0.0649	11.20	492.9	386.53	0.0815	696.2	12.531	24.02	15.49	1.73
	89.00	31.88	73.48	-0.00	0.0650	11.18	492.0	385.88	0.0817	701.3	12.623	24.20	15.60	1.73
	90.00	31.94	73.48	-0.00	0.0648	11.17	491.5	385.57	0.0821	711.1	12.800	24.55	15.82	1.73
	90.98	31.94	73.51	0.00	0.0649	11.20	492.8	386.44	0.0814	697.1	12.548	24.06	15.51	1.73
	91.99	31.93	73.48	-0.00	0.0648	11.19	492.6	386.40	0.0815	698.6	12.575	24.11	15.54	1.73
	92.98	31.94	73.51	0.00	0.0649	11.18	492.1	385.91	0.0816	699.4	12.589	24.13	15.56	1.73
	94.05	31.96	73.54	0.00	0.0648	11.19	492.4	386.00	0.0818	702.0	12.636	24.22	15.62	1.73
	94.97	31.96	73.51	0.00	0.0648	11.15	490.8	384.93	0.0821	704.9	12.688	24.33	15.68	1.73
	95.99	31.95	73.46	0.00	0.0646	11.15	490.8	385.18	0.0824	709.7	12.774	24.50	15.79	1.73
	97.00	31.98	73.51	0.00	0.0647	11.14	490.3	384.52	0.0821	705.0	12.690	24.33	15.69	1.73
	97.98	31.93	73.51	0.00	0.0643	11.09	488.0	382.66	0.0829	710.8	12.794	24.53	15.81	1.74
	99.00	31.96	73.48	0.00	0.0642	11.04	485.7	381.04	0.0833	720.8	12.974	24.88	16.03	1.73
	100.00	31.95	73.51	-0.00	0.0643	11.07	487.1	382.04	0.0834	721.4	12.985	24.89	16.04	1.73
	101.00	31.93	73.51	-0.00	0.0646	11.10	488.6	383.13	0.0834	721.0	12.979	24.88	16.04	1.73
	101.99	31.96	73.46	-0.00	0.0645	11.11	488.7	383.56	0.0833	721.7	12.991	24.92	16.05	1.73
	103.07	31.98	73.48	0.00	0.0644	11.08	487.5	382.46	0.0837	729.6	13.132	25.19	16.22	1.73
	103.97	31.95	73.48	0.00	0.0644	11.09	487.8	382.68	0.0838	729.1	13.124	25.17	16.21	1.73
	105.00	31.95	73.48	-0.00	0.0643	11.07	486.9	382.00	0.0846	733.7	13.207	25.33	16.31	1.73
	105.99	31.98	73.51	-0.00	0.0645	11.09	487.9	382.67	0.0839	726.6	13.079	25.08	16.16	1.73
	106.98	31.98	73.48	-0.00	0.0643	11.06	486.8	381.96	0.0844	735.1	13.231	25.38	16.34	1.73
	107.98	31.98	73.48	0.00	0.0643	11.06	486.7	381.83	0.0843	733.9	13.211	25.34	16.32	1.73
	108.98	31.95	73.51	-0.00	0.0643	11.05	486.3	381.40	0.0846	736.4	13.256	25.41	16.37	1.73
	110.01	31.95	73.48	-0.00	0.0642	11.03	485.4	380.83	0.0849	744.3	13.397	25.69	16.53	1.73
	110.99	31.95	73.51	-0.00	0.0642	11.04	485.7	380.93	0.0852	745.3	13.415	25.72	16.56	1.73
	111.99	32.03	73.51	0.00	0.0641	11.03	485.2	380.60	0.0851	747.6	13.456	25.80	16.61	1.73
	112.99	32.00	73.51	-0.00	0.0641	11.05	486.2	381.38	0.0845	718.6	12.934	24.80	15.99	1.73
	113.99	32.00	73.51	-0.00	0.0641	11.03	485.5	380.83	0.0841	724.0	13.031	24.99	16.10	1.73
	114.99	32.00	73.51	0.00	0.0641	11.04	485.9	381.11	0.0842	733.0	13.194	25.30	16.30	1.73
	115.99	32.00	73.48	-0.00	0.0640	11.00	484.2	379.94	0.0852	746.6	13.439	25.78	16.59	1.73
	116.98	31.96	73.48	0.00	0.0639	10.98	483.2	379.08	0.0861	754.3	13.577	26.04	16.75	1.73
	118.05	31.98	73.48	0.00	0.0639	10.98	483.1	379.07	0.0857	752.8	13.551	25.99	16.72	1.73
	119.00	31.95	73.48	-0.00	0.0640	11.01	484.6	380.17	0.0851	742.3	13.361	25.62	16.49	1.73
	120.00	31.94	73.48	-0.00	0.0639	10.98	483.2	379.07	0.0855	750.9	13.516	25.92	16.67	1.73
	120.99	31.98	73.51	-0.00	0.0640	11.00	483.9	379.51	0.0852	746.9	13.444	25.77	16.59	1.73
	122.07	31.95	73.51	-0.00	0.0640	10.99	483.4	379.09	0.0852	748.4	13.471	25.82	16.62	1.73
	122.97	31.98	73.51	0.00	0.0640	10.98	483.1	378.88	0.0850	749.1	13.484	25.85	16.64	1.73
	123.99	31.99	73.46	0.00	0.0640	10.99	483.5	379.47	0.0853	746.9	13.444	25.79	16.59	1.73
	124.99	32.00	73.48	-0.00	0.0640	10.98	483.1	379.04	0.0854	746.9	13.445	25.79	16.59	1.73
	125.97	32.00	73.51	0.00	0.0639	10.97	482.6	378.51	0.0858	751.1	13.520	25.92	16.68	1.73
	126.98	32.02	73.48	0.00	0.0639	10.96	482.5	378.58	0.0846	744.1	13.394	25.69	16.53	1.73
	127.98	32.00	73.48	0.00	0.0638	10.95	481.7	377.97	0.0856	753.7	13.567	26.02	16.74	1.73
	129.07	31.96	73.51	-0.00	0.0638	10.96	482.4	378.32	0.0864	763.7	13.747	26.36	16.94	1.73
	130.00	32.04	73.48	-0.00	0.0638	10.96	482.1	378.34	0.0853	747.3	13.451	25.80	16.60	1.73
	130.99	32.00	73.48	0.00	0.0637	10.94	481.4	377.75	0.0860	760.8	13.694	26.27	16.88	1.73
	131.98	32.01	73.51	0.00	0.0638	10.97	482.5	378.52	0.0850	745.5	13.418	25.73	16.56	1.74
	132.99	31.95	73.51	0.00	0.0639	10.96	482.3	378.28	0.0857	750.8	13.514	25.91	16.67	1.73
	133.99	31.99	73.48	-0.00	0.0636	10.93	481.1	377.49	0.0856	751.0	13.517	25.93	16.68	1.73
	135.00	32.03	73.43	-0.00	0.0638	10.94	481.4	378.03	0.0856	749.3	13.487	25.89	16.64	1.73
	135.99	31.99	73.48	0.00	0.0637	10.93	480.9	377.32	0.0858	753.9	13.570	26.03	16.74	1.73
	136.98	32.02	73.48	0.00	0.0637	10.93	481.0	377.45	0.0860	758.1	13.646	26.17	16.83	1.73
	138.00	32.04	73.51	0.00	0.0637	10.95	481.7	377.89	0.0859	755.0	13.590	26.06	16.76	1.74
	139.00	31.99	73.54	-0.00	0.0636	10.89	479.2	375.72	0.0860	758.4	13.650	26.16	16.83	1.74
	139.98	31.99	73.48	0.00	0.0635	10.88	478.6	375.50	0.0861	759.4	13.670	26.22	16.85	1.73
	141.06	32.00	73.51	0.00	0.0635	10.89	479.0	375.70	0.0861	757.1	13.629	26.13	16.81	1.73
	141.98	32.02	73.48	0.00	0.0634	10.88	478.8	375.74	0.0872	773.3	13.919	26.70	17.14	1.74
