Jul 22 2015 at 16:31:45
Frequency: 1.00Hz.
CO2
Zero:  Value:0.95  Date:18 Mar 2005	 at 07:22:33	
Span:  Value:1.00  Date:18 Mar 2005	 at 07:25:09	
H2O
Zero:  Value:0.71  Date:18 Mar 2005	 at 07:52:31	
Span:  Value:0.99  Date:18 Mar 2005	 at 11:44:01	
	Relative Time	Temperature	Pressure	Aux Input	CO2 Absorptance	CO2 mmol/m3	CO2 mg/m3	CO2 umol/mol	H2O Absorptance	H2O mmol/m3	H2O g/m3	H2O mmol/mol	H2O(°C)	Cooler Voltage
	0.25	38.47	75.59	-0.00	0.0681	11.81	519.5	404.67	0.0473	320.8	5.774	10.99	4.25	1.69
	1.23	38.49	75.57	0.00	0.0681	11.82	520.1	405.29	0.0474	318.3	5.730	10.91	4.14	1.69
	2.23	38.48	75.59	0.00	0.0680	11.81	519.8	404.86	0.0475	319.6	5.754	10.96	4.20	1.69
	3.23	38.39	75.57	-0.00	0.0681	11.81	519.6	404.74	0.0471	318.3	5.730	10.91	4.14	1.69
	4.23	38.41	75.59	0.00	0.0681	11.81	519.8	404.83	0.0472	321.0	5.777	11.00	4.25	1.69
	5.23	38.38	75.59	-0.00	0.0680	11.81	519.8	404.76	0.0473	319.2	5.745	10.94	4.17	1.69
	6.24	38.35	75.62	-0.00	0.0681	11.81	519.7	404.49	0.0473	319.3	5.748	10.94	4.18	1.69
	7.22	38.32	75.59	0.00	0.0680	11.80	519.1	404.12	0.0473	320.3	5.766	10.97	4.22	1.69
	8.22	38.32	75.59	0.00	0.0680	11.79	518.9	403.96	0.0474	320.9	5.776	10.99	4.25	1.69
	9.23	38.38	75.62	-0.00	0.0680	11.80	519.0	404.03	0.0477	322.6	5.808	11.05	4.33	1.69
	10.22	38.32	75.57	0.00	0.0679	11.78	518.4	403.74	0.0477	323.4	5.821	11.08	4.36	1.69
	11.25	38.35	75.62	-0.00	0.0679	11.78	518.3	403.40	0.0478	324.0	5.833	11.10	4.39	1.69
	12.31	38.31	75.62	0.00	0.0679	11.77	518.0	403.15	0.0478	324.5	5.842	11.11	4.41	1.69
	13.23	38.37	75.59	0.00	0.0679	11.76	517.4	402.92	0.0475	320.6	5.770	10.98	4.24	1.69
	14.24	38.37	75.59	-0.00	0.0679	11.76	517.3	402.79	0.0474	320.7	5.772	10.99	4.24	1.69
	15.26	38.37	75.59	-0.00	0.0679	11.77	517.8	403.17	0.0476	321.8	5.793	11.03	4.29	1.69
	16.24	38.43	75.62	0.00	0.0679	11.77	517.8	403.16	0.0480	323.8	5.829	11.09	4.38	1.69
	17.25	38.37	75.59	0.00	0.0679	11.76	517.3	402.79	0.0483	329.1	5.925	11.28	4.61	1.69
	18.24	38.36	75.57	0.00	0.0679	11.77	517.8	403.31	0.0483	328.4	5.912	11.26	4.58	1.69
	19.23	38.38	75.59	0.00	0.0678	11.77	517.8	403.18	0.0483	328.4	5.911	11.25	4.58	1.69
	20.25	38.36	75.62	-0.00	0.0679	11.76	517.5	402.80	0.0483	328.5	5.913	11.25	4.58	1.69
	21.25	38.35	75.62	0.00	0.0679	11.76	517.6	402.89	0.0485	330.3	5.946	11.31	4.66	1.69
	22.23	38.37	75.59	0.00	0.0678	11.76	517.5	402.98	0.0484	331.0	5.959	11.34	4.69	1.69
	23.24	38.32	75.57	-0.00	0.0678	11.76	517.4	402.94	0.0485	330.3	5.945	11.32	4.66	1.69
	24.24	38.38	75.59	-0.00	0.0679	11.76	517.5	403.01	0.0488	332.3	5.982	11.39	4.75	1.69
	25.32	38.38	75.59	-0.00	0.0678	11.76	517.3	402.82	0.0488	332.9	5.993	11.41	4.78	1.69
	26.22	38.36	75.59	0.00	0.0678	11.75	517.0	402.53	0.0489	333.8	6.008	11.43	4.81	1.69
	27.25	38.38	75.59	0.00	0.0678	11.75	517.1	402.66	0.0491	335.3	6.036	11.49	4.88	1.69
	28.30	38.37	75.59	0.00	0.0678	11.76	517.3	402.80	0.0492	337.4	6.073	11.56	4.97	1.69
	29.25	38.37	75.59	-0.00	0.0678	11.75	516.9	402.52	0.0493	337.8	6.081	11.57	4.98	1.69
	30.30	38.35	75.59	0.00	0.0678	11.75	517.0	402.53	0.0494	339.7	6.114	11.64	5.06	1.69
	31.23	38.38	75.59	0.00	0.0678	11.75	516.9	402.55	0.0494	339.1	6.104	11.62	5.04	1.69
	32.23	38.36	75.57	-0.00	0.0677	11.74	516.4	402.27	0.0493	338.6	6.094	11.60	5.02	1.69
	33.23	38.38	75.62	0.00	0.0677	11.74	516.4	401.99	0.0496	341.5	6.148	11.70	5.14	1.69
	34.23	38.41	75.57	0.00	0.0678	11.74	516.7	402.56	0.0496	341.3	6.143	11.70	5.13	1.69
	35.23	38.35	75.62	0.00	0.0678	11.75	516.9	402.30	0.0500	343.4	6.181	11.76	5.22	1.69
	36.24	38.35	75.59	-0.00	0.0677	11.74	516.4	402.05	0.0509	350.1	6.301	11.99	5.50	1.69
	37.30	38.38	75.59	0.00	0.0677	11.74	516.5	402.23	0.0510	353.5	6.363	12.11	5.64	1.69
	38.24	38.35	75.59	0.00	0.0677	11.74	516.4	402.11	0.0503	346.8	6.242	11.88	5.36	1.69
	39.23	38.38	75.59	0.00	0.0677	11.72	515.7	401.58	0.0508	353.9	6.371	12.13	5.66	1.69
	40.23	38.41	75.59	0.00	0.0677	11.72	515.8	401.69	0.0508	352.3	6.341	12.07	5.59	1.69
	41.23	38.36	75.59	0.00	0.0677	11.74	516.4	402.08	0.0515	357.6	6.436	12.25	5.80	1.69
	42.23	38.37	75.57	0.00	0.0677	11.73	516.2	402.08	0.0511	353.0	6.354	12.10	5.62	1.69
	43.24	38.41	75.57	0.00	0.0677	11.73	516.0	402.02	0.0512	355.0	6.391	12.17	5.70	1.69
	44.23	38.36	75.59	0.00	0.0677	11.73	516.0	401.80	0.0513	357.9	6.442	12.26	5.81	1.69
	45.24	38.37	75.57	0.00	0.0677	11.73	516.3	402.17	0.0514	357.0	6.427	12.24	5.78	1.69
	46.30	38.39	75.59	0.00	0.0676	11.73	516.0	401.86	0.0520	363.1	6.535	12.44	6.02	1.69
	47.24	38.38	75.59	0.00	0.0676	11.72	515.6	401.47	0.0520	358.9	6.459	12.30	5.86	1.69
	48.23	38.42	75.59	0.00	0.0676	11.72	515.7	401.62	0.0525	367.7	6.619	12.60	6.21	1.69
	49.25	38.36	75.62	-0.00	0.0676	11.73	516.2	401.83	0.0516	360.5	6.489	12.35	5.92	1.69
	50.23	38.41	75.62	0.00	0.0677	11.73	516.1	401.76	0.0516	355.9	6.407	12.19	5.74	1.69
	51.23	38.39	75.57	0.00	0.0676	11.71	515.4	401.53	0.0520	365.1	6.571	12.51	6.10	1.69
	52.23	38.41	75.59	0.00	0.0677	11.72	515.8	401.72	0.0517	360.2	6.483	12.34	5.91	1.69
	53.24	38.36	75.59	-0.00	0.0677	11.72	515.7	401.56	0.0515	359.2	6.465	12.30	5.87	1.69
	54.24	38.37	75.59	-0.00	0.0677	11.73	515.9	401.72	0.0514	356.1	6.409	12.20	5.74	1.69
	55.30	38.37	75.57	0.00	0.0677	11.73	516.3	402.20	0.0507	352.7	6.348	12.09	5.60	1.69
	56.22	38.37	75.59	0.00	0.0677	11.72	515.8	401.64	0.0507	350.5	6.309	12.01	5.52	1.69
	57.24	38.41	75.57	0.00	0.0677	11.72	515.7	401.76	0.0508	351.5	6.327	12.05	5.56	1.69
	58.22	38.37	75.59	0.00	0.0677	11.73	516.3	402.00	0.0508	352.7	6.348	12.08	5.60	1.69
	59.23	38.39	75.59	0.00	0.0676	11.73	516.1	401.93	0.0511	354.5	6.381	12.15	5.68	1.69
	60.23	38.37	75.57	-0.00	0.0677	11.73	516.0	401.91	0.0516	358.7	6.457	12.30	5.85	1.69
	61.23	38.37	75.57	0.00	0.0677	11.73	516.2	402.11	0.0513	357.4	6.434	12.25	5.80	1.69
	62.23	38.43	75.59	-0.00	0.0677	11.73	516.0	401.90	0.0515	358.9	6.461	12.30	5.86	1.69
	63.24	38.37	75.59	-0.00	0.0677	11.73	516.0	401.80	0.0517	359.9	6.479	12.33	5.90	1.69
	64.22	38.37	75.62	-0.00	0.0677	11.73	516.0	401.69	0.0516	359.6	6.473	12.32	5.88	1.69
	65.22	38.42	75.57	0.00	0.0676	11.71	515.1	401.32	0.0532	373.8	6.729	12.81	6.45	1.69
	66.22	38.37	75.59	0.00	0.0676	11.70	514.8	400.89	0.0544	383.8	6.909	13.15	6.83	1.69
	67.22	38.39	75.59	0.00	0.0676	11.70	514.6	400.77	0.0546	387.4	6.973	13.27	6.97	1.69
	68.22	38.43	75.59	0.00	0.0675	11.70	514.9	401.01	0.0546	385.8	6.944	13.22	6.91	1.69
	69.25	38.42	75.62	0.00	0.0676	11.71	515.2	401.10	0.0539	375.8	6.765	12.87	6.53	1.69
	70.26	38.41	75.59	-0.00	0.0677	11.71	515.3	401.27	0.0535	382.5	6.884	13.11	6.78	1.69
	71.23	38.39	75.59	0.00	0.0676	11.71	515.0	401.08	0.0539	381.1	6.861	13.06	6.73	1.70
	72.26	38.43	75.62	0.00	0.0676	11.71	515.4	401.28	0.0538	379.6	6.834	13.01	6.67	1.69
	73.24	38.39	75.57	-0.00	0.0676	11.71	515.4	401.47	0.0535	377.8	6.800	12.95	6.60	1.70
	74.24	38.43	75.59	0.00	0.0676	11.71	515.3	401.35	0.0539	380.4	6.847	13.04	6.70	1.69
	75.24	38.39	75.59	-0.00	0.0676	11.72	515.5	401.47	0.0538	381.4	6.865	13.07	6.74	1.69
	76.25	38.45	75.57	-0.00	0.0676	11.72	515.6	401.72	0.0539	381.7	6.871	13.09	6.75	1.70
	77.22	38.45	75.59	0.00	0.0676	11.70	514.8	400.99	0.0542	383.8	6.909	13.15	6.83	1.70
	78.25	38.44	75.57	-0.00	0.0676	11.71	515.4	401.56	0.0544	385.9	6.946	13.23	6.91	1.70
	79.23	38.48	75.59	0.00	0.0674	11.68	513.9	400.30	0.0546	388.5	6.993	13.31	7.01	1.70
	80.23	38.50	75.59	0.00	0.0675	11.70	514.8	401.07	0.0544	388.0	6.985	13.30	7.00	1.69
	81.23	38.47	75.59	0.00	0.0675	11.69	514.6	400.81	0.0549	389.7	7.015	13.36	7.06	1.69
	82.24	38.52	75.54	-0.00	0.0676	11.70	514.8	401.36	0.0547	389.2	7.006	13.35	7.04	1.70
	83.23	38.49	75.59	0.00	0.0676	11.70	515.0	401.16	0.0546	387.3	6.972	13.28	6.97	1.70
	84.22	38.49	75.59	0.00	0.0677	11.71	515.4	401.48	0.0545	387.3	6.972	13.28	6.97	1.70
	85.27	38.51	75.59	0.00	0.0675	11.69	514.5	400.78	0.0544	386.2	6.952	13.24	6.93	1.70
	86.24	38.49	75.59	0.00	0.0676	11.70	514.8	400.98	0.0545	386.9	6.964	13.26	6.95	1.70
	87.24	38.53	75.62	-0.00	0.0676	11.70	514.9	401.03	0.0546	387.2	6.969	13.27	6.96	1.70
	88.25	38.49	75.59	-0.00	0.0676	11.70	514.8	401.04	0.0546	387.3	6.972	13.27	6.97	1.70
	89.23	38.49	75.57	0.00	0.0676	11.70	514.7	401.12	0.0546	387.9	6.982	13.30	6.99	1.70
	90.25	38.54	75.62	0.00	0.0676	11.69	514.5	400.73	0.0545	386.7	6.961	13.25	6.95	1.70
	91.25	38.49	75.57	0.00	0.0676	11.70	514.8	401.12	0.0545	387.9	6.981	13.30	6.99	1.70
	92.21	38.54	75.57	0.00	0.0675	11.70	514.9	401.28	0.0547	388.4	6.992	13.32	7.01	1.70
	93.24	38.54	75.57	-0.00	0.0675	11.69	514.4	400.89	0.0547	389.2	7.006	13.35	7.04	1.70
	94.22	38.54	75.59	-0.00	0.0676	11.70	515.0	401.24	0.0548	389.1	7.004	13.34	7.04	1.70
	95.22	38.56	75.59	0.00	0.0676	11.71	515.1	401.33	0.0548	389.6	7.013	13.36	7.06	1.70
	96.27	38.54	75.59	0.00	0.0675	11.69	514.5	400.85	0.0545	388.0	6.984	13.30	7.00	1.70
	97.23	38.57	75.59	0.00	0.0676	11.70	514.7	401.03	0.0550	390.7	7.033	13.40	7.10	1.70
	98.25	38.54	75.57	-0.00	0.0676	11.69	514.4	400.90	0.0550	392.6	7.066	13.46	7.17	1.70
	99.25	38.56	75.57	-0.00	0.0676	11.70	514.9	401.33	0.0550	391.6	7.049	13.43	7.13	1.70
	100.23	38.56	75.59	0.00	0.0675	11.69	514.5	400.88	0.0550	390.6	7.031	13.39	7.09	1.70
	101.26	38.56	75.65	-0.00	0.0676	11.71	515.0	401.01	0.0553	394.3	7.098	13.51	7.23	1.70
	102.24	38.56	75.57	-0.00	0.0675	11.69	514.3	400.88	0.0552	394.4	7.099	13.53	7.24	1.70
	103.23	38.53	75.59	0.00	0.0676	11.70	514.7	400.99	0.0555	395.5	7.119	13.56	7.28	1.70
	104.24	38.58	75.59	-0.00	0.0674	11.69	514.4	400.82	0.0549	393.1	7.075	13.48	7.19	1.70
	105.24	38.59	75.62	-0.00	0.0676	11.71	515.2	401.31	0.0557	396.9	7.144	13.60	7.33	1.70
	106.24	38.58	75.59	0.00	0.0675	11.68	513.7	400.28	0.0555	394.1	7.093	13.51	7.22	1.70
	107.23	38.62	75.59	-0.00	0.0675	11.69	514.4	400.85	0.0557	399.2	7.186	13.69	7.42	1.70
	108.23	38.61	75.59	0.00	0.0675	11.69	514.2	400.73	0.0549	391.1	7.039	13.41	7.11	1.70
	109.23	38.61	75.59	0.00	0.0675	11.69	514.4	400.88	0.0555	397.8	7.161	13.64	7.36	1.70
	110.23	38.63	75.59	0.00	0.0675	11.69	514.3	400.84	0.0553	395.1	7.111	13.55	7.26	1.70
	111.23	38.60	75.57	-0.00	0.0676	11.70	514.7	401.23	0.0558	399.2	7.185	13.69	7.41	1.70
	112.23	38.61	75.59	0.00	0.0675	11.69	514.5	400.96	0.0559	401.1	7.220	13.75	7.48	1.70
	113.22	38.62	75.59	-0.00	0.0674	11.68	514.1	400.60	0.0558	400.7	7.213	13.74	7.47	1.70
	114.22	38.64	75.57	0.00	0.0675	11.69	514.4	401.03	0.0557	400.4	7.207	13.74	7.46	1.70
	115.30	38.64	75.59	-0.00	0.0675	11.70	514.7	401.17	0.0555	398.1	7.166	13.65	7.38	1.70
	116.24	38.65	75.59	-0.00	0.0675	11.68	513.8	400.42	0.0554	395.2	7.113	13.55	7.27	1.70
	117.22	38.61	75.59	0.00	0.0675	11.69	514.4	400.85	0.0552	395.1	7.112	13.55	7.26	1.70
	118.25	38.61	75.59	-0.00	0.0675	11.68	513.9	400.43	0.0551	393.3	7.079	13.48	7.20	1.70
	119.25	38.64	75.59	-0.00	0.0675	11.69	514.4	400.93	0.0553	394.7	7.105	13.54	7.25	1.70
	120.25	38.67	75.57	0.00	0.0674	11.68	513.8	400.57	0.0550	393.6	7.085	13.50	7.21	1.70
	121.23	38.62	75.59	0.00	0.0675	11.68	513.9	400.45	0.0552	393.0	7.074	13.48	7.19	1.70
	122.24	38.69	75.57	0.00	0.0675	11.69	514.1	400.90	0.0553	394.9	7.107	13.55	7.26	1.70
	123.22	38.68	75.59	0.00	0.0675	11.68	513.9	400.56	0.0552	394.0	7.092	13.51	7.23	1.70
	124.24	38.61	75.59	0.00	0.0675	11.68	513.9	400.47	0.0551	393.0	7.074	13.47	7.19	1.70
	125.22	38.63	75.57	0.00	0.0675	11.69	514.4	401.02	0.0553	394.9	7.108	13.55	7.26	1.70
