Jul 22 2015 at 11:44:44
Frequency: 1.00Hz.
CO2
Zero:  Value:0.95  Date:18 Mar 2005	 at 07:22:33	
Span:  Value:1.00  Date:18 Mar 2005	 at 07:25:09	
H2O
Zero:  Value:0.71  Date:18 Mar 2005	 at 07:52:31	
Span:  Value:0.99  Date:18 Mar 2005	 at 11:44:01	
	Relative Time	Temperature	Pressure	Aux Input	CO2 Absorptance	CO2 mmol/m3	CO2 mg/m3	CO2 umol/mol	H2O Absorptance	H2O mmol/m3	H2O g/m3	H2O mmol/mol	H2O(°C)	Cooler Voltage
	0.73	32.71	73.51	-0.00	0.0656	11.36	499.9	392.99	0.0604	451.9	8.134	15.63	8.96	1.77
	1.73	32.73	73.48	0.00	0.0657	11.35	499.5	392.88	0.0608	454.0	8.172	15.71	9.03	1.77
	2.73	32.71	73.51	-0.00	0.0655	11.36	499.9	393.06	0.0610	458.7	8.256	15.87	9.18	1.77
	3.73	32.76	73.51	0.00	0.0654	11.33	498.4	391.89	0.0608	455.8	8.205	15.77	9.09	1.77
	4.74	32.78	73.54	-0.00	0.0653	11.28	496.3	390.16	0.0606	454.5	8.180	15.72	9.05	1.77
	5.74	32.78	73.51	-0.00	0.0653	11.28	496.3	390.28	0.0607	453.5	8.164	15.69	9.02	1.77
	6.75	32.75	73.48	-0.00	0.0651	11.25	495.1	389.46	0.0608	454.5	8.182	15.73	9.05	1.77
	7.74	32.75	73.51	-0.00	0.0650	11.24	494.7	388.99	0.0607	456.6	8.219	15.80	9.11	1.77
	8.75	32.77	73.51	-0.00	0.0651	11.25	495.1	389.29	0.0600	446.7	8.040	15.45	8.79	1.77
	9.73	32.78	73.51	-0.00	0.0650	11.22	493.5	388.06	0.0602	448.6	8.075	15.52	8.85	1.77
	10.75	32.80	73.48	0.00	0.0649	11.20	492.9	387.77	0.0596	441.5	7.946	15.28	8.62	1.77
	11.73	32.78	73.48	-0.00	0.0650	11.22	493.6	388.26	0.0602	449.6	8.093	15.56	8.89	1.77
	12.73	32.75	73.48	0.00	0.0651	11.24	494.5	388.96	0.0605	451.8	8.132	15.63	8.96	1.77
	13.81	32.79	73.48	-0.00	0.0653	11.27	495.9	390.11	0.0612	457.9	8.242	15.85	9.16	1.77
	14.71	32.80	73.51	0.00	0.0653	11.28	496.4	390.36	0.0609	456.9	8.224	15.81	9.13	1.77
	15.72	32.79	73.51	0.00	0.0653	11.29	496.7	390.58	0.0609	456.6	8.219	15.80	9.12	1.77
	16.74	32.80	73.51	-0.00	0.0654	11.30	497.3	391.11	0.0611	459.0	8.261	15.88	9.19	1.77
	17.75	32.82	73.51	-0.00	0.0653	11.28	496.5	390.51	0.0613	461.2	8.301	15.96	9.26	1.77
	18.74	32.82	73.51	0.00	0.0653	11.28	496.5	390.50	0.0610	458.5	8.252	15.86	9.18	1.77
	19.75	32.82	73.56	-0.00	0.0654	11.30	497.4	390.94	0.0611	459.1	8.263	15.87	9.20	1.77
	20.75	32.81	73.51	-0.00	0.0653	11.29	496.6	390.58	0.0611	458.4	8.250	15.86	9.17	1.77
	21.73	32.82	73.51	-0.00	0.0651	11.25	495.1	389.37	0.0609	457.7	8.239	15.84	9.15	1.77
	22.75	32.79	73.54	-0.00	0.0649	11.22	493.5	387.95	0.0611	458.7	8.257	15.87	9.19	1.77
	23.73	32.82	73.51	0.00	0.0650	11.21	493.2	387.92	0.0607	454.7	8.184	15.73	9.05	1.77
	24.74	32.82	73.53	0.00	0.0649	11.23	494.2	388.53	0.0605	455.1	8.191	15.74	9.07	1.77
	25.74	32.79	73.51	0.00	0.0649	11.20	492.9	387.61	0.0606	455.2	8.193	15.75	9.07	1.77
	26.72	32.81	73.48	0.00	0.0649	11.20	492.8	387.73	0.0607	451.8	8.133	15.64	8.96	1.77
	27.74	32.78	73.48	0.00	0.0649	11.21	493.1	387.90	0.0609	457.3	8.232	15.83	9.14	1.77
	28.74	32.79	73.51	-0.00	0.0649	11.20	493.0	387.71	0.0611	458.6	8.255	15.87	9.18	1.77
	29.75	32.79	73.48	-0.00	0.0651	11.23	494.2	388.81	0.0612	459.8	8.276	15.91	9.22	1.77
	30.73	32.86	73.51	-0.00	0.0650	11.23	494.1	388.67	0.0610	458.5	8.254	15.87	9.18	1.77
	31.73	32.84	73.48	0.00	0.0649	11.21	493.2	388.08	0.0610	458.2	8.248	15.86	9.17	1.77
	32.73	32.84	73.51	0.00	0.0649	11.19	492.5	387.34	0.0609	458.7	8.257	15.87	9.19	1.77
	33.74	32.84	73.53	0.00	0.0649	11.19	492.5	387.26	0.0611	459.0	8.262	15.88	9.20	1.77
	34.73	32.80	73.51	-0.00	0.0649	11.21	493.1	387.77	0.0610	456.4	8.215	15.79	9.11	1.77
	35.73	32.81	73.48	0.00	0.0649	11.20	492.7	387.60	0.0610	459.1	8.265	15.89	9.20	1.77
	36.75	32.81	73.53	-0.00	0.0649	11.21	493.1	387.64	0.0614	461.8	8.312	15.97	9.28	1.77
	37.72	32.84	73.51	0.00	0.0650	11.21	493.4	388.09	0.0616	464.2	8.356	16.07	9.36	1.77
	38.75	32.81	73.48	-0.00	0.0650	11.22	493.6	388.34	0.0617	463.7	8.347	16.05	9.35	1.77
	39.73	32.84	73.48	-0.00	0.0650	11.23	494.0	388.67	0.0617	466.5	8.397	16.15	9.44	1.77
	40.73	32.83	73.46	0.00	0.0650	11.22	493.5	388.45	0.0615	463.2	8.338	16.04	9.33	1.77
	41.73	32.86	73.51	0.00	0.0650	11.22	493.6	388.29	0.0619	466.8	8.403	16.16	9.45	1.77
	42.73	32.84	73.48	0.00	0.0650	11.21	493.1	388.00	0.0617	463.3	8.339	16.04	9.33	1.77
	43.73	32.86	73.51	0.00	0.0649	11.20	492.6	387.48	0.0613	460.0	8.280	15.92	9.23	1.77
	44.74	32.84	73.48	-0.00	0.0649	11.21	493.1	387.94	0.0614	462.9	8.332	16.03	9.32	1.77
	45.74	32.86	73.46	-0.00	0.0649	11.19	492.2	387.41	0.0615	463.3	8.339	16.05	9.33	1.77
	46.74	32.83	73.48	0.00	0.0650	11.22	493.6	388.35	0.0616	464.3	8.358	16.07	9.37	1.77
	47.74	32.81	73.51	-0.00	0.0650	11.23	494.0	388.55	0.0616	465.0	8.371	16.09	9.39	1.77
	48.73	32.82	73.48	0.00	0.0650	11.23	494.3	388.87	0.0617	465.8	8.384	16.12	9.41	1.78
	49.75	32.79	73.48	-0.00	0.0650	11.22	493.7	388.37	0.0615	465.0	8.371	16.10	9.39	1.77
	50.83	32.82	73.51	-0.00	0.0649	11.19	492.3	387.17	0.0616	463.3	8.339	16.03	9.33	1.77
	51.75	32.82	73.46	-0.00	0.0649	11.19	492.5	387.58	0.0615	463.7	8.347	16.06	9.35	1.77
	52.73	32.79	73.51	0.00	0.0647	11.17	491.6	386.61	0.0617	463.1	8.335	16.02	9.32	1.77
	53.74	32.81	73.51	-0.00	0.0649	11.21	493.0	387.75	0.0616	464.0	8.352	16.06	9.36	1.77
	54.73	32.79	73.51	0.00	0.0648	11.18	491.9	386.82	0.0614	461.8	8.313	15.98	9.28	1.77
	55.74	32.81	73.51	0.00	0.0649	11.20	492.9	387.64	0.0617	465.8	8.385	16.12	9.41	1.77
	56.72	32.89	73.48	0.00	0.0649	11.19	492.4	387.51	0.0616	464.1	8.353	16.07	9.36	1.77
	57.74	32.84	73.51	-0.00	0.0649	11.18	491.9	386.94	0.0617	464.7	8.364	16.08	9.38	1.77
	58.73	32.83	73.48	-0.00	0.0648	11.18	491.9	387.06	0.0619	466.9	8.403	16.16	9.45	1.77
	59.75	32.84	73.48	-0.00	0.0650	11.21	493.4	388.20	0.0621	471.2	8.482	16.31	9.59	1.78
	60.72	32.84	73.51	0.00	0.0650	11.21	493.2	387.89	0.0621	468.8	8.438	16.22	9.51	1.77
	61.73	32.86	73.48	0.00	0.0650	11.21	493.3	388.17	0.0622	470.2	8.464	16.28	9.56	1.78
	62.73	32.81	73.48	-0.00	0.0646	11.14	489.9	385.46	0.0623	469.7	8.455	16.26	9.54	1.77
	63.74	32.81	73.51	-0.00	0.0648	11.18	491.8	386.78	0.0622	470.9	8.475	16.29	9.57	1.77
	64.74	32.85	73.51	0.00	0.0648	11.18	492.0	387.02	0.0623	470.8	8.474	16.29	9.57	1.77
	65.72	32.81	73.48	0.00	0.0647	11.15	490.8	386.10	0.0619	466.9	8.405	16.16	9.45	1.78
	66.75	32.81	73.51	-0.00	0.0648	11.17	491.6	386.61	0.0620	468.2	8.428	16.20	9.49	1.78
	67.72	32.81	73.51	0.00	0.0650	11.22	493.5	388.13	0.0624	473.9	8.529	16.40	9.67	1.78
	68.73	32.84	73.48	0.00	0.0648	11.18	491.8	386.94	0.0621	469.2	8.446	16.24	9.52	1.78
	69.73	32.83	73.51	-0.00	0.0648	11.16	491.2	386.33	0.0620	467.6	8.416	16.18	9.47	1.78
	70.75	32.87	73.48	0.00	0.0648	11.18	492.1	387.26	0.0620	468.2	8.428	16.21	9.49	1.78
	71.73	32.78	73.51	-0.00	0.0647	11.14	490.0	385.30	0.0620	467.0	8.406	16.16	9.45	1.78
	72.74	32.85	73.51	-0.00	0.0648	11.18	491.9	386.90	0.0622	470.4	8.468	16.28	9.56	1.78
	73.73	32.88	73.51	0.00	0.0648	11.18	492.0	387.03	0.0621	470.1	8.462	16.27	9.55	1.78
	74.72	32.85	73.51	0.00	0.0648	11.18	491.7	386.80	0.0621	469.7	8.454	16.25	9.54	1.78
	75.74	32.86	73.51	-0.00	0.0647	11.15	490.6	385.92	0.0622	469.6	8.453	16.25	9.54	1.78
	76.72	32.83	73.51	-0.00	0.0648	11.17	491.3	386.44	0.0622	469.5	8.451	16.25	9.53	1.78
	77.72	32.87	73.54	0.00	0.0650	11.22	493.5	388.05	0.0626	473.8	8.528	16.39	9.67	1.78
	78.73	32.84	73.51	0.00	0.0650	11.22	493.7	388.32	0.0625	473.8	8.529	16.40	9.67	1.78
	79.73	32.86	73.51	0.00	0.0650	11.22	493.6	388.23	0.0626	474.1	8.533	16.41	9.68	1.78
	80.73	32.84	73.51	0.00	0.0648	11.18	492.1	387.08	0.0624	473.0	8.513	16.37	9.64	1.78
	81.73	32.83	73.51	0.00	0.0650	11.21	493.4	388.07	0.0626	474.3	8.537	16.41	9.68	1.78
	82.73	32.84	73.51	0.00	0.0650	11.22	493.6	388.27	0.0627	475.9	8.566	16.47	9.73	1.78
	83.74	32.85	73.48	0.00	0.0649	11.21	493.1	387.95	0.0628	478.1	8.607	16.55	9.80	1.78
	84.74	32.83	73.51	-0.00	0.0649	11.20	492.9	387.68	0.0628	478.5	8.614	16.56	9.82	1.78
	85.74	32.88	73.51	-0.00	0.0649	11.20	492.9	387.75	0.0628	477.5	8.595	16.53	9.79	1.78
	86.74	32.87	73.48	0.00	0.0648	11.20	493.0	387.92	0.0628	476.1	8.570	16.48	9.74	1.78
	87.81	32.85	73.51	-0.00	0.0649	11.21	493.2	387.92	0.0629	478.2	8.607	16.55	9.80	1.78
	88.72	32.86	73.48	0.00	0.0649	11.19	492.6	387.59	0.0631	479.8	8.636	16.61	9.86	1.78
	89.75	32.87	73.48	-0.00	0.0649	11.20	493.0	387.95	0.0629	479.0	8.621	16.58	9.83	1.78
	90.73	32.88	73.51	-0.00	0.0650	11.21	493.2	387.99	0.0630	479.6	8.632	16.60	9.85	1.78
	91.73	32.85	73.46	0.00	0.0649	11.19	492.3	387.51	0.0630	478.6	8.614	16.57	9.82	1.78
	92.74	32.92	73.48	0.00	0.0648	11.19	492.2	387.38	0.0630	479.6	8.632	16.61	9.85	1.78
	93.73	32.90	73.51	0.00	0.0649	11.19	492.3	387.26	0.0632	479.4	8.630	16.60	9.85	1.78
	94.74	32.87	73.48	0.00	0.0649	11.19	492.4	387.47	0.0630	478.9	8.621	16.58	9.83	1.78
	95.74	32.89	73.51	0.00	0.0647	11.17	491.6	386.74	0.0627	477.1	8.587	16.51	9.77	1.78
	96.74	32.90	73.48	0.00	0.0648	11.16	490.9	386.33	0.0630	478.3	8.609	16.56	9.81	1.78
	97.72	32.90	73.48	0.00	0.0648	11.17	491.3	386.64	0.0636	483.0	8.695	16.73	9.96	1.78
	98.73	32.90	73.51	0.00	0.0650	11.21	493.1	387.93	0.0640	490.0	8.820	16.96	10.17	1.78
	99.73	32.92	73.51	-0.00	0.0650	11.21	493.4	388.15	0.0637	487.0	8.766	16.86	10.08	1.78
	100.73	32.90	73.51	0.00	0.0648	11.21	493.3	388.07	0.0634	486.0	8.748	16.82	10.05	1.79
	101.73	32.86	73.46	-0.00	0.0648	11.20	492.7	387.82	0.0637	487.0	8.765	16.87	10.08	1.78
	102.73	32.87	73.48	0.00	0.0648	11.19	492.4	387.48	0.0633	482.7	8.689	16.71	9.95	1.78
	103.72	32.92	73.48	0.00	0.0649	11.19	492.5	387.63	0.0634	483.7	8.707	16.75	9.98	1.78
	104.71	32.87	73.51	0.00	0.0648	11.18	492.0	387.05	0.0633	481.7	8.670	16.67	9.92	1.78
	105.74	32.87	73.51	0.00	0.0649	11.20	492.8	387.67	0.0636	485.0	8.730	16.79	10.02	1.78
	106.80	32.89	73.51	0.00	0.0649	11.20	492.8	387.65	0.0633	484.3	8.717	16.76	10.00	1.79
	107.75	32.89	73.51	0.00	0.0649	11.22	493.6	388.27	0.0637	487.2	8.769	16.86	10.09	1.78
	108.73	32.91	73.51	-0.00	0.0649	11.22	493.5	388.22	0.0638	487.5	8.775	16.88	10.10	1.78
	109.73	32.90	73.48	0.00	0.0650	11.21	493.2	388.12	0.0636	485.6	8.741	16.82	10.04	1.78
	110.73	32.89	73.48	0.00	0.0649	11.21	493.3	388.17	0.0634	484.9	8.729	16.79	10.02	1.78
	111.74	32.90	73.48	-0.00	0.0650	11.22	493.5	388.34	0.0635	485.0	8.729	16.79	10.02	1.79
	112.74	32.93	73.51	-0.00	0.0649	11.21	493.5	388.24	0.0636	486.3	8.754	16.84	10.06	1.79
	113.71	32.85	73.51	0.00	0.0650	11.21	493.1	387.89	0.0640	490.1	8.822	16.96	10.17	1.78
	114.72	32.90	73.48	0.00	0.0651	11.24	494.3	389.04	0.0641	491.7	8.851	17.03	10.23	1.78
	115.72	32.89	73.48	-0.00	0.0650	11.23	494.2	388.94	0.0639	488.9	8.799	16.93	10.14	1.78
	116.72	32.90	73.46	0.00	0.0649	11.21	493.3	388.33	0.0640	489.6	8.813	16.96	10.16	1.79
	117.72	32.88	73.51	0.00	0.0650	11.21	493.1	387.92	0.0639	488.4	8.792	16.91	10.12	1.79
	118.73	32.92	73.51	-0.00	0.0649	11.21	493.3	388.12	0.0639	489.5	8.812	16.95	10.16	1.79
	119.75	32.90	73.51	0.00	0.0650	11.21	493.3	388.05	0.0639	487.9	8.782	16.89	10.11	1.79
	120.75	32.92	73.51	-0.00	0.0651	11.24	494.4	389.00	0.0639	489.6	8.812	16.95	10.16	1.79
	121.73	32.91	73.51	0.00	0.0649	11.20	493.0	387.82	0.0637	486.8	8.762	16.85	10.07	1.79
	122.74	32.92	73.48	0.00	0.0649	11.20	492.6	387.70	0.0639	488.3	8.789	16.91	10.12	1.79
	123.74	32.93	73.51	0.00	0.0650	11.20	492.9	387.79	0.0641	488.6	8.795	16.91	10.13	1.79
	124.74	32.91	73.51	0.00	0.0650	11.23	494.3	388.91	0.0640	491.6	8.848	17.02	10.22	1.79
