Jul 22 2015 at 9:40:46
Frequency: 1.00Hz.
CO2
Zero:  Value:0.95  Date:18 Mar 2005	 at 07:22:33	
Span:  Value:1.00  Date:18 Mar 2005	 at 07:25:09	
H2O
Zero:  Value:0.71  Date:18 Mar 2005	 at 07:52:31	
Span:  Value:0.99  Date:18 Mar 2005	 at 11:44:01	
	Relative Time	Temperature	Pressure	Aux Input	CO2 Absorptance	CO2 mmol/m3	CO2 mg/m3	CO2 umol/mol	H2O Absorptance	H2O mmol/m3	H2O g/m3	H2O mmol/mol	H2O(°C)	Cooler Voltage
	0.95	22.91	73.48	0.00	0.0704	12.42	546.7	416.16	0.0706	562.2	10.119	18.83	11.74	1.55
	1.97	22.93	73.48	0.00	0.0704	12.43	547.0	416.41	0.0704	562.7	10.129	18.85	11.76	1.56
	2.98	22.93	73.46	-0.00	0.0699	12.37	544.3	414.51	0.0703	562.0	10.117	18.83	11.74	1.55
	3.96	22.93	73.46	0.00	0.0698	12.31	541.7	412.54	0.0705	563.3	10.139	18.88	11.77	1.56
	4.98	22.93	73.48	0.00	0.0698	12.31	541.5	412.26	0.0706	565.0	10.170	18.93	11.82	1.56
	5.96	22.93	73.51	0.00	0.0699	12.32	542.2	412.63	0.0709	568.6	10.234	19.04	11.91	1.56
	6.97	22.93	73.46	0.00	0.0699	12.32	542.0	412.81	0.0710	569.3	10.247	19.08	11.93	1.55
	7.96	22.94	73.46	0.00	0.0699	12.34	542.9	413.49	0.0704	563.0	10.134	18.87	11.76	1.55
	9.05	22.96	73.46	-0.00	0.0700	12.33	542.7	413.34	0.0705	562.3	10.121	18.84	11.75	1.55
	9.95	22.94	73.48	0.00	0.0699	12.33	542.4	413.00	0.0706	563.4	10.141	18.87	11.78	1.55
	10.98	22.96	73.46	-0.00	0.0699	12.33	542.7	413.34	0.0704	562.0	10.117	18.84	11.74	1.56
	11.96	22.95	73.51	-0.00	0.0699	12.34	542.9	413.24	0.0706	564.1	10.154	18.89	11.80	1.56
	12.98	22.94	73.48	-0.00	0.0699	12.33	542.6	413.10	0.0709	568.6	10.234	19.05	11.91	1.55
	13.98	22.95	73.48	-0.00	0.0698	12.32	542.0	412.70	0.0710	569.4	10.249	19.08	11.94	1.55
	14.98	22.99	73.46	0.00	0.0698	12.29	540.6	411.79	0.0713	570.9	10.275	19.13	11.98	1.55
	15.97	22.95	73.46	0.00	0.0698	12.33	542.4	413.08	0.0713	571.7	10.291	19.16	12.00	1.55
	16.99	22.96	73.51	-0.00	0.0697	12.30	541.1	411.85	0.0714	573.5	10.324	19.21	12.05	1.56
	17.97	22.98	73.46	0.00	0.0696	12.28	540.4	411.67	0.0714	574.2	10.336	19.25	12.07	1.55
	18.97	23.00	73.46	0.00	0.0696	12.25	538.8	410.48	0.0714	574.2	10.335	19.24	12.07	1.55
	19.98	23.00	73.48	-0.00	0.0696	12.26	539.3	410.70	0.0715	575.0	10.351	19.27	12.09	1.56
	21.05	22.98	73.46	0.00	0.0695	12.23	538.0	409.77	0.0717	576.5	10.378	19.32	12.13	1.55
	21.98	22.98	73.46	-0.00	0.0696	12.25	539.0	410.56	0.0717	577.0	10.386	19.34	12.14	1.56
	23.06	22.98	73.46	-0.00	0.0696	12.24	538.7	410.35	0.0718	578.6	10.415	19.39	12.18	1.55
	23.96	23.00	73.46	0.00	0.0696	12.25	538.9	410.49	0.0721	582.5	10.484	19.52	12.28	1.56
	24.99	22.98	73.48	-0.00	0.0696	12.25	538.9	410.33	0.0722	582.6	10.488	19.52	12.29	1.55
	25.96	23.00	73.46	0.00	0.0697	12.31	541.6	412.61	0.0724	585.8	10.545	19.64	12.37	1.55
	26.99	23.00	73.51	-0.00	0.0698	12.30	541.1	411.94	0.0726	586.4	10.555	19.64	12.39	1.55
	28.03	23.00	73.48	0.00	0.0699	12.31	541.9	412.61	0.0726	587.3	10.572	19.68	12.41	1.56
	28.97	23.03	73.46	0.00	0.0698	12.31	541.8	412.81	0.0728	590.9	10.636	19.81	12.50	1.56
	29.97	23.05	73.48	0.00	0.0695	12.25	539.2	410.66	0.0733	594.5	10.701	19.92	12.60	1.55
	30.97	23.03	73.46	0.00	0.0694	12.21	537.3	409.37	0.0737	599.3	10.787	20.09	12.72	1.55
	31.98	23.03	73.51	-0.00	0.0694	12.20	536.8	408.68	0.0736	601.1	10.819	20.13	12.76	1.55
	32.98	23.05	73.46	0.00	0.0694	12.21	537.3	409.36	0.0734	598.4	10.771	20.06	12.70	1.56
	33.98	23.07	73.48	-0.00	0.0695	12.24	538.3	410.05	0.0739	601.1	10.821	20.15	12.77	1.56
	34.98	23.05	73.46	0.00	0.0696	12.25	538.9	410.61	0.0737	601.6	10.830	20.17	12.78	1.55
	35.97	23.05	73.48	-0.00	0.0695	12.24	538.6	410.23	0.0740	605.2	10.894	20.28	12.87	1.55
	36.97	23.06	73.48	0.00	0.0694	12.23	538.2	409.92	0.0736	603.4	10.861	20.22	12.82	1.55
	37.99	23.08	73.48	-0.00	0.0694	12.22	537.5	409.47	0.0740	604.1	10.874	20.25	12.84	1.55
	38.97	23.06	73.46	0.00	0.0694	12.22	537.6	409.59	0.0741	605.2	10.893	20.29	12.87	1.56
	39.98	23.05	73.51	-0.00	0.0694	12.20	536.8	408.73	0.0742	608.1	10.947	20.37	12.94	1.56
	40.98	23.05	73.46	-0.00	0.0693	12.19	536.5	408.78	0.0742	607.4	10.933	20.36	12.92	1.56
	42.04	23.07	73.46	0.00	0.0693	12.19	536.2	408.54	0.0743	607.7	10.939	20.37	12.93	1.55
	42.96	23.06	73.46	0.00	0.0693	12.19	536.5	408.76	0.0747	612.8	11.030	20.54	13.06	1.55
	43.98	23.06	73.46	-0.00	0.0693	12.19	536.4	408.70	0.0749	615.5	11.079	20.63	13.13	1.56
	44.98	23.08	73.48	-0.00	0.0692	12.16	535.3	407.73	0.0750	618.4	11.130	20.73	13.20	1.56
	45.97	23.07	73.46	0.00	0.0693	12.18	536.0	408.38	0.0750	617.1	11.108	20.69	13.17	1.56
	46.96	23.08	73.46	0.00	0.0692	12.16	535.2	407.81	0.0751	618.1	11.126	20.72	13.19	1.56
	47.99	23.08	73.48	-0.00	0.0692	12.16	535.1	407.57	0.0753	619.9	11.159	20.78	13.24	1.55
	48.97	23.08	73.46	-0.00	0.0691	12.15	534.5	407.27	0.0752	621.0	11.179	20.82	13.27	1.55
	49.98	23.10	73.46	-0.00	0.0691	12.13	533.9	406.86	0.0754	621.3	11.184	20.83	13.27	1.56
	50.97	23.08	73.46	-0.00	0.0690	12.12	533.5	406.50	0.0753	620.4	11.167	20.80	13.25	1.56
	51.96	23.08	73.46	0.00	0.0690	12.13	533.7	406.68	0.0756	625.0	11.250	20.95	13.36	1.56
	52.96	23.08	73.43	0.00	0.0690	12.12	533.1	406.37	0.0759	626.7	11.281	21.02	13.41	1.56
	53.96	23.12	73.46	0.00	0.0689	12.11	532.8	406.01	0.0761	629.3	11.328	21.10	13.47	1.55
	54.98	23.10	73.46	-0.00	0.0688	12.08	531.7	405.17	0.0762	631.0	11.357	21.16	13.51	1.56
	55.97	23.10	73.46	-0.00	0.0688	12.07	531.2	404.80	0.0767	636.0	11.447	21.32	13.63	1.56
	56.96	23.08	73.51	0.00	0.0689	12.09	531.9	405.05	0.0767	637.9	11.481	21.37	13.68	1.56
	57.97	23.12	73.48	0.00	0.0688	12.07	531.1	404.60	0.0769	640.0	11.521	21.45	13.73	1.56
	58.97	23.12	73.48	-0.00	0.0688	12.07	530.9	404.43	0.0769	640.5	11.528	21.47	13.74	1.55
	59.97	23.12	73.46	0.00	0.0688	12.07	531.2	404.80	0.0769	640.7	11.532	21.48	13.75	1.56
	60.95	23.13	73.43	0.00	0.0688	12.07	531.2	404.97	0.0770	641.3	11.543	21.51	13.76	1.56
	61.96	23.12	73.48	0.00	0.0689	12.08	531.3	404.78	0.0771	641.3	11.543	21.49	13.76	1.56
	62.96	23.10	73.48	0.00	0.0687	12.06	530.7	404.29	0.0771	643.3	11.580	21.56	13.81	1.56
	63.98	23.13	73.46	-0.00	0.0688	12.07	531.2	404.84	0.0769	641.4	11.545	21.51	13.76	1.56
	65.05	23.14	73.48	0.00	0.0687	12.05	530.3	404.03	0.0774	644.8	11.606	21.62	13.85	1.56
	65.99	23.14	73.46	-0.00	0.0686	12.04	529.7	403.70	0.0776	647.8	11.661	21.72	13.92	1.56
	66.97	23.14	73.46	0.00	0.0687	12.04	529.6	403.64	0.0776	648.9	11.680	21.76	13.94	1.56
	67.97	23.14	73.48	0.00	0.0686	12.03	529.5	403.44	0.0775	647.7	11.658	21.71	13.91	1.56
	68.97	23.14	73.46	0.00	0.0685	12.01	528.3	402.62	0.0781	654.2	11.776	21.94	14.07	1.56
	69.98	23.14	73.48	-0.00	0.0685	11.98	527.1	401.54	0.0784	660.2	11.883	22.13	14.21	1.56
	70.97	23.15	73.46	0.00	0.0684	11.99	527.5	402.07	0.0782	656.3	11.813	22.01	14.12	1.56
	71.98	23.15	73.43	0.00	0.0684	11.98	527.1	401.90	0.0782	655.4	11.798	21.99	14.10	1.56
	72.98	23.15	73.46	-0.00	0.0683	11.97	526.8	401.48	0.0782	656.5	11.817	22.02	14.12	1.56
	73.98	23.17	73.46	-0.00	0.0684	11.97	526.9	401.59	0.0783	657.4	11.834	22.05	14.15	1.56
	74.96	23.17	73.46	0.00	0.0683	11.97	526.5	401.29	0.0784	658.6	11.855	22.09	14.17	1.56
	75.97	23.17	73.46	0.00	0.0684	11.98	527.1	401.76	0.0783	657.6	11.836	22.05	14.15	1.56
	76.95	23.17	73.48	0.00	0.0684	11.97	526.9	401.46	0.0783	658.1	11.846	22.06	14.16	1.56
	77.97	23.21	73.48	0.00	0.0684	11.96	526.4	401.13	0.0784	657.4	11.833	22.04	14.15	1.56
	79.05	23.17	73.46	0.00	0.0683	11.96	526.4	401.20	0.0783	657.9	11.842	22.06	14.16	1.56
	79.97	23.17	73.48	0.00	0.0683	11.96	526.2	400.91	0.0783	657.6	11.837	22.05	14.15	1.56
	80.97	23.20	73.51	0.00	0.0682	11.92	524.6	399.61	0.0781	654.5	11.781	21.94	14.08	1.56
	81.98	23.19	73.46	-0.00	0.0681	11.94	525.2	400.38	0.0781	657.1	11.828	22.04	14.14	1.56
	82.96	23.19	73.48	0.00	0.0682	11.92	524.6	399.76	0.0783	657.6	11.837	22.05	14.15	1.56
	83.97	23.19	73.48	0.00	0.0683	11.95	525.9	400.77	0.0788	662.2	11.919	22.20	14.26	1.56
	84.96	23.19	73.48	0.00	0.0683	11.95	525.8	400.63	0.0786	661.2	11.902	22.17	14.24	1.56
	85.96	23.21	73.46	0.00	0.0682	11.95	525.7	400.73	0.0788	662.7	11.928	22.23	14.27	1.56
	86.99	23.22	73.48	-0.00	0.0682	11.93	525.1	400.17	0.0790	667.8	12.020	22.39	14.39	1.56
	87.97	23.22	73.46	0.00	0.0681	11.92	524.5	399.84	0.0787	662.9	11.933	22.24	14.28	1.56
	88.98	23.21	73.43	-0.00	0.0682	11.93	524.9	400.26	0.0788	664.0	11.953	22.28	14.30	1.56
	89.97	23.20	73.48	0.00	0.0682	11.93	524.8	399.89	0.0788	663.5	11.942	22.25	14.29	1.56
	90.98	23.19	73.46	-0.00	0.0682	11.93	525.1	400.23	0.0789	664.2	11.956	22.28	14.31	1.56
	91.98	23.22	73.48	-0.00	0.0682	11.93	525.1	400.14	0.0793	668.6	12.035	22.42	14.41	1.56
	92.96	23.22	73.46	-0.00	0.0681	11.92	524.3	399.69	0.0796	673.5	12.123	22.59	14.52	1.56
	93.97	23.24	73.46	-0.00	0.0682	11.93	524.7	400.06	0.0798	676.1	12.170	22.68	14.58	1.56
	94.97	23.20	73.48	0.00	0.0681	11.91	524.0	399.30	0.0793	670.4	12.066	22.48	14.45	1.56
	95.97	23.22	73.48	0.00	0.0681	11.91	524.0	399.34	0.0796	674.6	12.143	22.62	14.55	1.56
	96.97	23.22	73.48	-0.00	0.0681	11.90	523.7	399.09	0.0798	673.9	12.130	22.60	14.53	1.56
	97.97	23.24	73.48	0.00	0.0681	11.90	523.6	399.02	0.0796	675.3	12.156	22.65	14.57	1.56
	98.98	23.24	73.51	-0.00	0.0680	11.89	523.3	398.71	0.0798	677.2	12.190	22.70	14.61	1.56
	99.98	23.24	73.46	-0.00	0.0680	11.90	523.4	399.04	0.0799	677.6	12.196	22.73	14.62	1.56
	100.98	23.24	73.48	-0.00	0.0680	11.89	523.2	398.76	0.0799	678.1	12.206	22.74	14.63	1.56
	102.04	23.26	73.48	0.00	0.0679	11.88	522.8	398.43	0.0800	678.4	12.211	22.75	14.64	1.56
	102.98	23.28	73.46	-0.00	0.0679	11.87	522.2	398.15	0.0802	681.0	12.259	22.85	14.70	1.56
	103.97	23.26	73.51	0.00	0.0678	11.85	521.3	397.15	0.0801	679.9	12.238	22.79	14.67	1.56
	104.97	23.30	73.51	-0.00	0.0678	11.84	521.0	397.00	0.0801	680.7	12.252	22.82	14.69	1.56
	105.99	23.26	73.48	-0.00	0.0678	11.85	521.3	397.34	0.0803	682.1	12.278	22.88	14.72	1.56
	106.95	23.28	73.46	0.00	0.0679	11.88	522.5	398.43	0.0806	686.0	12.347	23.01	14.81	1.56
	107.97	23.28	73.46	0.00	0.0679	11.86	522.0	398.03	0.0806	686.8	12.362	23.04	14.83	1.56
	109.05	23.28	73.46	0.00	0.0679	11.86	522.1	398.07	0.0807	686.5	12.356	23.03	14.82	1.56
	109.98	23.29	73.48	-0.00	0.0679	11.87	522.2	398.03	0.0808	689.7	12.414	23.13	14.89	1.56
	110.96	23.31	73.48	0.00	0.0679	11.87	522.2	398.11	0.0805	684.9	12.329	22.97	14.79	1.56
	111.96	23.29	73.46	0.00	0.0679	11.86	522.0	398.05	0.0805	685.1	12.332	22.99	14.79	1.56
	112.98	23.31	73.48	-0.00	0.0679	11.86	521.8	397.74	0.0805	684.9	12.329	22.97	14.79	1.56
	113.96	23.29	73.46	0.00	0.0679	11.86	521.9	398.00	0.0806	686.2	12.352	23.02	14.82	1.56
	114.99	23.29	73.46	-0.00	0.0678	11.84	520.9	397.22	0.0809	691.3	12.443	23.19	14.93	1.56
	115.97	23.30	73.48	-0.00	0.0678	11.85	521.3	397.34	0.0811	693.3	12.479	23.25	14.98	1.56
	116.97	23.29	73.46	-0.00	0.0678	11.84	521.2	397.41	0.0811	693.7	12.487	23.27	14.98	1.56
	117.97	23.31	73.48	0.00	0.0677	11.83	520.5	396.79	0.0811	692.7	12.469	23.23	14.96	1.56
	118.97	23.31	73.48	-0.00	0.0678	11.83	520.5	396.78	0.0809	690.6	12.431	23.16	14.92	1.56
	119.97	23.31	73.48	0.00	0.0678	11.84	520.8	397.03	0.0810	690.5	12.429	23.16	14.91	1.56
	120.95	23.31	73.51	0.00	0.0677	11.83	520.3	396.51	0.0811	694.2	12.496	23.28	15.00	1.56
	121.96	23.33	73.48	0.00	0.0677	11.82	520.2	396.58	0.0812	694.1	12.493	23.28	14.99	1.56
	122.96	23.35	73.46	0.00	0.0677	11.83	520.5	396.97	0.0813	694.8	12.507	23.32	15.01	1.56
	123.96	23.33	73.48	0.00	0.0677	11.83	520.5	396.77	0.0814	696.9	12.544	23.38	15.06	1.56
	124.96	23.33	73.48	-0.00	0.0676	11.80	519.4	395.96	0.0813	695.7	12.523	23.34	15.03	1.56
	125.97	23.33	73.46	0.00	0.0677	11.81	519.6	396.25	0.0814	697.4	12.553	23.40	15.07	1.56
