Jul 22 2015 at 12:45:04
Frequency: 1.00Hz.
CO2
Zero:  Value:0.95  Date:18 Mar 2005	 at 07:22:33	
Span:  Value:1.00  Date:18 Mar 2005	 at 07:25:09	
H2O
Zero:  Value:0.71  Date:18 Mar 2005	 at 07:52:31	
Span:  Value:0.99  Date:18 Mar 2005	 at 11:44:01	
	Relative Time	Temperature	Pressure	Aux Input	CO2 Absorptance	CO2 mmol/m3	CO2 mg/m3	CO2 umol/mol	H2O Absorptance	H2O mmol/m3	H2O g/m3	H2O mmol/mol	H2O(°C)	Cooler Voltage
	0.47	36.05	73.51	-0.00	0.0656	11.39	501.0	398.22	0.0597	443.8	7.988	15.52	8.85	1.62
	1.47	36.03	73.46	0.00	0.0657	11.38	500.7	398.23	0.0596	443.5	7.983	15.52	8.84	1.62
	2.53	36.05	73.48	0.00	0.0657	11.39	501.0	398.33	0.0597	441.8	7.952	15.45	8.78	1.62
	3.46	36.05	73.48	0.00	0.0657	11.34	499.1	396.85	0.0598	442.9	7.972	15.49	8.82	1.62
	4.52	36.05	73.48	0.00	0.0654	11.31	497.8	395.78	0.0606	453.8	8.169	15.88	9.18	1.62
	5.46	36.05	73.53	0.00	0.0655	11.30	497.4	395.19	0.0606	453.3	8.159	15.85	9.16	1.62
	6.46	36.05	73.48	0.00	0.0654	11.32	498.3	396.18	0.0604	451.3	8.123	15.79	9.10	1.62
	7.46	36.05	73.51	0.00	0.0656	11.35	499.6	397.07	0.0597	445.5	8.019	15.58	8.91	1.62
	8.46	36.05	73.48	-0.00	0.0658	11.37	500.2	397.67	0.0598	447.5	8.055	15.65	8.97	1.62
	9.45	36.05	73.48	0.00	0.0657	11.36	499.7	397.29	0.0599	443.5	7.984	15.52	8.84	1.62
	10.47	36.05	73.48	0.00	0.0656	11.35	499.4	397.09	0.0604	448.6	8.075	15.69	9.01	1.62
	11.47	36.07	73.48	0.00	0.0655	11.34	498.8	396.60	0.0615	463.6	8.345	16.22	9.50	1.62
	12.46	36.05	73.54	0.00	0.0654	11.33	498.7	396.22	0.0619	459.5	8.271	16.06	9.37	1.62
	13.48	36.07	73.48	-0.00	0.0651	11.22	493.9	392.68	0.0649	501.4	9.026	17.54	10.67	1.62
	14.48	36.06	73.48	-0.00	0.0651	11.25	494.8	393.41	0.0644	493.6	8.885	17.27	10.44	1.62
	15.46	36.09	73.48	0.00	0.0652	11.26	495.3	393.89	0.0644	494.8	8.907	17.31	10.47	1.62
	16.46	36.09	73.51	0.00	0.0654	11.31	497.8	395.74	0.0624	473.3	8.519	16.55	9.81	1.63
	17.47	36.08	73.48	-0.00	0.0654	11.31	497.5	395.56	0.0629	478.4	8.610	16.74	9.97	1.62
	18.45	36.12	73.48	0.00	0.0652	11.26	495.4	393.95	0.0649	499.5	8.991	17.48	10.62	1.62
	19.47	36.12	73.51	-0.00	0.0651	11.24	494.4	393.04	0.0650	509.9	9.178	17.83	10.93	1.62
	20.47	36.12	73.48	0.00	0.0653	11.27	496.0	394.40	0.0644	494.0	8.893	17.29	10.45	1.62
	21.53	36.09	73.48	0.00	0.0653	11.28	496.3	394.63	0.0641	497.2	8.950	17.40	10.55	1.62
	22.46	36.14	73.48	-0.00	0.0653	11.28	496.2	394.61	0.0639	488.4	8.792	17.09	10.28	1.63
	23.46	36.15	73.48	-0.00	0.0652	11.27	495.7	394.25	0.0647	495.8	8.924	17.35	10.51	1.62
	24.45	36.11	73.48	0.00	0.0651	11.24	494.6	393.34	0.0650	502.6	9.048	17.59	10.71	1.62
	25.46	36.13	73.51	0.00	0.0651	11.25	494.8	393.36	0.0652	503.1	9.055	17.60	10.72	1.62
	26.47	36.14	73.48	-0.00	0.0650	11.22	493.5	392.51	0.0656	506.8	9.123	17.74	10.84	1.62
	27.47	36.15	73.48	0.00	0.0651	11.23	494.1	392.95	0.0658	509.5	9.171	17.83	10.92	1.63
	28.47	36.16	73.48	-0.00	0.0649	11.20	493.0	392.07	0.0662	513.4	9.241	17.97	11.03	1.63
	29.48	36.13	73.48	-0.00	0.0650	11.21	493.1	392.13	0.0664	515.8	9.285	18.05	11.10	1.62
	30.47	36.14	73.48	-0.00	0.0649	11.21	493.1	392.15	0.0666	518.1	9.326	18.13	11.17	1.63
	31.45	36.14	73.48	0.00	0.0649	11.19	492.6	391.73	0.0668	523.7	9.427	18.33	11.33	1.63
	32.45	36.11	73.48	0.00	0.0646	11.15	490.5	390.09	0.0683	534.6	9.623	18.71	11.64	1.63
	33.45	36.15	73.48	0.00	0.0647	11.17	491.5	390.87	0.0673	525.7	9.462	18.40	11.39	1.63
	34.48	36.16	73.48	0.00	0.0648	11.17	491.5	390.90	0.0668	522.1	9.398	18.27	11.29	1.63
	35.46	36.16	73.48	0.00	0.0647	11.16	490.8	390.38	0.0675	524.9	9.448	18.37	11.37	1.63
	36.47	36.14	73.48	0.00	0.0648	11.16	491.0	390.52	0.0669	524.6	9.442	18.36	11.36	1.63
	37.45	36.16	73.46	0.00	0.0648	11.18	491.8	391.28	0.0668	520.1	9.362	18.21	11.23	1.63
	38.53	36.13	73.46	0.00	0.0648	11.17	491.7	391.13	0.0669	520.5	9.368	18.22	11.24	1.63
	39.45	36.17	73.48	0.00	0.0646	11.15	490.4	390.06	0.0678	530.8	9.554	18.58	11.54	1.63
	40.47	36.16	73.48	0.00	0.0647	11.16	490.9	390.44	0.0674	528.0	9.503	18.48	11.45	1.63
	41.47	36.16	73.46	-0.00	0.0645	11.11	489.1	389.11	0.0679	532.3	9.581	18.63	11.58	1.63
	42.46	36.18	73.51	0.00	0.0645	11.10	488.4	388.35	0.0684	542.2	9.760	18.97	11.86	1.63
	43.48	36.18	73.46	0.00	0.0646	11.13	489.8	389.71	0.0687	538.3	9.689	18.85	11.75	1.63
	44.54	36.20	73.48	-0.00	0.0646	11.12	489.5	389.38	0.0679	536.8	9.662	18.79	11.71	1.63
	45.46	36.18	73.48	-0.00	0.0647	11.16	491.2	390.72	0.0673	524.9	9.447	18.37	11.37	1.63
	46.46	36.13	73.48	0.00	0.0648	11.16	491.1	390.58	0.0673	529.7	9.535	18.54	11.50	1.63
	47.45	36.17	73.48	0.00	0.0648	11.17	491.7	391.09	0.0668	523.9	9.429	18.33	11.34	1.63
	48.47	36.20	73.48	0.00	0.0647	11.15	490.7	390.34	0.0675	532.6	9.587	18.64	11.59	1.63
	49.47	36.15	73.46	0.00	0.0648	11.17	491.6	391.16	0.0680	529.3	9.527	18.53	11.49	1.63
	50.47	36.20	73.48	0.00	0.0645	11.10	488.4	388.54	0.0694	553.8	9.968	19.38	12.18	1.63
	51.45	36.23	73.48	0.00	0.0643	11.12	489.2	389.14	0.0699	541.9	9.755	18.97	11.85	1.63
	52.46	36.18	73.51	0.00	0.0644	11.09	488.0	388.02	0.0695	555.1	9.991	19.42	12.21	1.63
	53.46	36.21	73.46	-0.00	0.0644	11.09	487.9	388.26	0.0700	561.0	10.098	19.64	12.38	1.63
	54.46	36.20	73.48	-0.00	0.0645	11.11	488.7	388.74	0.0692	547.1	9.848	19.15	12.00	1.63
	55.47	36.20	73.51	0.00	0.0645	11.10	488.2	388.22	0.0695	550.8	9.915	19.27	12.10	1.63
	56.47	36.20	73.48	-0.00	0.0643	11.10	488.4	388.50	0.0702	550.9	9.916	19.28	12.10	1.63
	57.45	36.20	73.48	-0.00	0.0643	11.09	487.8	387.99	0.0702	558.6	10.055	19.55	12.31	1.63
	58.45	36.17	73.48	0.00	0.0643	11.05	486.2	386.69	0.0701	565.0	10.170	19.77	12.48	1.63
	59.53	36.20	73.48	-0.00	0.0643	11.08	487.6	387.90	0.0709	559.3	10.067	19.58	12.33	1.63
	60.45	36.20	73.48	0.00	0.0640	11.01	484.4	385.37	0.0716	577.4	10.393	20.21	12.82	1.63
	61.45	36.19	73.48	0.00	0.0639	11.02	484.8	385.65	0.0709	565.7	10.183	19.80	12.50	1.63
	62.46	36.20	73.48	0.00	0.0643	11.08	487.4	387.71	0.0701	554.4	9.979	19.40	12.19	1.63
	63.48	36.20	73.48	-0.00	0.0643	11.07	487.1	387.45	0.0700	557.5	10.036	19.51	12.28	1.63
	64.46	36.20	73.48	-0.00	0.0645	11.10	488.5	388.59	0.0693	547.3	9.851	19.16	12.00	1.63
	65.46	36.24	73.48	0.00	0.0644	11.09	487.9	388.16	0.0706	561.5	10.106	19.65	12.39	1.63
	66.44	36.20	73.54	0.00	0.0640	11.01	484.6	385.20	0.0716	574.2	10.335	20.08	12.73	1.63
	67.45	36.20	73.46	0.00	0.0642	11.03	485.4	386.24	0.0709	568.6	10.235	19.91	12.58	1.63
	68.52	36.16	73.48	0.00	0.0641	11.02	484.9	385.66	0.0710	571.6	10.289	20.00	12.66	1.63
	69.48	36.17	73.48	0.00	0.0640	10.99	483.5	384.58	0.0719	578.9	10.419	20.26	12.85	1.63
	70.47	36.20	73.51	-0.00	0.0640	11.01	484.2	385.07	0.0712	569.3	10.247	19.92	12.60	1.63
	71.48	36.18	73.48	-0.00	0.0640	10.99	483.4	384.48	0.0720	583.4	10.501	20.42	12.97	1.63
	72.46	36.25	73.48	0.00	0.0640	11.02	484.8	385.68	0.0708	566.1	10.191	19.82	12.52	1.63
	73.46	36.24	73.48	-0.00	0.0643	11.05	486.0	386.64	0.0708	567.2	10.210	19.85	12.54	1.63
	74.46	36.23	73.48	-0.00	0.0640	11.02	484.7	385.59	0.0727	579.3	10.428	20.28	12.87	1.63
	75.44	36.24	73.48	0.00	0.0639	10.96	482.5	383.82	0.0727	593.1	10.676	20.76	13.23	1.63
	76.53	36.22	73.48	-0.00	0.0639	10.98	483.1	384.28	0.0732	590.9	10.637	20.68	13.17	1.63
	77.47	36.25	73.48	-0.00	0.0640	11.01	484.2	385.24	0.0719	577.7	10.398	20.22	12.82	1.63
	78.47	36.23	73.51	-0.00	0.0638	10.97	482.8	383.92	0.0728	593.3	10.679	20.76	13.23	1.63
	79.45	36.23	73.48	0.00	0.0638	10.96	482.3	383.65	0.0735	602.8	10.851	21.10	13.48	1.64
	80.45	36.23	73.48	0.00	0.0640	10.98	483.3	384.46	0.0719	588.9	10.600	20.61	13.12	1.64
	81.45	36.23	73.48	0.00	0.0640	10.99	483.7	384.76	0.0725	583.2	10.498	20.42	12.97	1.63
	82.45	36.23	73.48	0.00	0.0641	11.02	484.8	385.65	0.0724	584.2	10.516	20.45	13.00	1.64
	83.48	36.23	73.46	0.00	0.0639	10.98	482.9	384.29	0.0727	594.1	10.694	20.80	13.25	1.64
	84.46	36.25	73.48	0.00	0.0640	10.98	483.2	384.43	0.0723	584.6	10.522	20.46	13.01	1.64
	85.46	36.25	73.48	-0.00	0.0639	10.98	482.9	384.21	0.0721	582.3	10.481	20.38	12.95	1.64
	86.45	36.25	73.48	0.00	0.0639	10.96	482.3	383.74	0.0725	589.4	10.610	20.63	13.13	1.64
	87.45	36.24	73.48	0.00	0.0638	10.94	481.6	383.12	0.0732	597.1	10.748	20.90	13.33	1.64
	88.45	36.25	73.48	0.00	0.0637	10.94	481.3	382.94	0.0729	588.4	10.591	20.60	13.11	1.64
	89.45	36.25	73.48	-0.00	0.0638	10.92	480.4	382.17	0.0730	598.5	10.772	20.95	13.37	1.64
	90.47	36.24	73.48	0.00	0.0638	10.96	482.4	383.81	0.0725	585.1	10.531	20.48	13.02	1.64
	91.46	36.25	73.48	-0.00	0.0639	10.99	483.7	384.86	0.0725	585.2	10.534	20.49	13.02	1.64
	92.48	36.27	73.48	-0.00	0.0639	10.99	483.6	384.74	0.0730	591.1	10.640	20.69	13.18	1.64
	93.46	36.26	73.51	0.00	0.0637	10.99	483.4	384.43	0.0746	603.6	10.865	21.12	13.50	1.64
	94.46	36.27	73.48	-0.00	0.0638	10.94	481.3	382.91	0.0740	608.2	10.948	21.29	13.62	1.64
	95.46	36.26	73.48	0.00	0.0638	10.95	481.6	383.17	0.0733	595.0	10.709	20.83	13.28	1.64
	96.44	36.27	73.51	0.00	0.0636	10.92	480.4	382.12	0.0743	606.8	10.922	21.23	13.58	1.64
	97.48	36.27	73.48	-0.00	0.0634	10.88	478.5	380.74	0.0759	623.9	11.230	21.84	14.01	1.64
	98.47	36.27	73.48	-0.00	0.0634	10.87	478.1	380.40	0.0785	662.8	11.930	23.20	14.94	1.64
	99.47	36.26	73.48	0.00	0.0638	10.93	480.9	382.58	0.0740	609.6	10.972	21.34	13.65	1.64
	100.46	36.27	73.51	0.00	0.0637	10.95	481.6	383.04	0.0749	603.6	10.865	21.12	13.50	1.64
	101.45	36.27	73.48	0.00	0.0638	10.98	483.2	384.41	0.0745	606.9	10.925	21.25	13.58	1.64
	102.46	36.26	73.48	-0.00	0.0635	10.90	479.6	381.62	0.0754	616.5	11.097	21.58	13.82	1.64
	103.44	36.28	73.51	0.00	0.0635	10.89	479.1	381.10	0.0746	612.6	11.026	21.44	13.73	1.64
	104.46	36.24	73.46	0.00	0.0635	10.88	478.6	380.85	0.0753	617.1	11.108	21.61	13.84	1.64
	105.47	36.28	73.48	-0.00	0.0637	10.96	482.2	383.70	0.0745	603.3	10.859	21.12	13.49	1.64
	106.47	36.29	73.48	0.00	0.0637	10.94	481.4	383.03	0.0748	612.9	11.033	21.46	13.74	1.64
	107.45	36.29	73.48	0.00	0.0638	10.98	483.2	384.46	0.0745	606.0	10.908	21.22	13.56	1.64
	108.45	36.29	73.48	-0.00	0.0638	10.99	483.5	384.74	0.0745	602.5	10.845	21.09	13.47	1.64
	109.45	36.29	73.48	0.00	0.0638	10.98	483.2	384.48	0.0747	601.5	10.827	21.06	13.45	1.65
	110.45	36.29	73.48	-0.00	0.0638	10.97	482.7	384.07	0.0744	610.7	10.993	21.38	13.68	1.64
	111.46	36.28	73.48	-0.00	0.0637	10.96	482.2	383.64	0.0748	607.5	10.935	21.27	13.60	1.64
	112.48	36.33	73.48	-0.00	0.0637	10.93	481.1	382.87	0.0745	609.8	10.976	21.35	13.66	1.64
	113.44	36.26	73.51	0.00	0.0635	10.88	478.7	380.74	0.0755	619.5	11.152	21.68	13.90	1.64
	114.44	36.29	73.46	0.00	0.0634	10.90	479.5	381.68	0.0765	623.2	11.218	21.83	13.99	1.64
	115.47	36.32	73.48	0.00	0.0637	10.92	480.4	382.31	0.0750	613.9	11.050	21.49	13.76	1.65
	116.48	36.32	73.46	-0.00	0.0635	10.89	479.0	381.28	0.0755	628.4	11.311	22.01	14.12	1.64
	117.45	36.32	73.48	0.00	0.0634	10.86	478.0	380.33	0.0762	628.4	11.311	22.00	14.12	1.64
	118.47	36.32	73.51	0.00	0.0633	10.84	476.9	379.39	0.0773	641.1	11.540	22.44	14.43	1.64
	119.53	36.32	73.48	0.00	0.0633	10.85	477.2	379.76	0.0766	635.8	11.445	22.26	14.30	1.64
	120.45	36.32	73.46	0.00	0.0633	10.84	476.8	379.58	0.0765	638.8	11.498	22.37	14.37	1.65
	121.46	36.32	73.51	0.00	0.0636	10.89	479.3	381.28	0.0755	625.8	11.264	21.90	14.06	1.65
	122.48	36.31	73.48	0.00	0.0637	10.94	481.2	382.94	0.0745	613.8	11.048	21.49	13.76	1.65
	123.46	36.34	73.48	0.00	0.0638	10.94	481.3	383.02	0.0739	614.4	11.059	21.51	13.77	1.64
	124.47	36.32	73.48	-0.00	0.0638	10.98	483.1	384.44	0.0740	600.2	10.803	21.01	13.41	1.65
	125.46	36.32	73.48	0.00	0.0634	10.87	478.4	380.70	0.0761	625.0	11.251	21.88	14.04	1.65
	126.44	36.36	73.48	0.00	0.0637	10.91	480.1	382.10	0.0750	618.7	11.136	21.67	13.88	1.65
	127.45	36.34	73.46	0.00	0.0636	10.92	480.5	382.52	0.0752	615.1	11.072	21.55	13.79	1.65
	128.44	36.34	73.48	0.00	0.0637	10.92	480.6	382.49	0.0753	620.7	11.173	21.73	13.93	1.65
	129.45	36.32	73.48	0.00	0.0634	10.84	476.8	379.41	0.0760	635.8	11.444	22.26	14.30	1.65
	130.48	36.33	73.48	-0.00	0.0636	10.89	479.3	381.46	0.0758	635.3	11.436	22.25	14.29	1.65
	131.48	36.37	73.46	-0.00	0.0635	10.89	479.4	381.66	0.0760	630.9	11.356	22.10	14.18	1.64
	132.48	36.31	73.48	-0.00	0.0634	10.83	476.6	379.22	0.0765	647.5	11.655	22.67	14.58	1.65
