Jul 22 2015 at 16:37:59
Frequency: 1.00Hz.
CO2
Zero:  Value:0.95  Date:18 Mar 2005	 at 07:22:33	
Span:  Value:1.00  Date:18 Mar 2005	 at 07:25:09	
H2O
Zero:  Value:0.71  Date:18 Mar 2005	 at 07:52:31	
Span:  Value:0.99  Date:18 Mar 2005	 at 11:44:01	
	Relative Time	Temperature	Pressure	Aux Input	CO2 Absorptance	CO2 mmol/m3	CO2 mg/m3	CO2 umol/mol	H2O Absorptance	H2O mmol/m3	H2O g/m3	H2O mmol/mol	H2O(°C)	Cooler Voltage
	0.47	38.50	75.57	0.00	0.0682	11.86	521.6	406.50	0.0475	322.0	5.795	11.04	4.30	1.73
	1.45	38.44	75.57	0.00	0.0682	11.84	520.8	405.81	0.0477	323.2	5.817	11.08	4.35	1.73
	2.54	38.49	75.59	-0.00	0.0682	11.84	520.9	405.77	0.0478	323.8	5.828	11.10	4.38	1.73
	3.45	38.47	75.57	0.00	0.0681	11.83	520.6	405.62	0.0479	325.7	5.862	11.17	4.47	1.73
	4.46	38.48	75.59	0.00	0.0681	11.81	519.6	404.75	0.0481	326.7	5.881	11.20	4.51	1.73
	5.44	38.44	75.62	0.00	0.0681	11.82	520.0	404.88	0.0482	327.0	5.885	11.20	4.52	1.73
	6.47	38.47	75.59	-0.00	0.0681	11.82	519.9	404.94	0.0483	329.6	5.934	11.30	4.64	1.73
	7.46	38.48	75.57	-0.00	0.0681	11.81	519.8	405.00	0.0482	328.1	5.906	11.25	4.57	1.73
	8.46	38.48	75.59	0.00	0.0680	11.81	519.5	404.66	0.0480	326.0	5.867	11.17	4.48	1.73
	9.45	38.47	75.59	0.00	0.0681	11.81	519.8	404.87	0.0483	327.9	5.903	11.24	4.56	1.73
	10.45	38.48	75.59	0.00	0.0680	11.80	519.2	404.41	0.0483	328.4	5.912	11.26	4.59	1.73
	11.45	38.50	75.57	0.00	0.0680	11.80	519.3	404.71	0.0482	327.6	5.897	11.23	4.55	1.73
	12.45	38.52	75.59	0.00	0.0680	11.80	519.4	404.65	0.0483	329.0	5.923	11.28	4.62	1.73
	13.46	38.56	75.57	-0.00	0.0680	11.80	519.0	404.53	0.0483	328.9	5.921	11.28	4.61	1.73
	14.46	38.57	75.59	0.00	0.0680	11.80	519.1	404.50	0.0484	329.6	5.932	11.30	4.64	1.73
	15.44	38.59	75.59	0.00	0.0680	11.80	519.4	404.72	0.0486	331.1	5.961	11.35	4.71	1.73
	16.47	38.62	75.57	-0.00	0.0680	11.79	518.7	404.33	0.0487	331.3	5.963	11.36	4.72	1.73
	17.47	38.62	75.59	-0.00	0.0680	11.80	519.3	404.68	0.0487	332.2	5.980	11.39	4.76	1.73
	18.55	38.62	75.59	-0.00	0.0680	11.80	519.4	404.75	0.0487	332.9	5.992	11.41	4.79	1.73
	19.47	38.63	75.59	-0.00	0.0680	11.81	519.5	404.83	0.0490	335.2	6.034	11.49	4.89	1.73
	20.47	38.58	75.59	0.00	0.0680	11.80	519.1	404.48	0.0487	332.8	5.990	11.41	4.78	1.73
	21.46	38.64	75.59	0.00	0.0680	11.80	519.2	404.66	0.0494	338.4	6.091	11.60	5.02	1.73
	22.46	38.58	75.59	0.00	0.0680	11.80	519.0	404.42	0.0491	335.4	6.038	11.50	4.89	1.73
	23.46	38.58	75.59	-0.00	0.0680	11.81	519.5	404.78	0.0490	335.9	6.046	11.52	4.91	1.73
	24.48	38.55	75.59	0.00	0.0680	11.80	519.3	404.57	0.0491	336.2	6.052	11.53	4.92	1.73
	25.46	38.61	75.59	0.00	0.0680	11.80	519.1	404.52	0.0492	338.6	6.094	11.61	5.03	1.73
	26.46	38.71	75.59	0.00	0.0678	11.75	516.8	402.89	0.0481	328.4	5.911	11.26	4.60	1.73
	27.46	38.64	75.57	0.00	0.0679	11.77	518.1	403.92	0.0487	331.9	5.975	11.39	4.75	1.73
	28.45	38.67	75.57	0.00	0.0679	11.77	518.1	403.92	0.0485	330.6	5.950	11.34	4.69	1.73
	29.45	38.62	75.59	0.00	0.0680	11.79	518.9	404.41	0.0489	336.6	6.058	11.54	4.94	1.74
	30.47	38.68	75.57	-0.00	0.0680	11.79	519.0	404.65	0.0493	338.1	6.086	11.60	5.01	1.73
	31.45	38.69	75.57	0.00	0.0680	11.79	518.7	404.44	0.0494	338.0	6.083	11.60	5.01	1.73
	32.46	38.69	75.57	0.00	0.0679	11.78	518.5	404.27	0.0492	336.7	6.061	11.55	4.95	1.73
	33.46	38.69	75.57	-0.00	0.0679	11.79	518.7	404.48	0.0493	337.8	6.081	11.59	5.00	1.74
	34.48	38.65	75.54	-0.00	0.0679	11.78	518.5	404.41	0.0493	337.0	6.067	11.57	4.97	1.73
	35.44	38.76	75.65	0.00	0.0679	11.78	518.3	403.81	0.0492	337.2	6.070	11.56	4.98	1.74
	36.47	38.68	75.59	0.00	0.0679	11.77	518.0	403.72	0.0492	337.1	6.068	11.56	4.97	1.73
	37.44	38.65	75.59	0.00	0.0679	11.78	518.5	404.09	0.0493	338.5	6.093	11.61	5.03	1.73
	38.47	38.65	75.57	0.00	0.0679	11.79	518.6	404.31	0.0495	339.6	6.112	11.65	5.07	1.73
	39.45	38.65	75.59	0.00	0.0679	11.78	518.2	403.89	0.0495	339.3	6.108	11.64	5.06	1.74
	40.45	38.69	75.57	0.00	0.0679	11.79	518.6	404.34	0.0495	340.6	6.130	11.68	5.12	1.74
	41.45	38.69	75.59	0.00	0.0679	11.78	518.5	404.13	0.0496	341.4	6.145	11.71	5.15	1.74
	42.45	38.65	75.59	0.00	0.0679	11.78	518.2	403.91	0.0495	339.8	6.116	11.65	5.08	1.74
	43.45	38.65	75.57	0.00	0.0680	11.78	518.4	404.18	0.0496	340.5	6.129	11.68	5.11	1.73
	44.46	38.70	75.57	0.00	0.0679	11.78	518.3	404.16	0.0495	339.9	6.118	11.66	5.09	1.74
	45.47	38.63	75.59	-0.00	0.0679	11.78	518.3	403.94	0.0495	339.2	6.106	11.63	5.06	1.74
	46.53	38.64	75.59	0.00	0.0679	11.78	518.5	404.10	0.0494	339.1	6.103	11.63	5.05	1.74
	47.47	38.69	75.59	-0.00	0.0680	11.79	518.7	404.28	0.0496	340.5	6.129	11.68	5.11	1.74
	48.47	38.64	75.59	0.00	0.0680	11.78	518.4	404.05	0.0497	341.6	6.149	11.71	5.16	1.74
	49.45	38.67	75.59	0.00	0.0680	11.79	518.8	404.35	0.0498	342.0	6.157	11.73	5.18	1.74
	50.47	38.72	75.59	0.00	0.0679	11.76	517.4	403.33	0.0497	340.0	6.121	11.66	5.10	1.74
	51.46	38.65	75.59	-0.00	0.0679	11.79	518.7	404.23	0.0496	341.6	6.149	11.72	5.16	1.74
	52.46	38.67	75.59	0.00	0.0679	11.79	518.7	404.28	0.0497	342.7	6.169	11.75	5.21	1.74
	53.46	38.70	75.59	0.00	0.0679	11.78	518.2	403.93	0.0498	342.8	6.171	11.76	5.21	1.74
	54.46	38.67	75.59	0.00	0.0679	11.76	517.6	403.44	0.0498	342.2	6.160	11.74	5.18	1.74
	55.46	38.67	75.62	0.00	0.0679	11.76	517.5	403.20	0.0498	342.2	6.159	11.73	5.18	1.74
	56.47	38.68	75.59	-0.00	0.0678	11.75	517.1	403.07	0.0495	340.4	6.127	11.67	5.11	1.74
	57.55	38.63	75.57	-0.00	0.0679	11.78	518.2	403.99	0.0500	343.9	6.191	11.80	5.25	1.74
	58.47	38.69	75.59	-0.00	0.0678	11.74	516.4	402.55	0.0496	340.6	6.130	11.68	5.12	1.74
	59.48	38.69	75.59	-0.00	0.0678	11.76	517.4	403.34	0.0499	343.5	6.183	11.78	5.24	1.74
	60.47	38.69	75.57	-0.00	0.0678	11.76	517.3	403.35	0.0498	342.4	6.164	11.75	5.20	1.74
	61.46	38.65	75.62	0.00	0.0679	11.76	517.4	403.14	0.0497	341.2	6.142	11.70	5.14	1.74
	62.46	38.71	75.59	-0.00	0.0678	11.75	517.0	403.03	0.0495	339.8	6.116	11.65	5.08	1.74
	63.46	38.65	75.57	0.00	0.0679	11.76	517.3	403.32	0.0496	340.9	6.136	11.69	5.13	1.74
	64.46	38.68	75.59	0.00	0.0679	11.77	517.7	403.55	0.0496	341.3	6.143	11.70	5.15	1.74
	65.47	38.70	75.59	-0.00	0.0678	11.75	517.1	403.06	0.0498	341.7	6.150	11.72	5.16	1.74
	66.47	38.67	75.59	-0.00	0.0678	11.75	517.0	402.96	0.0498	341.9	6.154	11.72	5.17	1.74
	67.47	38.69	75.57	-0.00	0.0678	11.77	517.9	403.81	0.0501	345.2	6.213	11.84	5.31	1.74
	68.47	38.69	75.62	-0.00	0.0680	11.78	518.4	403.97	0.0504	347.3	6.251	11.91	5.40	1.74
	69.53	38.69	75.59	0.00	0.0680	11.79	518.7	404.31	0.0504	347.8	6.260	11.93	5.42	1.74
	70.47	38.65	75.57	-0.00	0.0680	11.80	519.0	404.67	0.0506	349.7	6.295	12.00	5.50	1.74
	71.46	38.72	75.59	-0.00	0.0680	11.79	518.6	404.28	0.0506	349.3	6.287	11.98	5.48	1.74
	72.45	38.67	75.59	0.00	0.0680	11.79	518.9	404.47	0.0505	349.4	6.289	11.98	5.48	1.74
	73.46	38.69	75.59	0.00	0.0680	11.79	519.0	404.52	0.0506	349.3	6.287	11.98	5.48	1.74
	74.44	38.62	75.57	0.00	0.0680	11.79	518.8	404.47	0.0505	348.4	6.272	11.95	5.44	1.74
	75.46	38.70	75.59	0.00	0.0680	11.79	518.7	404.36	0.0504	348.6	6.275	11.96	5.45	1.74
	76.44	38.69	75.59	0.00	0.0680	11.80	519.2	404.70	0.0506	350.8	6.314	12.03	5.54	1.74
	77.47	38.65	75.59	0.00	0.0680	11.80	519.2	404.68	0.0508	351.7	6.331	12.06	5.58	1.74
	78.47	38.69	75.59	0.00	0.0680	11.79	518.8	404.37	0.0506	350.4	6.308	12.02	5.53	1.74
	79.48	38.69	75.59	-0.00	0.0680	11.79	518.6	404.22	0.0507	349.6	6.293	11.99	5.49	1.74
	80.54	38.69	75.54	-0.00	0.0679	11.79	518.8	404.68	0.0506	350.4	6.307	12.03	5.53	1.74
	81.46	38.67	75.59	0.00	0.0679	11.79	518.8	404.35	0.0506	350.1	6.302	12.01	5.51	1.74
	82.48	38.72	75.59	-0.00	0.0679	11.79	518.8	404.45	0.0506	350.7	6.312	12.03	5.54	1.74
	83.46	38.69	75.57	0.00	0.0679	11.79	518.7	404.46	0.0505	349.8	6.296	12.00	5.50	1.74
	84.47	38.69	75.59	-0.00	0.0680	11.79	518.6	404.25	0.0506	349.6	6.293	11.99	5.49	1.74
	85.53	38.69	75.62	0.00	0.0680	11.79	518.6	404.11	0.0507	350.3	6.305	12.01	5.52	1.74
	86.45	38.64	75.59	0.00	0.0679	11.78	518.3	403.94	0.0505	349.7	6.294	11.99	5.49	1.74
	87.47	38.71	75.59	0.00	0.0680	11.78	518.2	403.97	0.0507	349.9	6.299	12.00	5.51	1.74
	88.47	38.71	75.59	-0.00	0.0679	11.78	518.3	404.05	0.0507	351.1	6.319	12.04	5.55	1.74
	89.47	38.71	75.57	0.00	0.0679	11.78	518.4	404.24	0.0508	351.1	6.320	12.05	5.56	1.74
	90.45	38.74	75.59	0.00	0.0679	11.79	518.5	404.25	0.0508	351.0	6.319	12.04	5.55	1.74
	91.48	38.68	75.59	0.00	0.0680	11.78	518.2	403.94	0.0508	351.0	6.318	12.04	5.55	1.74
	92.52	38.71	75.57	0.00	0.0679	11.78	518.4	404.26	0.0507	351.0	6.319	12.04	5.55	1.74
	93.47	38.73	75.59	-0.00	0.0679	11.77	517.9	403.76	0.0506	350.1	6.303	12.01	5.52	1.74
	94.54	38.71	75.59	-0.00	0.0679	11.77	517.9	403.73	0.0507	350.7	6.313	12.03	5.54	1.74
	95.46	38.73	75.57	0.00	0.0678	11.76	517.2	403.36	0.0504	349.1	6.284	11.98	5.47	1.74
	96.53	38.71	75.59	-0.00	0.0679	11.77	517.8	403.67	0.0507	350.5	6.309	12.02	5.53	1.74
	97.45	38.74	75.59	0.00	0.0679	11.78	518.4	404.12	0.0509	352.0	6.335	12.07	5.59	1.74
	98.47	38.70	75.57	-0.00	0.0679	11.78	518.2	404.08	0.0506	350.9	6.317	12.04	5.55	1.74
	99.47	38.73	75.57	-0.00	0.0678	11.73	516.3	402.66	0.0506	348.0	6.265	11.94	5.43	1.74
	100.45	38.74	75.65	0.00	0.0680	11.79	519.0	404.31	0.0509	353.6	6.365	12.12	5.66	1.74
	101.46	38.74	75.54	0.00	0.0678	11.77	517.9	403.99	0.0508	352.4	6.343	12.10	5.61	1.74
	102.46	38.74	75.59	-0.00	0.0679	11.78	518.4	404.16	0.0512	354.8	6.387	12.17	5.71	1.74
	103.46	38.73	75.57	0.00	0.0678	11.75	517.1	403.24	0.0507	351.8	6.332	12.07	5.58	1.75
	104.44	38.75	75.59	0.00	0.0678	11.75	516.8	402.94	0.0507	351.2	6.321	12.05	5.56	1.74
	105.46	38.73	75.57	0.00	0.0678	11.75	517.1	403.27	0.0507	351.3	6.324	12.05	5.56	1.74
	106.44	38.76	75.57	0.00	0.0677	11.73	516.2	402.63	0.0505	348.9	6.280	11.97	5.47	1.74
	107.45	38.76	75.59	0.00	0.0678	11.75	516.9	403.04	0.0508	350.7	6.313	12.03	5.54	1.74
	108.51	38.78	75.59	0.00	0.0680	11.78	518.4	404.17	0.0511	354.5	6.380	12.16	5.70	1.74
	109.47	38.75	75.57	-0.00	0.0680	11.79	518.7	404.50	0.0511	355.6	6.401	12.20	5.74	1.75
	110.46	38.78	75.59	0.00	0.0680	11.79	518.5	404.32	0.0511	355.1	6.391	12.18	5.72	1.75
	111.48	38.75	75.59	0.00	0.0680	11.78	518.5	404.24	0.0512	355.3	6.395	12.19	5.73	1.74
	112.48	38.78	75.57	-0.00	0.0680	11.78	518.5	404.42	0.0512	355.5	6.399	12.20	5.74	1.74
	113.47	38.75	75.54	-0.00	0.0680	11.78	518.2	404.28	0.0513	355.3	6.395	12.20	5.73	1.74
	114.46	38.78	75.59	0.00	0.0679	11.79	518.9	404.61	0.0513	356.5	6.417	12.23	5.78	1.75
	115.47	38.82	75.57	-0.00	0.0679	11.77	518.1	404.15	0.0512	356.3	6.414	12.23	5.77	1.75
	116.47	38.81	75.54	-0.00	0.0678	11.76	517.6	403.89	0.0511	355.3	6.395	12.20	5.73	1.75
	117.47	38.83	75.57	-0.00	0.0678	11.76	517.6	403.77	0.0511	354.8	6.386	12.18	5.71	1.75
	118.45	38.83	75.57	0.00	0.0680	11.78	518.5	404.51	0.0514	356.7	6.421	12.24	5.79	1.75
	119.48	38.81	75.59	-0.00	0.0679	11.78	518.4	404.27	0.0513	356.3	6.414	12.22	5.77	1.75
	120.45	38.80	75.59	0.00	0.0677	11.74	516.6	402.82	0.0510	353.7	6.366	12.13	5.66	1.75
