Jul 22 2015 at 12:09:00
Frequency: 1.00Hz.
CO2
Zero:  Value:0.95  Date:18 Mar 2005	 at 07:22:33	
Span:  Value:1.00  Date:18 Mar 2005	 at 07:25:09	
H2O
Zero:  Value:0.71  Date:18 Mar 2005	 at 07:52:31	
Span:  Value:0.99  Date:18 Mar 2005	 at 11:44:01	
	Relative Time	Temperature	Pressure	Aux Input	CO2 Absorptance	CO2 mmol/m3	CO2 mg/m3	CO2 umol/mol	H2O Absorptance	H2O mmol/m3	H2O g/m3	H2O mmol/mol	H2O(°C)	Cooler Voltage
	0.34	33.47	73.48	0.00	0.0662	11.53	507.2	399.88	0.0592	437.4	7.873	15.17	8.51	1.75
	1.34	33.46	73.46	0.00	0.0663	11.52	507.0	399.83	0.0589	435.9	7.846	15.13	8.46	1.75
	2.34	33.48	73.51	0.00	0.0662	11.49	505.7	398.62	0.0592	437.9	7.882	15.19	8.53	1.75
	3.35	33.46	73.51	-0.00	0.0660	11.42	502.4	395.94	0.0596	444.6	8.003	15.42	8.75	1.75
	4.34	33.43	73.48	0.00	0.0660	11.43	503.0	396.52	0.0596	443.3	7.980	15.38	8.71	1.76
	5.35	33.43	73.54	-0.00	0.0659	11.41	502.2	395.62	0.0594	441.4	7.945	15.30	8.65	1.75
	6.35	33.46	73.51	-0.00	0.0657	11.40	501.4	395.16	0.0589	437.1	7.869	15.16	8.50	1.75
	7.33	33.43	73.51	0.00	0.0657	11.37	500.4	394.36	0.0592	438.4	7.892	15.20	8.55	1.75
	8.33	33.45	73.53	0.00	0.0657	11.40	501.6	395.16	0.0593	440.6	7.931	15.27	8.62	1.75
	9.36	33.46	73.51	0.00	0.0657	11.37	500.4	394.36	0.0594	441.3	7.944	15.30	8.65	1.75
	10.36	33.46	73.48	0.00	0.0655	11.34	499.1	393.53	0.0593	439.7	7.915	15.25	8.59	1.75
	11.36	33.43	73.51	0.00	0.0655	11.33	498.4	392.79	0.0594	441.4	7.945	15.31	8.65	1.75
	12.34	33.46	73.51	0.00	0.0654	11.28	496.2	391.04	0.0594	438.0	7.883	15.19	8.53	1.75
	13.42	33.46	73.54	0.00	0.0653	11.29	496.7	391.33	0.0591	436.8	7.862	15.14	8.49	1.75
	14.35	33.43	73.51	-0.00	0.0653	11.28	496.5	391.27	0.0592	438.1	7.886	15.19	8.53	1.75
	15.41	33.46	73.51	0.00	0.0654	11.31	497.8	392.37	0.0595	440.7	7.932	15.28	8.62	1.75
	16.33	33.47	73.51	0.00	0.0654	11.32	498.2	392.65	0.0596	442.9	7.972	15.36	8.70	1.75
	17.35	33.49	73.48	0.00	0.0654	11.31	497.6	392.37	0.0595	442.2	7.959	15.34	8.67	1.75
	18.35	33.47	73.51	-0.00	0.0654	11.32	497.9	392.44	0.0597	442.9	7.972	15.36	8.70	1.75
	19.34	33.48	73.51	-0.00	0.0653	11.29	496.7	391.46	0.0595	441.2	7.941	15.30	8.64	1.75
	20.34	33.47	73.51	-0.00	0.0652	11.27	495.9	390.84	0.0595	440.8	7.934	15.29	8.63	1.75
	21.36	33.48	73.48	0.00	0.0654	11.31	497.7	392.44	0.0597	443.9	7.990	15.40	8.73	1.76
	22.36	33.48	73.51	-0.00	0.0655	11.32	497.9	392.44	0.0598	444.6	8.003	15.42	8.76	1.75
	23.37	33.45	73.51	-0.00	0.0654	11.31	497.7	392.27	0.0596	443.8	7.989	15.39	8.73	1.76
	24.35	33.50	73.48	-0.00	0.0654	11.30	497.3	392.13	0.0597	443.6	7.985	15.39	8.72	1.75
	25.35	33.50	73.46	0.00	0.0654	11.31	497.5	392.43	0.0597	444.1	7.994	15.41	8.74	1.75
	26.33	33.48	73.48	0.00	0.0654	11.32	498.0	392.63	0.0598	445.7	8.023	15.46	8.79	1.75
	27.35	33.47	73.48	0.00	0.0655	11.34	499.1	393.53	0.0601	448.7	8.077	15.57	8.89	1.75
	28.34	33.47	73.48	-0.00	0.0652	11.26	495.4	390.62	0.0598	444.4	7.999	15.42	8.75	1.75
	29.36	33.52	73.48	-0.00	0.0654	11.30	497.2	392.09	0.0600	446.8	8.043	15.50	8.83	1.75
	30.34	33.47	73.51	0.00	0.0653	11.29	496.8	391.53	0.0603	449.4	8.090	15.59	8.92	1.75
	31.36	33.50	73.51	-0.00	0.0653	11.30	497.3	391.98	0.0604	450.3	8.105	15.62	8.94	1.76
	32.34	33.50	73.51	-0.00	0.0653	11.32	498.1	392.60	0.0603	452.6	8.147	15.70	9.02	1.75
	33.35	33.50	73.51	-0.00	0.0653	11.26	495.3	390.45	0.0603	448.9	8.079	15.57	8.90	1.76
	34.34	33.50	73.46	-0.00	0.0653	11.30	497.2	392.16	0.0604	451.7	8.130	15.68	8.99	1.76
	35.33	33.46	73.51	0.00	0.0654	11.32	498.3	392.72	0.0607	455.8	8.205	15.81	9.12	1.75
	36.36	33.49	73.48	0.00	0.0651	11.26	495.4	390.62	0.0602	449.7	8.094	15.60	8.92	1.76
	37.36	33.52	73.48	-0.00	0.0650	11.23	494.2	389.68	0.0603	450.2	8.103	15.62	8.94	1.76
	38.34	33.50	73.48	0.00	0.0652	11.25	495.0	390.32	0.0604	451.7	8.131	15.67	8.99	1.76
	39.36	33.52	73.51	-0.00	0.0650	11.24	494.4	389.75	0.0603	450.8	8.115	15.64	8.96	1.76
	40.34	33.55	73.51	0.00	0.0651	11.23	494.1	389.56	0.0605	452.4	8.144	15.69	9.02	1.76
	41.33	33.52	73.51	0.00	0.0650	11.23	493.9	389.35	0.0605	452.5	8.146	15.70	9.02	1.75
	42.42	33.52	73.48	0.00	0.0652	11.26	495.5	390.76	0.0608	455.3	8.195	15.80	9.11	1.76
	43.35	33.50	73.51	-0.00	0.0652	11.27	496.1	391.03	0.0609	456.7	8.220	15.84	9.15	1.76
	44.35	33.52	73.51	0.00	0.0651	11.25	495.0	390.24	0.0607	455.3	8.195	15.79	9.11	1.76
	45.33	33.55	73.48	0.00	0.0651	11.24	494.7	390.16	0.0610	457.1	8.228	15.86	9.17	1.76
	46.36	33.51	73.51	-0.00	0.0651	11.25	494.9	390.09	0.0609	456.4	8.216	15.83	9.15	1.76
	47.35	33.52	73.51	-0.00	0.0651	11.25	495.0	390.18	0.0608	456.1	8.210	15.82	9.14	1.76
	48.34	33.55	73.54	0.00	0.0652	11.26	495.3	390.33	0.0610	456.9	8.225	15.84	9.16	1.76
	49.41	33.55	73.51	0.00	0.0651	11.23	494.2	389.61	0.0608	455.6	8.201	15.80	9.12	1.76
	50.34	33.57	73.48	-0.00	0.0651	11.23	494.0	389.62	0.0607	455.8	8.204	15.82	9.13	1.76
	51.36	33.52	73.51	0.00	0.0651	11.24	494.5	389.77	0.0612	459.1	8.264	15.92	9.23	1.76
	52.34	33.54	73.51	0.00	0.0650	11.22	493.6	389.14	0.0615	462.6	8.326	16.05	9.35	1.76
	53.35	33.52	73.48	-0.00	0.0650	11.23	494.3	389.80	0.0615	462.9	8.332	16.06	9.35	1.76
	54.35	33.57	73.51	-0.00	0.0650	11.27	495.7	390.79	0.0616	466.2	8.391	16.17	9.46	1.76
	55.35	33.52	73.48	-0.00	0.0651	11.24	494.5	389.96	0.0617	465.2	8.373	16.14	9.43	1.76
	56.35	33.55	73.51	-0.00	0.0649	11.21	493.3	388.88	0.0616	464.8	8.367	16.12	9.42	1.76
	57.35	33.57	73.48	0.00	0.0651	11.26	495.2	390.57	0.0619	467.5	8.414	16.22	9.50	1.76
	58.33	33.54	73.51	0.00	0.0651	11.25	495.0	390.26	0.0618	466.8	8.403	16.19	9.48	1.76
	59.34	33.54	73.54	0.00	0.0650	11.23	494.2	389.48	0.0619	466.8	8.402	16.18	9.48	1.76
	60.34	33.54	73.48	-0.00	0.0652	11.26	495.5	390.75	0.0621	469.1	8.443	16.28	9.55	1.76
	61.34	33.52	73.48	0.00	0.0649	11.22	493.7	389.31	0.0619	467.5	8.414	16.22	9.50	1.76
	62.42	33.55	73.48	0.00	0.0650	11.21	493.0	388.83	0.0620	468.0	8.424	16.24	9.52	1.76
	63.35	33.55	73.48	0.00	0.0652	11.25	494.9	390.27	0.0623	471.1	8.481	16.35	9.62	1.76
	64.33	33.52	73.48	0.00	0.0651	11.24	494.6	389.98	0.0621	470.0	8.460	16.31	9.58	1.76
	65.35	33.55	73.48	0.00	0.0649	11.19	492.4	388.28	0.0622	468.6	8.435	16.26	9.54	1.76
	66.35	33.52	73.51	-0.00	0.0652	11.23	494.0	389.41	0.0626	472.2	8.500	16.38	9.65	1.76
	67.36	33.53	73.46	0.00	0.0650	11.23	494.0	389.68	0.0625	473.8	8.529	16.45	9.70	1.76
	68.34	33.55	73.48	0.00	0.0648	11.18	491.9	387.90	0.0624	471.8	8.493	16.37	9.64	1.76
	69.36	33.59	73.48	-0.00	0.0649	11.19	492.5	388.46	0.0626	474.6	8.544	16.47	9.73	1.76
	70.34	33.57	73.48	0.00	0.0652	11.24	494.5	390.02	0.0629	476.5	8.577	16.54	9.79	1.76
	71.36	33.57	73.51	-0.00	0.0650	11.24	494.3	389.75	0.0628	477.0	8.586	16.55	9.80	1.76
	72.34	33.61	73.48	0.00	0.0651	11.25	494.9	390.35	0.0630	479.2	8.626	16.63	9.88	1.76
	73.35	33.54	73.51	-0.00	0.0650	11.21	493.2	388.83	0.0628	476.9	8.584	16.54	9.80	1.76
	74.33	33.56	73.48	-0.00	0.0651	11.22	493.9	389.52	0.0629	478.3	8.610	16.60	9.85	1.76
	75.35	33.58	73.51	0.00	0.0650	11.22	493.8	389.37	0.0630	479.3	8.628	16.63	9.88	1.76
	76.33	33.58	73.48	0.00	0.0651	11.23	494.1	389.74	0.0631	480.3	8.646	16.67	9.91	1.76
	77.33	33.63	73.46	0.00	0.0651	11.24	494.6	390.31	0.0634	482.6	8.686	16.76	9.98	1.76
	78.34	33.55	73.46	0.00	0.0650	11.22	493.8	389.56	0.0632	480.8	8.655	16.69	9.92	1.76
	79.33	33.61	73.51	0.00	0.0651	11.24	494.6	390.00	0.0633	482.5	8.684	16.74	9.98	1.76
	80.34	33.59	73.51	0.00	0.0649	11.19	492.3	388.18	0.0631	480.9	8.656	16.68	9.93	1.76
	81.36	33.58	73.46	0.00	0.0650	11.23	493.9	389.70	0.0634	483.4	8.702	16.78	10.00	1.76
	82.37	33.61	73.48	-0.00	0.0651	11.24	494.5	390.10	0.0635	484.4	8.720	16.81	10.04	1.76
	83.35	33.61	73.48	-0.00	0.0649	11.23	494.1	389.72	0.0636	485.5	8.740	16.85	10.07	1.76
	84.36	33.57	73.48	0.00	0.0648	11.18	492.0	388.05	0.0633	482.4	8.684	16.74	9.97	1.76
	85.35	33.60	73.51	-0.00	0.0649	11.20	492.7	388.53	0.0636	485.5	8.739	16.84	10.07	1.76
	86.36	33.58	73.48	-0.00	0.0648	11.11	488.8	385.50	0.0634	482.4	8.684	16.74	9.97	1.76
	87.34	33.58	73.48	0.00	0.0651	11.24	494.8	390.23	0.0639	489.9	8.818	17.00	10.20	1.76
	88.36	33.62	73.51	-0.00	0.0650	11.20	492.8	388.59	0.0640	488.4	8.792	16.95	10.16	1.76
	89.34	33.62	73.48	-0.00	0.0649	11.20	492.7	388.65	0.0639	489.0	8.802	16.97	10.18	1.76
	90.34	33.61	73.51	0.00	0.0651	11.24	494.7	390.10	0.0642	491.5	8.847	17.05	10.25	1.76
	91.34	33.60	73.48	0.00	0.0649	11.20	492.8	388.69	0.0638	487.6	8.777	16.92	10.13	1.76
	92.34	33.61	73.51	0.00	0.0651	11.22	493.7	389.28	0.0643	491.8	8.853	17.06	10.26	1.76
	93.33	33.61	73.48	0.00	0.0651	11.23	494.3	389.90	0.0643	493.1	8.876	17.11	10.30	1.76
	94.33	33.62	73.51	0.00	0.0650	11.23	494.1	389.64	0.0641	492.1	8.857	17.07	10.27	1.76
	95.35	33.60	73.48	0.00	0.0647	11.15	490.7	387.04	0.0641	490.4	8.827	17.02	10.22	1.76
	96.36	33.63	73.48	-0.00	0.0651	11.23	494.0	389.73	0.0646	495.8	8.924	17.21	10.38	1.76
	97.34	33.63	73.48	0.00	0.0649	11.20	492.9	388.85	0.0642	493.1	8.876	17.12	10.30	1.76
	98.33	33.61	73.48	0.00	0.0649	11.20	492.6	388.58	0.0644	493.0	8.875	17.11	10.30	1.77
	99.36	33.64	73.51	-0.00	0.0651	11.25	495.0	390.35	0.0648	499.3	8.987	17.32	10.49	1.77
	100.34	33.63	73.51	0.00	0.0650	11.20	492.9	388.71	0.0648	497.3	8.951	17.25	10.43	1.77
	101.34	33.62	73.48	0.00	0.0652	11.26	495.3	390.71	0.0651	501.8	9.032	17.41	10.56	1.77
	102.32	33.63	73.48	0.00	0.0652	11.25	494.9	390.38	0.0651	501.5	9.026	17.41	10.55	1.77
	103.35	33.64	73.51	0.00	0.0649	11.22	493.7	389.30	0.0647	499.8	8.997	17.34	10.51	1.77
	104.35	33.64	73.51	0.00	0.0649	11.23	493.9	389.51	0.0648	501.8	9.033	17.41	10.57	1.77
	105.35	33.64	73.51	-0.00	0.0649	11.20	492.8	388.65	0.0650	500.2	9.004	17.36	10.52	1.77
	106.41	33.65	73.51	0.00	0.0648	11.19	492.1	388.12	0.0648	499.2	8.986	17.32	10.49	1.77
	107.34	33.65	73.48	-0.00	0.0650	11.23	494.0	389.70	0.0651	502.7	9.048	17.45	10.59	1.77
	108.34	33.65	73.48	0.00	0.0650	11.23	494.2	389.89	0.0653	504.4	9.079	17.51	10.64	1.77
	109.33	33.62	73.48	0.00	0.0651	11.24	494.7	390.26	0.0654	505.1	9.091	17.53	10.66	1.77
	110.36	33.65	73.51	0.00	0.0649	11.22	493.6	389.24	0.0651	503.2	9.057	17.46	10.61	1.77
	111.34	33.61	73.51	0.00	0.0650	11.21	493.3	388.96	0.0653	503.8	9.068	17.48	10.62	1.77
	112.34	33.67	73.48	0.00	0.0649	11.20	492.7	388.73	0.0652	502.6	9.048	17.45	10.59	1.77
	113.35	33.70	73.51	-0.00	0.0649	11.19	492.3	388.31	0.0652	503.1	9.056	17.46	10.61	1.77
	114.35	33.67	73.48	0.00	0.0649	11.19	492.3	388.39	0.0653	503.7	9.067	17.49	10.62	1.77
	115.33	33.64	73.48	0.00	0.0651	11.24	494.7	390.25	0.0659	509.4	9.169	17.68	10.79	1.77
	116.35	33.67	73.51	0.00	0.0650	11.21	493.1	388.93	0.0656	507.3	9.132	17.61	10.73	1.77
	117.33	33.67	73.48	0.00	0.0651	11.23	494.0	389.71	0.0659	509.6	9.174	17.69	10.80	1.77
	118.34	33.64	73.51	0.00	0.0649	11.22	493.6	389.25	0.0658	510.8	9.195	17.73	10.83	1.77
	119.36	33.69	73.51	0.00	0.0648	11.17	491.6	387.75	0.0655	506.6	9.118	17.58	10.71	1.77
