Jul 22 2015 at 11:56:16
Frequency: 1.00Hz.
CO2
Zero:  Value:0.95  Date:18 Mar 2005	 at 07:22:33	
Span:  Value:1.00  Date:18 Mar 2005	 at 07:25:09	
H2O
Zero:  Value:0.71  Date:18 Mar 2005	 at 07:52:31	
Span:  Value:0.99  Date:18 Mar 2005	 at 11:44:01	
	Relative Time	Temperature	Pressure	Aux Input	CO2 Absorptance	CO2 mmol/m3	CO2 mg/m3	CO2 umol/mol	H2O Absorptance	H2O mmol/m3	H2O g/m3	H2O mmol/mol	H2O(°C)	Cooler Voltage
	0.37	32.15	73.51	0.00	0.0656	11.35	499.5	392.01	0.0688	543.6	9.784	18.77	11.70	1.68
	1.39	32.15	73.48	0.00	0.0653	11.31	497.5	390.53	0.0694	549.1	9.884	18.97	11.85	1.68
	2.40	32.15	73.51	-0.00	0.0654	11.30	497.1	390.15	0.0692	544.3	9.798	18.80	11.72	1.68
	3.38	32.13	73.48	0.00	0.0653	11.28	496.2	389.54	0.0693	550.4	9.907	19.01	11.88	1.68
	4.38	32.18	73.51	0.00	0.0652	11.28	496.2	389.42	0.0697	553.5	9.963	19.11	11.97	1.68
	5.38	32.18	73.48	0.00	0.0653	11.29	496.6	389.87	0.0696	551.3	9.924	19.05	11.91	1.68
	6.40	32.18	73.51	-0.00	0.0652	11.26	495.3	388.77	0.0693	550.0	9.900	18.99	11.88	1.68
	7.39	32.15	73.51	-0.00	0.0651	11.24	494.7	388.24	0.0690	545.5	9.818	18.83	11.75	1.68
	8.39	32.18	73.48	-0.00	0.0653	11.29	496.6	389.90	0.0692	547.1	9.848	18.90	11.80	1.68
	9.45	32.18	73.51	0.00	0.0653	11.26	495.3	388.71	0.0695	550.8	9.914	19.02	11.90	1.68
	10.40	32.18	73.48	-0.00	0.0651	11.26	495.5	389.04	0.0695	552.3	9.942	19.08	11.94	1.68
	11.39	32.15	73.54	-0.00	0.0652	11.27	495.8	388.92	0.0696	553.8	9.969	19.12	11.98	1.68
	12.39	32.17	73.51	0.00	0.0651	11.24	494.5	388.13	0.0696	553.5	9.963	19.11	11.97	1.68
	13.38	32.15	73.48	0.00	0.0651	11.24	494.8	388.42	0.0693	548.0	9.864	18.93	11.82	1.68
	14.40	32.13	73.53	-0.00	0.0652	11.25	494.9	388.23	0.0692	549.2	9.885	18.95	11.85	1.68
	15.40	32.11	73.51	0.00	0.0652	11.26	495.6	388.86	0.0692	549.7	9.895	18.98	11.86	1.68
	16.40	32.15	73.49	-0.00	0.0652	11.25	495.0	388.62	0.0697	554.9	9.987	19.17	12.01	1.68
	17.39	32.13	73.51	-0.00	0.0651	11.24	494.6	388.13	0.0696	551.7	9.931	19.05	11.92	1.68
	18.39	32.16	73.51	0.00	0.0651	11.25	495.2	388.61	0.0698	555.7	10.002	19.19	12.03	1.68
	19.38	32.15	73.51	0.00	0.0651	11.24	494.6	388.12	0.0698	554.9	9.987	19.16	12.01	1.68
	20.39	32.13	73.51	0.00	0.0650	11.21	493.2	387.01	0.0715	574.6	10.342	19.84	12.54	1.68
	21.39	32.17	73.51	0.00	0.0649	11.19	492.3	386.40	0.0720	580.8	10.455	20.06	12.71	1.68
	22.40	32.15	73.48	-0.00	0.0648	11.19	492.2	386.42	0.0716	574.0	10.333	19.83	12.52	1.68
	23.48	32.15	73.51	-0.00	0.0648	11.17	491.6	385.76	0.0717	575.6	10.360	19.87	12.57	1.68
	24.40	32.21	73.54	-0.00	0.0647	11.17	491.4	385.56	0.0724	586.0	10.548	20.23	12.84	1.68
	25.41	32.18	73.48	-0.00	0.0646	11.13	489.7	384.45	0.0727	590.0	10.620	20.38	12.94	1.68
	26.38	32.17	73.48	0.00	0.0648	11.16	491.1	385.58	0.0713	575.3	10.355	19.87	12.56	1.68
	27.41	32.18	73.51	-0.00	0.0649	11.20	492.7	386.66	0.0705	563.7	10.146	19.46	12.25	1.68
	28.38	32.18	73.48	0.00	0.0647	11.17	491.5	385.85	0.0732	583.4	10.501	20.15	12.77	1.68
	29.39	32.15	73.48	0.00	0.0647	11.16	490.9	385.35	0.0720	583.1	10.497	20.14	12.76	1.68
	30.39	32.20	73.51	-0.00	0.0649	11.19	492.4	386.51	0.0712	571.9	10.295	19.75	12.47	1.68
	31.39	32.18	73.51	0.00	0.0648	11.18	492.1	386.22	0.0715	574.3	10.337	19.83	12.53	1.68
	32.45	32.16	73.51	0.00	0.0646	11.14	490.2	384.68	0.0730	591.0	10.638	20.41	12.97	1.68
	33.40	32.21	73.48	-0.00	0.0644	11.10	488.4	383.50	0.0743	603.6	10.865	20.85	13.30	1.68
	34.37	32.21	73.51	0.00	0.0645	11.10	488.2	383.22	0.0738	604.4	10.879	20.87	13.32	1.68
	35.40	32.13	73.51	0.00	0.0643	11.08	487.7	382.66	0.0744	609.6	10.972	21.05	13.44	1.68
	36.40	32.19	73.48	-0.00	0.0642	11.05	486.2	381.70	0.0745	610.5	10.989	21.09	13.47	1.68
	37.39	32.13	73.51	0.00	0.0643	11.06	486.4	381.73	0.0744	609.8	10.977	21.06	13.45	1.68
	38.39	32.14	73.51	-0.00	0.0642	11.05	486.3	381.62	0.0747	614.0	11.052	21.20	13.55	1.68
	39.39	32.13	73.53	0.00	0.0642	11.05	486.1	381.33	0.0747	613.6	11.045	21.18	13.54	1.68
	40.45	32.13	73.51	0.00	0.0640	11.02	484.7	380.39	0.0752	619.1	11.144	21.38	13.68	1.68
	41.39	32.13	73.48	0.00	0.0640	11.01	484.2	380.12	0.0760	627.3	11.292	21.67	13.88	1.68
	42.38	32.15	73.51	-0.00	0.0640	11.01	484.5	380.27	0.0759	623.6	11.225	21.53	13.79	1.68
	43.37	32.15	73.48	0.00	0.0641	11.00	483.8	379.84	0.0751	621.8	11.192	21.48	13.75	1.68
	44.38	32.18	73.51	0.00	0.0637	10.95	481.6	377.99	0.0768	637.6	11.477	22.02	14.14	1.68
	45.38	32.18	73.51	0.00	0.0638	10.96	482.2	378.47	0.0766	633.6	11.404	21.88	14.04	1.68
	46.40	32.20	73.46	0.00	0.0636	10.91	480.1	377.07	0.0779	653.2	11.757	22.57	14.51	1.68
	47.39	32.19	73.51	-0.00	0.0637	10.93	480.8	377.40	0.0776	648.0	11.665	22.38	14.39	1.68
	48.47	32.18	73.51	-0.00	0.0637	10.92	480.3	376.93	0.0772	643.9	11.591	22.24	14.29	1.68
	49.39	32.15	73.48	-0.00	0.0637	10.94	481.2	377.80	0.0769	641.5	11.547	22.16	14.23	1.68
	50.39	32.22	73.48	-0.00	0.0637	10.92	480.5	377.33	0.0769	641.2	11.541	22.15	14.22	1.68
	51.40	32.20	73.51	-0.00	0.0636	10.91	480.3	376.95	0.0768	639.2	11.506	22.08	14.18	1.68
	52.38	32.17	73.48	0.00	0.0638	10.95	481.8	378.29	0.0760	628.9	11.319	21.72	13.92	1.68
	53.38	32.18	73.48	0.00	0.0637	10.94	481.3	377.89	0.0764	632.1	11.377	21.83	14.00	1.68
	54.38	32.20	73.51	0.00	0.0635	10.89	479.3	376.23	0.0773	644.5	11.601	22.26	14.30	1.68
	55.40	32.17	73.48	0.00	0.0638	10.94	481.2	377.81	0.0760	631.2	11.361	21.80	13.98	1.68
	56.38	32.17	73.48	0.00	0.0637	10.93	480.9	377.54	0.0763	631.6	11.369	21.82	13.99	1.68
	57.36	32.17	73.48	0.00	0.0636	10.92	480.5	377.21	0.0764	633.7	11.406	21.89	14.04	1.68
	58.39	32.20	73.48	0.00	0.0636	10.92	480.5	377.26	0.0764	633.6	11.405	21.89	14.04	1.68
	59.37	32.17	73.48	0.00	0.0634	10.88	478.7	375.85	0.0780	647.1	11.648	22.35	14.36	1.68
	60.40	32.20	73.51	0.00	0.0631	10.82	476.0	373.56	0.0792	668.5	12.033	23.09	14.87	1.68
	61.39	32.22	73.48	0.00	0.0635	10.89	479.1	376.21	0.0772	644.4	11.600	22.27	14.30	1.68
	62.40	32.20	73.48	-0.00	0.0632	10.83	476.6	374.17	0.0787	662.4	11.924	22.89	14.73	1.68
	63.38	32.17	73.51	0.00	0.0633	10.85	477.3	374.57	0.0779	654.0	11.771	22.58	14.53	1.68
	64.40	32.15	73.48	-0.00	0.0632	10.85	477.2	374.62	0.0779	648.5	11.673	22.40	14.40	1.68
	65.40	32.21	73.48	-0.00	0.0632	10.80	475.3	373.19	0.0782	660.5	11.890	22.82	14.68	1.68
	66.38	32.15	73.48	0.00	0.0629	10.78	474.2	372.30	0.0794	667.7	12.018	23.06	14.85	1.68
	67.39	32.22	73.51	-0.00	0.0627	10.73	472.3	370.73	0.0806	683.5	12.302	23.61	15.22	1.68
	68.39	32.20	73.48	-0.00	0.0630	10.75	472.9	371.33	0.0790	675.6	12.161	23.34	15.03	1.68
	69.39	32.20	73.51	0.00	0.0626	10.71	471.4	369.96	0.0812	690.1	12.421	23.83	15.36	1.68
	70.37	32.20	73.51	0.00	0.0627	10.68	469.9	368.84	0.0812	698.7	12.576	24.13	15.56	1.68
	71.39	32.20	73.51	0.00	0.0629	10.74	472.8	371.05	0.0799	680.2	12.243	23.49	15.14	1.68
	72.38	32.22	73.48	0.00	0.0628	10.75	472.8	371.24	0.0800	675.8	12.164	23.35	15.04	1.68
	73.40	32.22	73.51	-0.00	0.0628	10.73	472.3	370.69	0.0802	679.0	12.222	23.45	15.11	1.68
	74.38	32.20	73.51	0.00	0.0627	10.70	470.9	369.60	0.0805	684.4	12.319	23.63	15.23	1.68
	75.47	32.20	73.51	-0.00	0.0624	10.65	468.7	367.86	0.0816	698.5	12.573	24.12	15.55	1.68
	76.39	32.17	73.51	-0.00	0.0624	10.65	468.8	367.92	0.0813	693.6	12.484	23.95	15.44	1.68
	77.39	32.18	73.48	-0.00	0.0623	10.64	468.1	367.55	0.0818	701.2	12.622	24.22	15.61	1.68
	78.38	32.20	73.46	0.00	0.0623	10.62	467.4	367.15	0.0821	706.3	12.713	24.41	15.73	1.68
	79.40	32.20	73.51	-0.00	0.0625	10.66	468.9	368.01	0.0813	697.8	12.560	24.10	15.54	1.68
	80.39	32.17	73.48	0.00	0.0626	10.68	470.1	369.09	0.0805	688.0	12.384	23.77	15.32	1.68
	81.39	32.20	73.51	0.00	0.0625	10.69	470.2	369.02	0.0808	684.0	12.312	23.62	15.23	1.68
	82.40	32.22	73.51	-0.00	0.0627	10.71	471.2	369.89	0.0800	675.4	12.157	23.33	15.03	1.68
	83.38	32.24	73.48	0.00	0.0627	10.69	470.5	369.46	0.0801	684.3	12.318	23.64	15.24	1.68
	84.40	32.19	73.51	0.00	0.0624	10.67	469.7	368.65	0.0810	689.0	12.401	23.79	15.34	1.68
	85.38	32.20	73.51	0.00	0.0624	10.65	468.5	367.70	0.0813	693.2	12.477	23.94	15.43	1.68
	86.39	32.20	73.48	-0.00	0.0625	10.65	468.4	367.81	0.0808	693.2	12.477	23.95	15.43	1.68
	87.39	32.20	73.51	-0.00	0.0621	10.60	466.3	365.97	0.0823	707.9	12.741	24.45	15.76	1.68
	88.39	32.20	73.51	-0.00	0.0624	10.62	467.1	366.59	0.0813	700.8	12.614	24.20	15.60	1.68
	89.39	32.22	73.51	-0.00	0.0624	10.66	469.0	368.16	0.0809	688.7	12.396	23.78	15.33	1.68
	90.39	32.22	73.51	-0.00	0.0621	10.59	465.8	365.65	0.0821	703.6	12.665	24.30	15.67	1.68
	91.39	32.22	73.51	-0.00	0.0618	10.54	463.8	364.04	0.0833	719.1	12.945	24.84	16.01	1.68
	92.38	32.24	73.48	0.00	0.0620	10.57	465.1	365.20	0.0823	712.2	12.820	24.61	15.86	1.69
	93.38	32.20	73.48	0.00	0.0620	10.58	465.6	365.57	0.0827	708.7	12.757	24.48	15.78	1.68
	94.38	32.22	73.51	0.00	0.0617	10.52	462.7	363.19	0.0836	725.4	13.057	25.05	16.15	1.69
	95.41	32.22	73.48	0.00	0.0619	10.53	463.2	363.69	0.0835	724.5	13.041	25.03	16.13	1.69
	96.39	32.20	73.48	0.00	0.0619	10.54	463.6	364.02	0.0833	723.8	13.029	25.01	16.11	1.69
	97.41	32.22	73.51	-0.00	0.0620	10.56	464.5	364.58	0.0830	720.3	12.966	24.88	16.03	1.69
	98.39	32.22	73.51	-0.00	0.0620	10.56	464.7	364.75	0.0829	715.2	12.873	24.70	15.92	1.68
	99.40	32.24	73.48	-0.00	0.0619	10.55	464.3	364.61	0.0828	713.5	12.842	24.65	15.89	1.69
	100.39	32.22	73.51	0.00	0.0617	10.49	461.7	362.40	0.0837	729.1	13.124	25.18	16.22	1.69
	101.40	32.24	73.48	-0.00	0.0619	10.53	463.4	363.89	0.0825	716.6	12.899	24.76	15.95	1.69
	102.40	32.24	73.54	-0.00	0.0618	10.54	463.6	363.77	0.0832	716.8	12.903	24.75	15.96	1.69
	103.40	32.24	73.51	-0.00	0.0617	10.52	462.7	363.22	0.0835	723.2	13.017	24.98	16.10	1.69
	104.40	32.20	73.51	-0.00	0.0618	10.52	463.0	363.39	0.0835	719.1	12.944	24.83	16.01	1.68
	105.46	32.19	73.51	0.00	0.0618	10.53	463.2	363.52	0.0831	717.8	12.921	24.79	15.98	1.69
	106.39	32.22	73.54	0.00	0.0615	10.44	459.5	360.52	0.0849	741.8	13.352	25.61	16.50	1.69
	107.39	32.22	73.48	-0.00	0.0618	10.50	462.1	362.84	0.0833	726.8	13.083	25.11	16.18	1.69
	108.39	32.20	73.48	0.00	0.0615	10.47	460.9	361.85	0.0846	734.0	13.212	25.36	16.33	1.69
	109.39	32.22	73.51	-0.00	0.0615	10.43	459.1	360.39	0.0849	743.9	13.389	25.69	16.54	1.69
	110.39	32.22	73.51	0.00	0.0615	10.45	459.6	360.74	0.0848	741.9	13.354	25.62	16.50	1.69
	111.40	32.20	73.46	-0.00	0.0616	10.48	461.2	362.24	0.0837	728.0	13.104	25.16	16.20	1.69
	112.40	32.20	73.51	-0.00	0.0615	10.46	460.3	361.26	0.0843	734.4	13.219	25.36	16.34	1.69
	113.40	32.22	73.51	-0.00	0.0614	10.44	459.4	360.63	0.0849	741.3	13.344	25.60	16.49	1.69
	114.38	32.22	73.48	0.00	0.0614	10.44	459.4	360.71	0.0850	743.1	13.376	25.67	16.52	1.69
	115.46	32.26	73.51	0.00	0.0614	10.44	459.5	360.72	0.0847	743.1	13.375	25.67	16.53	1.69
	116.39	32.24	73.46	-0.00	0.0614	10.44	459.5	360.96	0.0849	736.3	13.254	25.45	16.38	1.68
	117.45	32.24	73.48	0.00	0.0614	10.43	458.9	360.33	0.0849	742.7	13.368	25.66	16.52	1.69
	118.37	32.28	73.51	0.00	0.0613	10.42	458.6	360.02	0.0852	746.2	13.432	25.78	16.59	1.69
	119.39	32.26	73.48	0.00	0.0613	10.41	458.1	359.73	0.0852	746.8	13.442	25.80	16.60	1.69
	120.39	32.28	73.51	-0.00	0.0611	10.39	457.0	358.80	0.0859	755.2	13.594	26.09	16.78	1.69
	121.38	32.28	73.51	-0.00	0.0610	10.36	455.9	357.91	0.0867	763.7	13.747	26.38	16.96	1.69
