Jul 22 2015 at 15:19:14
Frequency: 1.00Hz.
CO2
Zero:  Value:0.95  Date:18 Mar 2005	 at 07:22:33	
Span:  Value:1.00  Date:18 Mar 2005	 at 07:25:09	
H2O
Zero:  Value:0.71  Date:18 Mar 2005	 at 07:52:31	
Span:  Value:0.99  Date:18 Mar 2005	 at 11:44:01	
	Relative Time	Temperature	Pressure	Aux Input	CO2 Absorptance	CO2 mmol/m3	CO2 mg/m3	CO2 umol/mol	H2O Absorptance	H2O mmol/m3	H2O g/m3	H2O mmol/mol	H2O(°C)	Cooler Voltage
	0.70	36.56	75.62	0.00	0.0704	12.36	543.9	420.90	0.0455	304.1	5.474	10.35	3.40	1.74
	1.69	36.60	75.59	0.00	0.0703	12.32	542.0	419.64	0.0459	308.4	5.552	10.51	3.61	1.74
	2.70	36.60	75.59	0.00	0.0704	12.34	542.9	420.32	0.0458	304.8	5.487	10.38	3.44	1.74
	3.71	36.58	75.59	-0.00	0.0705	12.35	543.5	420.76	0.0455	303.7	5.466	10.34	3.38	1.73
	4.70	36.58	75.62	0.00	0.0704	12.33	542.5	419.87	0.0469	314.7	5.665	10.72	3.89	1.74
	5.71	36.58	75.62	-0.00	0.0704	12.34	543.0	420.28	0.0466	312.9	5.632	10.65	3.81	1.74
	6.69	36.59	75.62	0.00	0.0703	12.31	541.7	419.26	0.0475	322.0	5.797	10.97	4.22	1.73
	7.71	36.60	75.59	-0.00	0.0703	12.31	541.5	419.23	0.0487	331.9	5.974	11.31	4.65	1.74
	8.71	36.55	75.62	-0.00	0.0703	12.32	541.9	419.33	0.0488	333.6	6.004	11.36	4.72	1.74
	9.70	36.54	75.62	0.00	0.0703	12.31	541.4	418.98	0.0492	337.1	6.067	11.48	4.87	1.74
	10.69	36.44	75.59	0.00	0.0702	12.29	540.9	418.60	0.0491	338.0	6.084	11.51	4.90	1.74
	11.78	36.46	75.59	-0.00	0.0703	12.28	540.5	418.28	0.0504	345.7	6.223	11.77	5.23	1.73
	12.70	36.49	75.59	-0.00	0.0701	12.29	540.8	418.59	0.0503	347.1	6.247	11.82	5.29	1.74
	13.71	36.49	75.62	0.00	0.0701	12.24	538.8	416.85	0.0500	344.1	6.193	11.71	5.16	1.74
	14.71	36.50	75.62	0.00	0.0700	12.26	539.5	417.43	0.0494	339.5	6.110	11.56	4.97	1.74
	15.71	36.48	75.59	0.00	0.0698	12.23	538.2	416.55	0.0502	346.5	6.237	11.80	5.26	1.74
	16.71	36.42	75.62	-0.00	0.0699	12.23	538.2	416.33	0.0499	344.3	6.198	11.72	5.17	1.74
	17.71	36.44	75.62	0.00	0.0699	12.22	537.7	415.94	0.0506	345.8	6.225	11.77	5.23	1.73
	18.70	36.55	75.62	0.00	0.0698	12.20	536.9	415.46	0.0504	348.1	6.265	11.85	5.33	1.74
	19.72	36.56	75.59	-0.00	0.0699	12.21	537.3	415.99	0.0501	346.0	6.227	11.78	5.24	1.74
	20.70	36.59	75.62	0.00	0.0699	12.22	537.6	416.09	0.0501	346.1	6.230	11.79	5.25	1.74
	21.71	36.61	75.59	-0.00	0.0699	12.21	537.1	415.85	0.0503	347.3	6.252	11.83	5.30	1.74
	22.71	36.61	75.62	-0.00	0.0698	12.21	537.2	415.77	0.0507	349.2	6.285	11.89	5.38	1.74
	23.70	36.61	75.59	0.00	0.0698	12.20	537.0	415.79	0.0507	348.5	6.272	11.87	5.35	1.74
	24.71	36.61	75.62	-0.00	0.0696	12.17	535.6	414.60	0.0532	376.3	6.773	12.82	6.46	1.74
	25.71	36.63	75.59	0.00	0.0697	12.17	535.5	414.65	0.0513	357.9	6.442	12.19	5.74	1.74
	26.71	36.63	75.59	-0.00	0.0698	12.19	536.2	415.19	0.0520	361.2	6.501	12.31	5.87	1.74
	27.71	36.63	75.62	0.00	0.0696	12.17	535.6	414.59	0.0519	363.1	6.536	12.37	5.94	1.74
	28.70	36.63	75.59	-0.00	0.0697	12.17	535.5	414.62	0.0526	367.4	6.613	12.52	6.11	1.74
	29.70	36.65	75.59	0.00	0.0697	12.18	535.7	414.88	0.0523	365.8	6.585	12.46	6.05	1.73
	30.70	36.64	75.62	-0.00	0.0695	12.15	534.5	413.77	0.0515	360.8	6.494	12.29	5.85	1.74
	31.78	36.63	75.62	0.00	0.0696	12.16	534.8	414.00	0.0520	363.7	6.546	12.39	5.97	1.74
	32.70	36.65	75.62	-0.00	0.0695	12.13	533.7	413.16	0.0527	371.1	6.680	12.64	6.26	1.74
	33.70	36.64	75.59	0.00	0.0696	12.16	534.9	414.19	0.0524	367.1	6.608	12.51	6.10	1.74
	34.68	36.63	75.59	0.00	0.0696	12.16	534.9	414.17	0.0530	371.4	6.686	12.66	6.27	1.74
	35.69	36.63	75.62	0.00	0.0696	12.16	535.0	414.13	0.0530	371.5	6.687	12.65	6.28	1.74
	36.69	36.63	75.62	0.00	0.0695	12.15	534.5	413.73	0.0544	387.1	6.967	13.18	6.87	1.74
	37.69	36.63	75.62	0.00	0.0696	12.14	534.2	413.48	0.0536	381.2	6.862	12.98	6.65	1.74
	38.70	36.58	75.59	0.00	0.0697	12.18	535.8	414.78	0.0540	378.7	6.817	12.90	6.55	1.74
	39.69	36.61	75.59	0.00	0.0696	12.15	534.7	414.03	0.0542	392.2	7.059	13.36	7.06	1.74
	40.72	36.63	75.59	-0.00	0.0695	12.14	534.3	413.69	0.0540	380.4	6.847	12.96	6.62	1.74
	41.68	36.63	75.62	0.00	0.0702	12.38	544.7	421.59	0.0544	385.4	6.937	13.13	6.81	1.74
	42.70	36.62	75.62	0.00	0.0696	12.16	535.1	414.20	0.0571	400.7	7.213	13.65	7.38	1.74
	43.71	36.65	75.57	-0.00	0.0694	12.12	533.2	413.07	0.0553	414.1	7.455	14.12	7.86	1.74
	44.73	36.66	75.62	0.00	0.0694	12.11	532.7	412.38	0.0566	409.2	7.365	13.94	7.68	1.74
	45.71	36.64	75.62	-0.00	0.0695	12.11	533.0	412.56	0.0561	412.5	7.426	14.05	7.80	1.74
	46.72	36.60	75.57	-0.00	0.0694	12.11	532.8	412.64	0.0573	411.2	7.402	14.01	7.76	1.74
	47.70	36.65	75.59	0.00	0.0693	12.10	532.2	412.16	0.0559	401.8	7.233	13.69	7.42	1.74
	48.72	36.65	75.54	-0.00	0.0693	12.09	531.8	412.08	0.0559	399.9	7.198	13.64	7.35	1.74
	49.70	36.65	75.59	0.00	0.0692	12.08	531.4	411.49	0.0557	401.1	7.219	13.67	7.39	1.74
	50.78	36.64	75.62	0.00	0.0693	12.07	531.2	411.19	0.0562	402.4	7.243	13.70	7.44	1.74
	51.70	36.63	75.59	0.00	0.0693	12.07	531.3	411.39	0.0564	405.7	7.303	13.82	7.56	1.74
	52.70	36.63	75.62	0.00	0.0693	12.09	532.1	411.91	0.0568	410.7	7.393	13.99	7.74	1.74
	53.71	36.66	75.62	0.00	0.0693	12.09	532.1	411.91	0.0567	408.0	7.344	13.90	7.64	1.74
	54.69	36.63	75.62	0.00	0.0693	12.09	532.0	411.79	0.0565	408.5	7.353	13.91	7.66	1.74
	55.69	36.64	75.62	0.00	0.0693	12.09	532.1	411.88	0.0566	406.1	7.309	13.83	7.57	1.74
	56.71	36.65	75.62	0.00	0.0694	12.11	533.0	412.64	0.0567	407.0	7.327	13.86	7.61	1.74
	57.70	36.65	75.59	-0.00	0.0693	12.10	532.5	412.35	0.0568	402.2	7.240	13.71	7.43	1.74
	58.70	36.68	75.65	-0.00	0.0691	12.07	531.0	410.91	0.0580	420.7	7.572	14.32	8.09	1.74
	59.70	36.68	75.62	-0.00	0.0692	12.07	530.9	411.00	0.0585	427.2	7.690	14.55	8.32	1.74
	60.78	36.64	75.62	-0.00	0.0691	12.05	530.3	410.49	0.0585	427.1	7.687	14.55	8.31	1.74
	61.68	36.65	75.59	0.00	0.0692	12.06	530.4	410.77	0.0589	429.5	7.732	14.64	8.40	1.74
	62.70	36.70	75.59	0.00	0.0691	12.05	530.0	410.49	0.0600	435.9	7.847	14.86	8.62	1.74
	63.70	36.70	75.59	-0.00	0.0689	12.03	529.2	409.90	0.0598	439.7	7.915	14.99	8.75	1.74
	64.69	36.70	75.62	0.00	0.0690	12.01	528.5	409.20	0.0574	427.6	7.697	14.57	8.33	1.74
	65.68	36.72	75.59	0.00	0.0690	12.01	528.3	409.23	0.0594	429.0	7.721	14.62	8.38	1.74
	66.69	36.70	75.57	0.00	0.0690	12.00	528.2	409.20	0.0610	443.4	7.981	15.11	8.87	1.74
	67.69	36.72	75.62	0.00	0.0690	12.01	528.3	409.07	0.0612	455.7	8.202	15.52	9.27	1.74
	68.70	36.72	75.59	-0.00	0.0690	12.01	528.4	409.25	0.0605	454.5	8.180	15.49	9.24	1.74
	69.70	36.69	75.57	0.00	0.0689	11.99	527.6	408.73	0.0611	445.5	8.018	15.18	8.94	1.74
	70.72	36.70	75.62	-0.00	0.0690	12.00	528.1	408.89	0.0597	441.3	7.943	15.03	8.80	1.74
	71.70	36.64	75.59	0.00	0.0689	12.00	527.9	408.82	0.0614	448.1	8.066	15.27	9.02	1.74
	72.71	36.64	75.62	-0.00	0.0689	12.00	528.2	408.86	0.0599	447.6	8.056	15.24	9.01	1.74
	73.71	36.68	75.59	-0.00	0.0690	12.01	528.3	409.11	0.0601	440.8	7.935	15.02	8.78	1.74
	74.71	36.66	75.59	0.00	0.0688	11.97	526.5	407.76	0.0623	465.3	8.375	15.85	9.58	1.74
	75.71	36.60	75.62	-0.00	0.0688	11.98	527.3	408.14	0.0607	450.8	8.114	15.35	9.11	1.74
	76.77	36.61	75.59	0.00	0.0689	11.98	527.0	408.03	0.0605	450.2	8.104	15.34	9.09	1.74
	77.70	36.61	75.59	-0.00	0.0689	11.99	527.7	408.57	0.0605	449.7	8.094	15.32	9.07	1.74
	78.70	36.57	75.59	0.00	0.0688	11.98	527.1	408.05	0.0618	453.0	8.154	15.43	9.18	1.74
	79.69	36.63	75.57	0.00	0.0688	11.96	526.4	407.77	0.0617	467.2	8.410	15.92	9.64	1.74
	80.72	36.63	75.57	-0.00	0.0688	11.98	527.2	408.35	0.0610	453.5	8.163	15.46	9.20	1.74
	81.70	36.63	75.62	0.00	0.0687	11.97	526.7	407.73	0.0610	449.7	8.095	15.32	9.08	1.74
	82.70	36.65	75.62	0.00	0.0686	11.94	525.5	406.84	0.0626	464.7	8.364	15.83	9.56	1.74
	83.71	36.63	75.62	-0.00	0.0685	11.89	523.3	405.09	0.0627	474.3	8.538	16.15	9.87	1.74
	84.71	36.68	75.59	-0.00	0.0686	11.93	524.7	406.37	0.0625	470.0	8.460	16.02	9.73	1.74
	85.71	36.68	75.62	0.00	0.0686	11.91	524.2	405.80	0.0618	470.4	8.466	16.02	9.74	1.74
	86.69	36.65	75.59	0.00	0.0687	11.94	525.3	406.79	0.0620	464.9	8.368	15.84	9.57	1.74
	87.70	36.65	75.62	0.00	0.0687	11.95	525.7	406.99	0.0610	451.8	8.132	15.39	9.14	1.74
	88.70	36.65	75.59	-0.00	0.0687	11.95	526.0	407.32	0.0614	452.7	8.148	15.42	9.17	1.75
	89.70	36.64	75.59	0.00	0.0687	11.95	525.7	407.09	0.0628	465.7	8.382	15.87	9.59	1.75
	90.68	36.64	75.62	0.00	0.0686	11.94	525.2	406.58	0.0622	464.5	8.362	15.82	9.56	1.75
	91.70	36.65	75.59	0.00	0.0686	11.93	524.8	406.40	0.0625	470.6	8.470	16.03	9.75	1.74
	92.70	36.65	75.59	0.00	0.0686	11.93	524.9	406.47	0.0622	469.7	8.454	16.00	9.72	1.74
	93.71	36.68	75.62	-0.00	0.0685	11.92	524.4	406.00	0.0631	474.1	8.533	16.15	9.86	1.74
	94.71	36.64	75.57	-0.00	0.0685	11.90	523.8	405.76	0.0623	464.9	8.368	15.85	9.57	1.75
	95.72	36.68	75.65	-0.00	0.0685	11.91	524.0	405.49	0.0633	475.6	8.561	16.20	9.91	1.75
	96.70	36.68	75.62	0.00	0.0684	11.92	524.4	405.96	0.0636	477.0	8.586	16.25	9.95	1.74
	97.72	36.70	75.59	-0.00	0.0684	11.88	522.8	404.88	0.0646	487.2	8.770	16.60	10.27	1.75
	98.78	36.68	75.62	-0.00	0.0684	11.88	522.5	404.53	0.0640	483.1	8.696	16.46	10.14	1.75
	99.70	36.69	75.62	0.00	0.0684	11.89	523.4	405.20	0.0634	478.2	8.608	16.29	9.99	1.75
	100.78	36.66	75.62	0.00	0.0682	11.86	521.8	403.95	0.0641	486.6	8.759	16.58	10.25	1.75
	101.71	36.72	75.59	0.00	0.0684	11.89	523.1	405.18	0.0637	483.0	8.693	16.46	10.14	1.75
	102.71	36.72	75.65	0.00	0.0684	11.90	523.6	405.27	0.0637	477.8	8.600	16.27	9.98	1.75
	103.69	36.72	75.59	0.00	0.0685	11.89	523.1	405.21	0.0631	482.6	8.686	16.45	10.13	1.75
	104.71	36.74	75.62	-0.00	0.0685	11.90	523.6	405.43	0.0637	481.2	8.662	16.40	10.09	1.75
	105.71	36.69	75.59	0.00	0.0683	11.88	522.8	404.89	0.0653	483.8	8.709	16.49	10.17	1.75
	106.69	36.70	75.62	0.00	0.0684	11.88	522.7	404.72	0.0656	499.0	8.982	17.00	10.63	1.75
	107.72	36.69	75.59	-0.00	0.0683	11.87	522.3	404.48	0.0657	498.0	8.964	16.97	10.60	1.75
	108.70	36.67	75.59	-0.00	0.0684	11.88	522.9	404.93	0.0650	491.6	8.849	16.75	10.40	1.75
	109.70	36.69	75.62	0.00	0.0684	11.88	522.6	404.64	0.0645	491.4	8.845	16.74	10.40	1.75
	110.68	36.70	75.62	0.00	0.0684	11.89	523.1	404.97	0.0632	475.9	8.566	16.21	9.92	1.75
	111.71	36.67	75.59	-0.00	0.0683	11.86	521.9	404.20	0.0646	490.5	8.829	16.71	10.37	1.75
	112.69	36.67	75.59	0.00	0.0682	11.85	521.3	403.72	0.0652	495.2	8.914	16.87	10.51	1.75
	113.71	36.67	75.59	-0.00	0.0684	11.87	522.4	404.58	0.0640	491.7	8.851	16.75	10.41	1.75
	114.69	36.68	75.62	-0.00	0.0684	11.88	522.7	404.66	0.0643	486.0	8.748	16.55	10.23	1.75
	115.71	36.68	75.62	0.00	0.0684	11.88	522.6	404.62	0.0649	491.9	8.854	16.75	10.41	1.75
	116.69	36.69	75.59	0.00	0.0683	11.87	522.2	404.42	0.0647	493.0	8.873	16.80	10.45	1.75
	117.69	36.72	75.57	0.00	0.0684	11.88	522.5	404.85	0.0654	497.0	8.946	16.94	10.57	1.75
	118.78	36.72	75.62	0.00	0.0683	11.87	522.2	404.37	0.0653	498.8	8.979	16.99	10.63	1.75
	119.70	36.74	75.59	-0.00	0.0683	11.86	521.7	404.13	0.0652	498.9	8.980	17.00	10.63	1.75
	120.68	36.71	75.57	0.00	0.0682	11.83	520.4	403.21	0.0650	495.2	8.914	16.88	10.52	1.75
	121.70	36.77	75.62	-0.00	0.0683	11.85	521.3	403.66	0.0648	493.5	8.882	16.81	10.47	1.75
	122.71	36.73	75.57	-0.00	0.0682	11.84	521.0	403.68	0.0654	499.9	8.998	17.04	10.66	1.75
