Jul 22 2015 at 9:33:04
Frequency: 1.00Hz.
CO2
Zero:  Value:0.95  Date:18 Mar 2005	 at 07:22:33	
Span:  Value:1.00  Date:18 Mar 2005	 at 07:25:09	
H2O
Zero:  Value:0.71  Date:18 Mar 2005	 at 07:52:31	
Span:  Value:0.99  Date:18 Mar 2005	 at 11:44:01	
	Relative Time	Temperature	Pressure	Aux Input	CO2 Absorptance	CO2 mmol/m3	CO2 mg/m3	CO2 umol/mol	H2O Absorptance	H2O mmol/m3	H2O g/m3	H2O mmol/mol	H2O(°C)	Cooler Voltage
	0.28	21.77	73.51	-0.00	0.0676	11.82	520.0	394.21	0.0799	667.7	12.019	22.27	14.31	1.57
	1.29	21.77	73.54	-0.00	0.0675	11.78	518.4	392.89	0.0803	683.1	12.295	22.78	14.67	1.56
	2.28	21.77	73.46	-0.00	0.0675	11.77	517.7	392.75	0.0809	691.3	12.443	23.07	14.85	1.56
	3.29	21.78	73.46	-0.00	0.0674	11.75	517.2	392.37	0.0819	700.7	12.613	23.39	15.06	1.57
	4.28	21.79	73.48	-0.00	0.0672	11.72	515.6	391.04	0.0814	702.0	12.636	23.43	15.09	1.56
	5.29	21.77	73.46	-0.00	0.0675	11.77	517.9	392.86	0.0801	672.9	12.112	22.46	14.43	1.56
	6.27	21.81	73.48	0.00	0.0674	11.74	516.4	391.66	0.0802	686.1	12.350	22.90	14.74	1.57
	7.27	21.79	73.48	0.00	0.0676	11.78	518.3	393.07	0.0793	672.5	12.105	22.44	14.43	1.57
	8.27	21.81	73.48	0.00	0.0674	11.76	517.4	392.38	0.0796	678.0	12.204	22.63	14.55	1.57
	9.28	21.81	73.48	-0.00	0.0675	11.78	518.1	392.99	0.0788	665.2	11.974	22.20	14.26	1.56
	10.27	21.81	73.46	0.00	0.0675	11.79	518.9	393.66	0.0790	663.4	11.942	22.15	14.22	1.56
	11.28	21.79	73.46	-0.00	0.0674	11.76	517.3	392.48	0.0790	667.0	12.007	22.27	14.30	1.57
	12.26	21.81	73.51	0.00	0.0675	11.77	517.7	392.51	0.0790	666.6	11.999	22.24	14.29	1.57
	13.29	21.81	73.48	-0.00	0.0676	11.82	519.9	394.34	0.0788	661.7	11.911	22.08	14.18	1.57
	14.27	21.79	73.48	-0.00	0.0675	11.79	518.6	393.29	0.0784	659.2	11.865	22.00	14.12	1.57
	15.29	21.81	73.48	0.00	0.0676	11.79	518.9	393.59	0.0781	656.4	11.815	21.91	14.05	1.57
	16.26	21.79	73.46	0.00	0.0677	11.84	520.8	395.08	0.0781	652.5	11.746	21.78	13.96	1.57
	17.29	21.79	73.48	-0.00	0.0678	11.84	521.2	395.25	0.0779	652.8	11.750	21.78	13.97	1.57
	18.27	21.79	73.46	-0.00	0.0675	11.77	517.8	392.88	0.0789	665.1	11.972	22.20	14.25	1.57
	19.28	21.79	73.48	-0.00	0.0675	11.78	518.5	393.23	0.0789	665.4	11.977	22.20	14.26	1.57
	20.27	21.81	73.48	0.00	0.0674	11.76	517.3	392.34	0.0794	671.6	12.089	22.41	14.41	1.56
	21.26	21.79	73.48	0.00	0.0675	11.78	518.2	393.02	0.0789	666.3	11.993	22.23	14.28	1.57
	22.26	21.79	73.48	0.00	0.0678	11.82	520.0	394.36	0.0785	660.9	11.897	22.06	14.16	1.57
	23.28	21.77	73.48	-0.00	0.0677	11.83	520.5	394.75	0.0784	658.5	11.853	21.97	14.10	1.57
	24.27	21.81	73.48	-0.00	0.0677	11.83	520.5	394.79	0.0782	657.1	11.828	21.93	14.07	1.57
	25.26	21.79	73.46	0.00	0.0677	11.83	520.4	394.82	0.0783	658.1	11.845	21.97	14.09	1.57
	26.27	21.81	73.48	0.00	0.0674	11.77	517.7	392.62	0.0792	667.2	12.010	22.27	14.30	1.57
	27.35	21.81	73.48	0.00	0.0676	11.78	518.4	393.17	0.0787	663.2	11.937	22.13	14.21	1.57
	28.28	21.81	73.48	-0.00	0.0676	11.81	519.6	394.12	0.0789	663.7	11.947	22.15	14.22	1.57
	29.28	21.81	73.48	0.00	0.0677	11.82	520.2	394.51	0.0788	664.9	11.969	22.19	14.25	1.57
	30.28	21.81	73.51	-0.00	0.0677	11.81	519.8	394.11	0.0785	660.7	11.893	22.04	14.15	1.57
	31.28	21.81	73.48	0.00	0.0677	11.81	519.5	394.05	0.0785	660.6	11.891	22.05	14.15	1.57
	32.26	21.83	73.48	0.00	0.0676	11.79	519.0	393.63	0.0791	666.8	12.003	22.25	14.30	1.57
	33.29	21.82	73.48	-0.00	0.0675	11.79	518.8	393.50	0.0797	672.3	12.102	22.44	14.42	1.57
	34.26	21.81	73.46	0.00	0.0675	11.76	517.6	392.70	0.0795	674.9	12.148	22.53	14.48	1.57
	35.27	21.83	73.48	0.00	0.0675	11.79	518.6	393.33	0.0799	675.0	12.151	22.53	14.49	1.57
	36.27	21.82	73.43	0.00	0.0676	11.79	518.9	393.88	0.0795	674.1	12.134	22.51	14.46	1.57
	37.28	21.82	73.48	-0.00	0.0676	11.82	520.1	394.50	0.0794	671.5	12.088	22.41	14.40	1.57
	38.27	21.82	73.48	0.00	0.0676	11.81	519.7	394.18	0.0797	672.3	12.102	22.44	14.42	1.57
	39.28	21.83	73.48	-0.00	0.0678	11.85	521.5	395.55	0.0797	674.7	12.145	22.52	14.48	1.57
	40.36	21.82	73.48	-0.00	0.0676	11.80	519.3	393.87	0.0799	673.9	12.131	22.49	14.46	1.57
	41.34	21.84	73.46	0.00	0.0673	11.77	517.7	392.82	0.0804	684.6	12.322	22.86	14.70	1.57
	42.28	21.82	73.48	-0.00	0.0675	11.79	518.7	393.40	0.0796	674.0	12.131	22.49	14.46	1.57
	43.27	21.84	73.46	-0.00	0.0676	11.81	519.7	394.35	0.0798	673.2	12.117	22.48	14.44	1.57
	44.27	21.86	73.48	0.00	0.0676	11.77	517.8	392.78	0.0803	685.8	12.344	22.89	14.73	1.57
	45.27	21.88	73.48	-0.00	0.0676	11.80	519.0	393.76	0.0806	684.4	12.319	22.84	14.70	1.57
	46.27	21.86	73.48	0.00	0.0677	11.83	520.3	394.73	0.0802	683.8	12.309	22.83	14.69	1.57
	47.28	21.86	73.51	-0.00	0.0679	11.85	521.4	395.39	0.0802	681.3	12.264	22.73	14.63	1.57
	48.27	21.86	73.48	0.00	0.0680	11.87	522.1	396.03	0.0802	683.0	12.295	22.80	14.67	1.57
	49.27	21.86	73.48	0.00	0.0677	11.84	520.9	395.14	0.0795	673.1	12.117	22.47	14.44	1.57
	50.26	21.88	73.48	0.00	0.0678	11.84	521.0	395.21	0.0801	678.6	12.215	22.65	14.57	1.57
	51.26	21.88	73.48	0.00	0.0680	11.89	523.0	396.80	0.0801	681.2	12.261	22.74	14.63	1.57
	52.26	21.88	73.48	0.00	0.0679	11.88	522.6	396.44	0.0808	686.6	12.359	22.92	14.75	1.57
	53.26	21.88	73.48	0.00	0.0677	11.84	520.8	395.11	0.0807	686.7	12.360	22.92	14.75	1.57
	54.27	21.90	73.48	-0.00	0.0677	11.82	520.2	394.70	0.0808	689.1	12.403	23.00	14.81	1.57
	55.27	21.88	73.48	-0.00	0.0678	11.85	521.5	395.59	0.0809	691.2	12.441	23.07	14.85	1.57
	56.27	21.84	73.46	-0.00	0.0678	11.86	521.9	396.03	0.0808	690.6	12.430	23.06	14.84	1.57
	57.28	21.88	73.46	-0.00	0.0680	11.90	523.4	397.21	0.0804	684.6	12.323	22.86	14.71	1.57
	58.30	21.89	73.48	-0.00	0.0678	11.86	521.7	395.79	0.0808	687.1	12.368	22.94	14.76	1.57
	59.27	21.89	73.48	0.00	0.0676	11.80	519.4	394.03	0.0814	695.3	12.515	23.21	14.95	1.57
	60.30	21.89	73.51	-0.00	0.0679	11.87	522.2	396.01	0.0809	693.3	12.479	23.14	14.90	1.57
	61.34	21.89	73.46	0.00	0.0681	11.90	523.4	397.22	0.0806	687.1	12.369	22.95	14.76	1.57
	62.29	21.89	73.48	-0.00	0.0680	11.87	522.3	396.24	0.0807	688.5	12.392	22.98	14.79	1.57
	63.27	21.89	73.51	0.00	0.0679	11.86	522.0	395.86	0.0812	693.1	12.477	23.13	14.90	1.57
	64.29	21.91	73.48	-0.00	0.0680	11.88	522.9	396.71	0.0809	692.0	12.456	23.10	14.87	1.57
	65.27	21.89	73.48	0.00	0.0681	11.91	524.2	397.69	0.0808	687.7	12.379	22.96	14.78	1.57
	66.28	21.89	73.51	-0.00	0.0679	11.87	522.2	396.06	0.0814	695.4	12.518	23.21	14.95	1.57
	67.28	21.91	73.48	-0.00	0.0679	11.87	522.5	396.39	0.0818	702.0	12.636	23.43	15.10	1.57
	68.28	21.93	73.48	-0.00	0.0679	11.86	521.9	396.01	0.0816	700.6	12.612	23.39	15.07	1.57
	69.27	21.89	73.48	0.00	0.0679	11.89	523.2	396.96	0.0811	693.9	12.490	23.16	14.92	1.57
	70.26	21.91	73.46	0.00	0.0677	11.85	521.5	395.83	0.0818	699.5	12.592	23.36	15.04	1.57
	71.28	21.91	73.46	-0.00	0.0680	11.88	522.6	396.65	0.0815	698.1	12.566	23.31	15.01	1.57
	72.28	21.91	73.46	-0.00	0.0678	11.85	521.3	395.67	0.0813	695.2	12.513	23.21	14.94	1.57
	73.27	21.91	73.46	-0.00	0.0680	11.87	522.1	396.25	0.0822	706.0	12.707	23.58	15.18	1.57
	74.27	21.93	73.48	-0.00	0.0680	11.89	523.2	396.96	0.0816	699.2	12.586	23.34	15.04	1.57
	75.25	21.93	73.48	0.00	0.0682	11.92	524.4	397.91	0.0814	696.1	12.530	23.24	14.97	1.57
	76.27	21.93	73.48	0.00	0.0682	11.93	524.9	398.24	0.0812	695.1	12.512	23.21	14.94	1.58
	77.25	21.93	73.48	0.00	0.0679	11.88	522.6	396.49	0.0819	702.6	12.647	23.46	15.11	1.58
	78.28	21.95	73.51	-0.00	0.0680	11.89	523.0	396.70	0.0817	699.7	12.594	23.35	15.05	1.57
	79.25	21.95	73.48	0.00	0.0679	11.87	522.3	396.34	0.0818	701.0	12.617	23.40	15.08	1.57
	80.29	21.93	73.48	-0.00	0.0680	11.88	522.6	396.51	0.0820	703.8	12.669	23.50	15.14	1.57
	81.28	21.93	73.48	0.00	0.0680	11.88	522.6	396.53	0.0820	703.9	12.669	23.50	15.14	1.57
	82.28	21.93	73.46	0.00	0.0679	11.87	522.2	396.38	0.0819	705.1	12.692	23.55	15.17	1.58
	83.29	21.95	73.48	-0.00	0.0679	11.87	522.2	396.21	0.0819	706.8	12.722	23.60	15.20	1.58
	84.29	21.95	73.48	0.00	0.0680	11.84	521.1	395.43	0.0820	703.3	12.659	23.48	15.13	1.57
	85.27	21.94	73.46	0.00	0.0681	11.93	524.7	398.31	0.0819	702.2	12.639	23.45	15.10	1.57
	86.27	21.94	73.48	0.00	0.0679	11.87	522.2	396.27	0.0823	707.1	12.729	23.61	15.21	1.57
	87.27	21.94	73.48	0.00	0.0681	11.91	524.0	397.59	0.0822	708.0	12.744	23.64	15.23	1.58
	88.28	21.95	73.46	0.00	0.0679	11.87	522.4	396.49	0.0825	711.5	12.808	23.76	15.31	1.58
	89.28	21.96	73.48	-0.00	0.0680	11.91	523.9	397.53	0.0825	712.2	12.820	23.78	15.33	1.57
	90.28	21.96	73.46	0.00	0.0682	11.93	524.9	398.47	0.0818	705.1	12.692	23.55	15.17	1.57
	91.26	21.94	73.48	0.00	0.0679	11.90	523.6	397.28	0.0823	707.4	12.733	23.62	15.22	1.58
	92.35	21.96	73.48	-0.00	0.0680	11.88	522.9	396.80	0.0823	712.2	12.820	23.78	15.32	1.58
	93.27	21.95	73.46	-0.00	0.0681	11.89	523.3	397.19	0.0822	707.6	12.736	23.63	15.22	1.58
	94.29	21.96	73.48	-0.00	0.0683	11.95	525.7	398.89	0.0821	704.3	12.678	23.52	15.15	1.58
	95.27	21.96	73.48	0.00	0.0681	11.90	523.5	397.23	0.0829	718.6	12.935	23.99	15.46	1.58
	96.27	21.96	73.48	0.00	0.0683	11.94	525.3	398.60	0.0825	712.2	12.819	23.78	15.32	1.58
	97.27	21.96	73.48	-0.00	0.0682	11.95	525.8	398.97	0.0824	709.0	12.762	23.67	15.25	1.58
	98.27	21.98	73.48	0.00	0.0682	11.95	525.6	398.87	0.0825	710.0	12.780	23.71	15.28	1.58
	99.26	21.96	73.48	-0.00	0.0682	11.93	524.7	398.17	0.0825	711.2	12.802	23.75	15.30	1.58
	100.26	21.98	73.48	0.00	0.0683	11.93	525.1	398.51	0.0826	714.5	12.861	23.86	15.38	1.58
	101.26	21.98	73.48	0.00	0.0681	11.92	524.6	398.09	0.0827	712.4	12.823	23.79	15.33	1.58
	102.28	21.98	73.46	-0.00	0.0682	11.92	524.6	398.29	0.0829	716.2	12.892	23.92	15.41	1.58
	103.27	21.96	73.46	-0.00	0.0682	11.95	525.9	399.21	0.0824	711.2	12.802	23.76	15.30	1.58
	104.26	22.02	73.48	0.00	0.0679	11.87	522.1	396.24	0.0831	718.9	12.940	24.01	15.47	1.58
	105.27	21.98	73.48	0.00	0.0681	11.89	523.3	397.10	0.0828	714.7	12.865	23.86	15.38	1.58
	106.27	22.00	73.48	-0.00	0.0684	11.97	526.7	399.76	0.0823	709.8	12.776	23.70	15.27	1.58
	107.27	22.00	73.46	-0.00	0.0680	11.88	522.6	396.76	0.0835	724.4	13.040	24.20	15.59	1.58
	108.27	21.98	73.48	-0.00	0.0682	11.95	525.8	399.03	0.0831	716.7	12.901	23.93	15.42	1.58
	109.26	21.98	73.48	0.00	0.0680	11.92	524.7	398.19	0.0834	722.9	13.012	24.14	15.56	1.58
	110.28	22.00	73.48	0.00	0.0682	11.93	525.0	398.45	0.0832	719.2	12.945	24.02	15.48	1.58
	111.29	22.00	73.46	-0.00	0.0683	11.96	526.2	399.47	0.0827	714.5	12.862	23.87	15.38	1.58
	112.29	22.00	73.46	-0.00	0.0681	11.91	523.9	397.75	0.0832	722.3	13.001	24.13	15.54	1.58
	113.27	22.00	73.48	0.00	0.0683	11.97	526.7	399.76	0.0830	717.4	12.913	23.96	15.44	1.58
	114.27	22.01	73.48	0.00	0.0682	11.93	524.9	398.40	0.0832	720.3	12.966	24.06	15.50	1.58
	115.27	22.01	73.46	-0.00	0.0683	11.96	526.2	399.48	0.0829	716.0	12.888	23.92	15.41	1.58
	116.27	22.01	73.46	0.00	0.0681	11.91	524.1	397.91	0.0833	719.4	12.950	24.03	15.48	1.58
	117.28	22.00	73.48	0.00	0.0682	11.93	525.0	398.43	0.0834	723.8	13.029	24.17	15.58	1.58
	118.27	22.00	73.48	0.00	0.0681	11.90	523.6	397.35	0.0833	722.6	13.007	24.13	15.55	1.58
	119.29	22.03	73.48	-0.00	0.0683	11.96	526.4	399.58	0.0833	721.2	12.982	24.09	15.52	1.58
	120.28	22.03	73.48	0.00	0.0684	11.98	527.1	400.11	0.0833	722.5	13.005	24.13	15.55	1.58
	121.28	22.03	73.48	0.00	0.0681	11.91	524.2	397.90	0.0835	724.0	13.031	24.18	15.58	1.58
	122.27	22.03	73.48	-0.00	0.0683	11.94	525.2	398.65	0.0834	726.7	13.081	24.27	15.64	1.58
