Jul 22 2015 at 12:17:32
Frequency: 1.00Hz.
CO2
Zero:  Value:0.95  Date:18 Mar 2005	 at 07:22:33	
Span:  Value:1.00  Date:18 Mar 2005	 at 07:25:09	
H2O
Zero:  Value:0.71  Date:18 Mar 2005	 at 07:52:31	
Span:  Value:0.99  Date:18 Mar 2005	 at 11:44:01	
	Relative Time	Temperature	Pressure	Aux Input	CO2 Absorptance	CO2 mmol/m3	CO2 mg/m3	CO2 umol/mol	H2O Absorptance	H2O mmol/m3	H2O g/m3	H2O mmol/mol	H2O(°C)	Cooler Voltage
	0.62	33.77	73.51	-0.00	0.0662	11.46	504.1	397.71	0.0589	433.4	7.802	15.05	8.39	1.73
	1.62	33.75	73.48	-0.00	0.0660	11.43	502.9	396.83	0.0594	437.4	7.874	15.19	8.53	1.74
	2.62	33.78	73.48	0.00	0.0659	11.44	503.4	397.33	0.0600	446.4	8.035	15.50	8.83	1.73
	3.60	33.71	73.48	0.00	0.0660	11.46	504.2	397.87	0.0604	454.6	8.183	15.78	9.10	1.73
	4.62	33.82	73.46	0.00	0.0661	11.44	503.4	397.47	0.0617	455.9	8.206	15.84	9.14	1.73
	5.62	33.73	73.48	-0.00	0.0660	11.44	503.6	397.37	0.0627	477.8	8.600	16.59	9.84	1.73
	6.61	33.77	73.51	-0.00	0.0659	11.43	502.8	396.69	0.0629	480.1	8.642	16.67	9.91	1.74
	7.63	33.75	73.51	-0.00	0.0659	11.43	503.1	396.90	0.0631	482.0	8.676	16.73	9.97	1.74
	8.63	33.74	73.48	0.00	0.0659	11.42	502.4	396.45	0.0629	476.5	8.577	16.55	9.80	1.73
	9.62	33.78	73.48	-0.00	0.0659	11.44	503.3	397.19	0.0637	474.4	8.540	16.48	9.73	1.73
	10.64	33.76	73.51	-0.00	0.0659	11.42	502.4	396.36	0.0635	482.7	8.689	16.76	9.99	1.73
	11.62	33.75	73.43	-0.00	0.0659	11.42	502.3	396.65	0.0639	492.8	8.870	17.12	10.30	1.73
	12.62	33.75	73.51	0.00	0.0659	11.39	501.2	395.41	0.0648	496.1	8.930	17.22	10.40	1.74
	13.62	33.78	73.51	0.00	0.0658	11.40	501.7	395.83	0.0645	498.7	8.977	17.31	10.48	1.74
	14.62	33.75	73.48	0.00	0.0657	11.39	501.1	395.44	0.0630	481.0	8.659	16.70	9.94	1.73
	15.62	33.75	73.48	0.00	0.0657	11.36	500.0	394.57	0.0622	468.8	8.438	16.28	9.55	1.73
	16.63	33.78	73.48	-0.00	0.0656	11.36	499.9	394.54	0.0621	471.8	8.492	16.38	9.65	1.73
	17.67	33.77	73.46	0.00	0.0658	11.39	501.0	395.55	0.0625	473.0	8.514	16.43	9.69	1.73
	18.61	33.77	73.51	0.00	0.0657	11.38	500.6	394.92	0.0625	469.6	8.452	16.30	9.58	1.74
	19.61	33.75	73.46	-0.00	0.0657	11.38	500.8	395.38	0.0631	481.0	8.658	16.71	9.94	1.74
	20.62	33.76	73.48	-0.00	0.0657	11.37	500.1	394.65	0.0634	484.0	8.712	16.81	10.03	1.73
	21.61	33.78	73.48	0.00	0.0656	11.35	499.5	394.23	0.0637	486.2	8.752	16.88	10.10	1.73
	22.64	33.75	73.48	-0.00	0.0658	11.38	500.7	395.15	0.0646	497.4	8.954	17.27	10.44	1.73
	23.62	33.79	73.53	-0.00	0.0657	11.37	500.4	394.68	0.0648	497.8	8.960	17.27	10.45	1.73
	24.63	33.78	73.48	-0.00	0.0656	11.37	500.4	394.92	0.0650	503.8	9.069	17.50	10.63	1.74
	25.61	33.78	73.51	0.00	0.0656	11.35	499.5	394.06	0.0652	501.7	9.030	17.42	10.57	1.74
	26.63	33.77	73.48	0.00	0.0656	11.36	500.0	394.61	0.0655	510.7	9.193	17.74	10.84	1.73
	27.61	33.76	73.46	0.00	0.0656	11.36	499.7	394.46	0.0652	504.5	9.080	17.52	10.65	1.73
	28.61	33.80	73.51	0.00	0.0657	11.37	500.3	394.77	0.0654	504.6	9.083	17.52	10.66	1.73
	29.70	33.81	73.48	0.00	0.0657	11.37	500.5	395.02	0.0653	503.0	9.054	17.47	10.61	1.73
	30.61	33.84	73.43	0.00	0.0657	11.36	500.0	394.97	0.0648	499.3	8.988	17.35	10.50	1.73
	31.61	33.79	73.48	0.00	0.0656	11.36	499.8	394.43	0.0654	501.3	9.024	17.41	10.56	1.74
	32.60	33.82	73.51	0.00	0.0656	11.36	499.8	394.36	0.0664	514.2	9.256	17.85	10.94	1.73
	33.60	33.79	73.46	0.00	0.0658	11.39	501.3	395.82	0.0675	525.4	9.458	18.25	11.27	1.74
	34.62	33.82	73.51	0.00	0.0658	11.40	501.7	395.85	0.0669	525.1	9.451	18.23	11.26	1.73
	35.62	33.79	73.51	0.00	0.0657	11.39	501.3	395.55	0.0679	530.4	9.547	18.41	11.41	1.74
	36.63	33.82	73.48	0.00	0.0657	11.38	500.5	395.09	0.0678	529.2	9.525	18.38	11.37	1.74
	37.63	33.82	73.48	-0.00	0.0656	11.35	499.5	394.24	0.0664	515.8	9.285	17.91	10.99	1.73
	38.69	33.84	73.48	0.00	0.0656	11.36	499.8	394.53	0.0683	538.7	9.696	18.71	11.64	1.73
	39.61	33.79	73.48	0.00	0.0656	11.37	500.2	394.78	0.0683	536.4	9.656	18.63	11.58	1.74
	40.62	33.82	73.51	0.00	0.0657	11.36	500.0	394.50	0.0687	541.1	9.739	18.79	11.71	1.73
	41.60	33.88	73.48	0.00	0.0656	11.35	499.5	394.37	0.0681	546.0	9.827	18.97	11.85	1.74
	42.70	33.79	73.48	-0.00	0.0656	11.36	499.9	394.56	0.0681	537.6	9.677	18.67	11.61	1.74
	43.60	33.79	73.51	0.00	0.0656	11.35	499.4	393.99	0.0681	535.1	9.632	18.58	11.54	1.73
	44.69	33.82	73.51	-0.00	0.0656	11.35	499.5	394.13	0.0686	539.9	9.719	18.75	11.68	1.74
	45.60	33.76	73.48	0.00	0.0656	11.36	499.9	394.51	0.0688	544.5	9.801	18.91	11.80	1.74
	46.61	33.81	73.51	0.00	0.0656	11.36	500.1	394.56	0.0687	544.9	9.808	18.92	11.82	1.74
	47.61	33.79	73.48	-0.00	0.0656	11.35	499.2	394.03	0.0686	540.9	9.737	18.78	11.70	1.74
	48.61	33.83	73.51	0.00	0.0655	11.34	499.1	393.87	0.0685	543.6	9.784	18.87	11.78	1.74
	49.61	33.83	73.51	-0.00	0.0656	11.34	499.1	393.81	0.0684	539.8	9.717	18.74	11.67	1.74
	50.62	33.88	73.51	-0.00	0.0656	11.34	499.1	393.88	0.0686	540.9	9.736	18.78	11.71	1.73
	51.60	33.79	73.46	0.00	0.0655	11.32	498.2	393.35	0.0683	536.8	9.662	18.65	11.59	1.74
	52.62	33.82	73.48	0.00	0.0654	11.32	498.3	393.32	0.0685	539.4	9.708	18.73	11.66	1.74
	53.60	33.82	73.48	0.00	0.0655	11.34	499.1	393.98	0.0691	549.7	9.895	19.09	11.95	1.74
	54.62	33.86	73.48	0.00	0.0655	11.34	499.0	393.97	0.0691	549.4	9.889	19.08	11.94	1.74
	55.61	33.83	73.48	-0.00	0.0655	11.33	498.5	393.48	0.0693	550.1	9.902	19.11	11.96	1.74
	56.61	33.82	73.48	0.00	0.0654	11.30	497.1	392.41	0.0687	543.6	9.784	18.88	11.78	1.74
	57.61	33.82	73.48	0.00	0.0654	11.29	496.9	392.20	0.0690	541.8	9.753	18.82	11.73	1.74
	58.62	33.82	73.48	-0.00	0.0654	11.31	497.7	392.83	0.0694	551.8	9.932	19.16	12.01	1.74
	59.69	33.81	73.46	0.00	0.0654	11.30	497.2	392.55	0.0691	547.2	9.850	19.01	11.88	1.74
	60.62	33.77	73.51	-0.00	0.0654	11.29	496.7	391.87	0.0688	545.4	9.818	18.93	11.83	1.74
	61.62	33.82	73.51	-0.00	0.0654	11.30	497.2	392.32	0.0695	553.3	9.959	19.21	12.05	1.74
	62.60	33.79	73.48	0.00	0.0654	11.31	497.6	392.73	0.0700	560.1	10.082	19.45	12.23	1.74
	63.62	33.80	73.51	0.00	0.0654	11.30	497.3	392.35	0.0697	553.5	9.963	19.22	12.05	1.74
	64.61	33.82	73.46	-0.00	0.0654	11.31	497.4	392.78	0.0698	555.9	10.007	19.32	12.12	1.74
	65.61	33.77	73.48	0.00	0.0654	11.31	497.8	392.85	0.0700	561.5	10.108	19.50	12.27	1.74
	66.60	33.79	73.48	0.00	0.0654	11.30	497.3	392.49	0.0693	548.0	9.864	19.03	11.90	1.74
	67.69	33.82	73.48	-0.00	0.0654	11.31	497.5	392.70	0.0700	560.9	10.096	19.48	12.26	1.74
	68.61	33.81	73.51	-0.00	0.0654	11.30	497.4	392.44	0.0704	550.0	9.899	19.09	11.96	1.74
	69.70	33.86	73.48	-0.00	0.0653	11.30	497.4	392.63	0.0699	555.2	9.994	19.29	12.10	1.74
	70.62	33.84	73.48	-0.00	0.0654	11.32	497.9	393.05	0.0704	563.9	10.151	19.59	12.34	1.74
	71.62	33.84	73.48	0.00	0.0654	11.31	497.6	392.82	0.0706	565.4	10.177	19.64	12.38	1.74
	72.60	33.80	73.48	0.00	0.0654	11.31	497.7	392.80	0.0708	565.0	10.169	19.62	12.36	1.74
	73.63	33.81	73.48	-0.00	0.0653	11.30	497.3	392.51	0.0707	565.4	10.177	19.64	12.38	1.74
	74.61	33.84	73.48	0.00	0.0654	11.30	497.2	392.45	0.0714	569.8	10.257	19.79	12.50	1.74
	75.63	33.84	73.48	-0.00	0.0654	11.30	497.0	392.32	0.0701	562.7	10.129	19.55	12.31	1.74
	76.61	33.83	73.46	-0.00	0.0654	11.30	497.2	392.62	0.0708	565.9	10.187	19.66	12.39	1.74
	77.61	33.85	73.46	0.00	0.0654	11.30	497.3	392.70	0.0708	565.8	10.184	19.66	12.39	1.74
	78.61	33.85	73.46	-0.00	0.0654	11.29	496.9	392.38	0.0708	565.4	10.177	19.65	12.38	1.74
	79.62	33.84	73.51	0.00	0.0654	11.30	497.1	392.30	0.0711	570.2	10.263	19.80	12.51	1.74
	80.68	33.86	73.51	0.00	0.0654	11.29	497.0	392.18	0.0709	569.0	10.242	19.76	12.48	1.74
	81.62	33.86	73.48	0.00	0.0653	11.29	496.7	392.09	0.0707	565.2	10.174	19.63	12.37	1.74
	82.63	33.83	73.46	0.00	0.0653	11.28	496.4	392.01	0.0708	568.7	10.236	19.76	12.47	1.74
	83.62	33.88	73.51	0.00	0.0653	11.29	496.6	391.89	0.0715	570.2	10.263	19.80	12.51	1.74
	84.61	33.86	73.48	-0.00	0.0653	11.28	496.4	391.86	0.0717	575.6	10.360	19.99	12.65	1.74
	85.61	33.88	73.51	0.00	0.0653	11.28	496.5	391.85	0.0709	571.1	10.280	19.83	12.53	1.74
	86.61	33.88	73.51	-0.00	0.0653	11.28	496.2	391.59	0.0716	576.5	10.376	20.02	12.68	1.74
	87.61	33.82	73.46	0.00	0.0653	11.27	496.0	391.62	0.0710	568.5	10.233	19.75	12.46	1.74
	88.69	33.83	73.51	-0.00	0.0653	11.28	496.3	391.60	0.0713	572.3	10.301	19.87	12.56	1.74
	89.62	33.87	73.51	-0.00	0.0652	11.28	496.1	391.55	0.0715	577.7	10.398	20.06	12.71	1.74
	90.61	33.88	73.51	0.00	0.0653	11.28	496.3	391.69	0.0719	576.1	10.370	20.01	12.67	1.74
	91.60	33.88	73.48	0.00	0.0653	11.29	496.7	392.14	0.0715	576.0	10.369	20.01	12.66	1.74
	92.62	33.88	73.48	-0.00	0.0653	11.28	496.3	391.83	0.0716	575.2	10.353	19.98	12.64	1.74
	93.62	33.88	73.48	0.00	0.0653	11.28	496.4	391.93	0.0714	572.7	10.309	19.90	12.58	1.74
	94.61	33.88	73.51	0.00	0.0653	11.29	496.6	391.91	0.0714	575.4	10.358	19.98	12.65	1.74
	95.63	33.87	73.51	0.00	0.0652	11.28	496.4	391.75	0.0714	574.8	10.346	19.96	12.63	1.74
	96.63	33.87	73.46	-0.00	0.0652	11.27	496.0	391.75	0.0712	571.6	10.289	19.86	12.55	1.74
	97.67	33.88	73.48	0.00	0.0652	11.27	495.7	391.36	0.0715	573.1	10.316	19.91	12.59	1.74
	98.61	33.94	73.53	0.00	0.0652	11.26	495.5	391.02	0.0713	573.0	10.313	19.89	12.59	1.74
	99.67	33.88	73.46	0.00	0.0652	11.27	496.0	391.70	0.0717	575.5	10.359	20.00	12.65	1.74
	100.64	33.88	73.51	-0.00	0.0653	11.29	496.6	391.92	0.0717	579.5	10.432	20.13	12.76	1.74
	101.62	33.88	73.51	0.00	0.0653	11.29	496.8	392.07	0.0721	582.3	10.481	20.22	12.83	1.74
	102.62	33.88	73.48	0.00	0.0652	11.26	495.4	391.16	0.0715	576.9	10.384	20.04	12.69	1.74
	103.61	33.85	73.51	0.00	0.0652	11.26	495.5	391.03	0.0718	576.0	10.367	20.00	12.66	1.74
	104.61	33.88	73.51	0.00	0.0653	11.27	495.9	391.38	0.0715	575.8	10.364	19.99	12.66	1.74
	105.61	33.88	73.48	0.00	0.0652	11.28	496.2	391.72	0.0715	575.2	10.354	19.98	12.64	1.74
	106.61	33.88	73.51	0.00	0.0653	11.29	496.7	392.01	0.0719	581.9	10.474	20.21	12.82	1.74
	107.61	33.85	73.46	0.00	0.0653	11.28	496.2	391.82	0.0717	575.8	10.365	20.01	12.66	1.74
	108.61	33.89	73.48	0.00	0.0653	11.28	496.3	391.81	0.0721	577.9	10.403	20.08	12.71	1.74
	109.61	33.92	73.51	0.00	0.0653	11.28	496.5	391.85	0.0720	581.1	10.460	20.18	12.80	1.74
	110.60	33.88	73.48	0.00	0.0653	11.28	496.4	391.91	0.0718	580.3	10.445	20.16	12.78	1.74
	111.62	33.90	73.51	-0.00	0.0652	11.26	495.6	391.14	0.0716	578.1	10.405	20.07	12.72	1.74
	112.69	33.91	73.51	0.00	0.0652	11.27	496.0	391.52	0.0718	578.9	10.419	20.10	12.74	1.74
	113.61	33.88	73.48	0.00	0.0653	11.27	496.0	391.57	0.0719	577.5	10.395	20.06	12.70	1.74
	114.61	33.90	73.48	0.00	0.0653	11.28	496.2	391.77	0.0721	579.3	10.427	20.12	12.75	1.74
