Jul 22 2015 at 12:05:01
Frequency: 1.00Hz.
CO2
Zero:  Value:0.95  Date:18 Mar 2005	 at 07:22:33	
Span:  Value:1.00  Date:18 Mar 2005	 at 07:25:09	
H2O
Zero:  Value:0.71  Date:18 Mar 2005	 at 07:52:31	
Span:  Value:0.99  Date:18 Mar 2005	 at 11:44:01	
	Relative Time	Temperature	Pressure	Aux Input	CO2 Absorptance	CO2 mmol/m3	CO2 mg/m3	CO2 umol/mol	H2O Absorptance	H2O mmol/m3	H2O g/m3	H2O mmol/mol	H2O(°C)	Cooler Voltage
	0.91	33.07	73.51	0.00	0.0645	11.07	487.2	383.50	0.0693	550.2	9.903	19.06	11.93	1.73
	1.90	33.04	73.51	-0.00	0.0644	11.08	487.4	383.62	0.0685	544.5	9.801	18.86	11.77	1.73
	2.90	32.99	73.51	0.00	0.0646	11.11	488.6	384.51	0.0675	531.6	9.568	18.41	11.40	1.73
	3.90	33.07	73.51	0.00	0.0647	11.17	491.6	386.96	0.0652	505.9	9.106	17.52	10.66	1.74
	4.91	33.07	73.51	-0.00	0.0646	11.14	490.1	385.80	0.0651	502.3	9.041	17.40	10.55	1.73
	5.90	33.03	73.51	0.00	0.0647	11.16	490.9	386.35	0.0650	501.0	9.019	17.35	10.51	1.73
	6.89	33.06	73.51	0.00	0.0647	11.15	490.5	386.03	0.0650	501.4	9.026	17.37	10.53	1.74
	7.89	33.04	73.46	0.00	0.0646	11.13	489.8	385.76	0.0647	497.7	8.959	17.25	10.41	1.73
	8.91	33.06	73.48	0.00	0.0647	11.16	491.1	386.65	0.0643	493.8	8.888	17.11	10.30	1.74
	9.91	33.09	73.51	-0.00	0.0645	11.11	489.0	384.95	0.0639	490.7	8.832	16.99	10.20	1.73
	10.90	33.07	73.54	0.00	0.0646	11.15	490.4	385.87	0.0644	495.0	8.910	17.14	10.33	1.73
	11.90	33.08	73.46	0.00	0.0646	11.14	490.2	386.12	0.0645	495.3	8.916	17.17	10.34	1.73
	12.92	33.01	73.46	-0.00	0.0648	11.14	490.1	386.00	0.0646	493.9	8.889	17.11	10.30	1.73
	13.91	33.04	73.51	-0.00	0.0646	11.13	489.9	385.55	0.0646	495.2	8.914	17.15	10.34	1.73
	14.90	33.06	73.51	0.00	0.0648	11.14	490.2	385.86	0.0649	497.5	8.955	17.23	10.41	1.74
	15.91	33.09	73.51	-0.00	0.0647	11.15	490.6	386.16	0.0648	499.4	8.989	17.30	10.47	1.73
	16.93	33.04	73.48	-0.00	0.0649	11.19	492.5	387.78	0.0652	503.1	9.056	17.43	10.57	1.73
	17.91	33.11	73.51	-0.00	0.0646	11.14	490.1	385.83	0.0647	498.3	8.970	17.26	10.44	1.73
	18.91	33.06	73.51	-0.00	0.0647	11.15	490.7	386.25	0.0649	499.2	8.985	17.29	10.46	1.73
	19.91	33.10	73.51	0.00	0.0648	11.17	491.3	386.74	0.0653	503.7	9.066	17.45	10.59	1.73
	20.90	33.10	73.48	0.00	0.0645	11.12	489.3	385.31	0.0648	499.4	8.989	17.30	10.47	1.74
	21.90	33.10	73.51	0.00	0.0647	11.12	489.4	385.24	0.0651	499.0	8.982	17.28	10.46	1.73
	22.90	33.11	73.51	0.00	0.0647	11.14	490.0	385.76	0.0651	501.5	9.027	17.37	10.53	1.73
	23.90	33.10	73.51	-0.00	0.0647	11.14	490.2	385.93	0.0653	504.0	9.072	17.46	10.60	1.73
	24.98	33.11	73.51	-0.00	0.0645	11.14	490.1	385.79	0.0651	503.4	9.062	17.44	10.59	1.74
	25.88	33.11	73.51	0.00	0.0646	11.11	488.7	384.75	0.0652	501.8	9.033	17.38	10.54	1.73
	26.91	33.06	73.51	0.00	0.0646	11.12	489.4	385.23	0.0653	503.9	9.071	17.45	10.60	1.74
	27.89	33.14	73.51	0.00	0.0647	11.14	490.2	385.92	0.0655	506.9	9.125	17.56	10.69	1.74
	28.91	33.07	73.54	0.00	0.0646	11.13	489.6	385.28	0.0656	506.7	9.121	17.54	10.68	1.74
	29.91	33.08	73.51	-0.00	0.0645	11.11	488.9	384.87	0.0654	505.0	9.090	17.49	10.63	1.74
	30.90	33.11	73.51	0.00	0.0645	11.11	488.8	384.83	0.0654	506.4	9.115	17.54	10.68	1.74
	31.90	33.12	73.48	0.00	0.0645	11.11	489.0	385.08	0.0657	507.7	9.138	17.59	10.71	1.74
	32.90	33.13	73.51	0.00	0.0645	11.11	488.9	384.92	0.0658	510.0	9.180	17.67	10.78	1.74
	33.91	33.13	73.48	0.00	0.0645	11.12	489.1	385.23	0.0660	511.5	9.208	17.73	10.83	1.74
	34.90	33.10	73.51	0.00	0.0645	11.12	489.3	385.16	0.0663	515.3	9.275	17.85	10.94	1.74
	35.97	33.13	73.48	0.00	0.0644	11.08	487.4	383.84	0.0660	510.9	9.196	17.70	10.81	1.74
	36.91	33.13	73.48	-0.00	0.0644	11.10	488.2	384.51	0.0664	515.1	9.272	17.85	10.93	1.74
	37.91	33.14	73.51	0.00	0.0645	11.11	488.7	384.76	0.0664	515.9	9.286	17.87	10.96	1.74
	38.89	33.10	73.48	0.00	0.0645	11.10	488.5	384.69	0.0666	519.1	9.344	17.99	11.05	1.74
	39.91	33.09	73.46	0.00	0.0642	11.06	486.8	383.50	0.0663	516.3	9.293	17.89	10.97	1.74
	40.90	33.13	73.51	-0.00	0.0644	11.08	487.5	383.81	0.0666	517.4	9.313	17.92	11.00	1.74
	41.90	33.12	73.48	0.00	0.0644	11.09	488.0	384.28	0.0669	521.1	9.380	18.06	11.11	1.73
	42.90	33.15	73.54	0.00	0.0643	11.08	487.5	383.66	0.0666	519.7	9.355	18.00	11.07	1.74
	43.90	33.14	73.54	0.00	0.0642	11.07	487.0	383.25	0.0665	518.7	9.337	17.96	11.04	1.74
	44.91	33.12	73.51	-0.00	0.0642	11.05	486.0	382.64	0.0665	518.8	9.339	17.97	11.04	1.74
	45.93	33.15	73.48	0.00	0.0644	11.08	487.4	383.90	0.0668	521.2	9.381	18.06	11.11	1.74
	46.89	33.13	73.51	0.00	0.0644	11.08	487.4	383.71	0.0669	522.1	9.399	18.09	11.14	1.74
	47.92	33.15	73.51	-0.00	0.0642	11.06	486.5	383.05	0.0668	520.8	9.375	18.04	11.10	1.74
	48.91	33.14	73.48	-0.00	0.0643	11.06	486.4	383.10	0.0668	519.9	9.359	18.02	11.07	1.74
	49.92	33.15	73.48	-0.00	0.0643	11.06	486.5	383.21	0.0674	526.9	9.483	18.26	11.27	1.74
	50.90	33.11	73.48	0.00	0.0643	11.06	486.6	383.19	0.0677	530.1	9.542	18.37	11.36	1.74
	51.90	33.17	73.51	-0.00	0.0642	11.05	486.1	382.76	0.0676	531.4	9.564	18.41	11.40	1.74
	52.91	33.12	73.48	-0.00	0.0642	11.04	485.6	382.43	0.0676	529.5	9.531	18.35	11.35	1.74
	53.91	33.16	73.51	-0.00	0.0642	11.05	486.2	382.81	0.0677	531.7	9.571	18.42	11.41	1.74
	54.91	33.11	73.48	-0.00	0.0643	11.05	486.2	382.90	0.0679	532.8	9.590	18.46	11.44	1.74
	55.91	33.13	73.51	0.00	0.0643	11.06	486.5	382.99	0.0679	535.2	9.634	18.54	11.51	1.74
	56.89	33.16	73.48	0.00	0.0641	11.02	484.8	381.82	0.0678	532.6	9.586	18.46	11.44	1.74
	57.91	33.17	73.48	-0.00	0.0642	11.05	486.1	382.89	0.0679	534.6	9.624	18.53	11.50	1.74
	58.89	33.16	73.51	0.00	0.0642	11.03	485.4	382.19	0.0679	533.1	9.596	18.47	11.45	1.74
	59.90	33.19	73.48	0.00	0.0641	11.03	485.3	382.31	0.0681	536.4	9.654	18.59	11.55	1.74
	60.90	33.18	73.46	0.00	0.0641	11.03	485.1	382.26	0.0681	537.1	9.667	18.62	11.57	1.74
	61.90	33.19	73.48	0.00	0.0642	11.04	485.6	382.51	0.0685	539.9	9.718	18.71	11.64	1.74
	62.98	33.19	73.51	0.00	0.0642	11.04	485.8	382.53	0.0686	541.1	9.740	18.75	11.68	1.74
	63.91	33.21	73.51	-0.00	0.0642	11.04	485.9	382.60	0.0687	541.7	9.751	18.77	11.70	1.74
	64.91	33.16	73.48	-0.00	0.0641	11.01	484.3	381.49	0.0685	538.5	9.694	18.66	11.61	1.74
	65.89	33.18	73.51	-0.00	0.0640	11.01	484.6	381.58	0.0684	540.7	9.732	18.73	11.67	1.74
	66.99	33.16	73.48	0.00	0.0639	10.99	483.5	380.84	0.0684	538.9	9.701	18.68	11.62	1.74
	67.89	33.17	73.48	0.00	0.0641	11.03	485.2	382.17	0.0690	545.5	9.820	18.91	11.80	1.74
	68.91	33.15	73.46	-0.00	0.0640	10.99	483.6	381.03	0.0690	544.9	9.809	18.89	11.78	1.74
	69.89	33.21	73.51	0.00	0.0640	10.99	483.4	380.67	0.0691	545.9	9.827	18.92	11.81	1.74
	70.90	33.19	73.51	0.00	0.0640	10.99	483.7	380.85	0.0693	548.5	9.872	19.00	11.88	1.74
	71.89	33.20	73.48	0.00	0.0639	10.99	483.7	381.03	0.0693	551.2	9.921	19.10	11.96	1.74
	72.90	33.21	73.48	-0.00	0.0638	10.97	482.7	380.29	0.0692	548.6	9.875	19.01	11.89	1.74
	73.91	33.23	73.51	-0.00	0.0639	10.97	482.8	380.25	0.0692	548.5	9.873	19.01	11.89	1.74
	74.91	33.23	73.48	-0.00	0.0638	10.96	482.3	379.99	0.0690	546.5	9.837	18.94	11.83	1.74
	75.91	33.21	73.51	-0.00	0.0639	10.98	483.3	380.63	0.0693	547.8	9.861	18.98	11.87	1.74
	76.91	33.21	73.54	-0.00	0.0640	10.99	483.7	380.77	0.0696	552.3	9.942	19.13	11.99	1.74
	77.91	33.23	73.51	-0.00	0.0638	10.96	482.1	379.71	0.0696	553.8	9.968	19.19	12.03	1.74
	78.89	33.18	73.51	0.00	0.0638	10.96	482.1	379.61	0.0697	554.6	9.983	19.22	12.05	1.74
	79.98	33.20	73.51	-0.00	0.0638	10.95	482.0	379.54	0.0698	555.9	10.006	19.26	12.09	1.74
	80.89	33.20	73.48	0.00	0.0638	10.96	482.2	379.85	0.0698	555.9	10.006	19.27	12.09	1.74
	81.90	33.22	73.56	0.00	0.0637	10.93	480.7	378.31	0.0694	550.6	9.911	19.07	11.94	1.74
	82.88	33.23	73.54	0.00	0.0638	10.95	481.7	379.22	0.0699	555.3	9.995	19.23	12.07	1.74
	83.90	33.20	73.46	0.00	0.0637	10.94	481.5	379.42	0.0699	557.4	10.033	19.33	12.13	1.74
	84.97	33.20	73.48	0.00	0.0638	10.96	482.0	379.73	0.0702	559.8	10.076	19.40	12.19	1.74
	85.89	33.25	73.48	0.00	0.0639	10.97	482.6	380.23	0.0706	565.5	10.179	19.60	12.35	1.74
	86.88	33.25	73.51	0.00	0.0638	10.94	481.5	379.21	0.0706	563.4	10.141	19.52	12.29	1.74
	87.91	33.26	73.43	-0.00	0.0638	10.95	482.0	380.01	0.0706	564.2	10.156	19.57	12.32	1.74
	88.89	33.25	73.51	0.00	0.0638	10.96	482.2	379.80	0.0708	568.9	10.240	19.71	12.44	1.74
	89.92	33.25	73.48	-0.00	0.0637	10.93	480.9	378.91	0.0707	565.5	10.180	19.61	12.35	1.74
	90.89	33.23	73.46	0.00	0.0637	10.93	481.1	379.16	0.0709	567.7	10.219	19.69	12.41	1.74
	91.90	33.27	73.51	0.00	0.0636	10.91	480.2	378.19	0.0705	566.9	10.205	19.65	12.39	1.74
	92.90	33.23	73.48	-0.00	0.0637	10.94	481.2	379.10	0.0709	568.6	10.234	19.71	12.43	1.74
	93.91	33.22	73.51	-0.00	0.0637	10.92	480.6	378.48	0.0708	566.6	10.199	19.63	12.38	1.74
	94.89	33.25	73.51	-0.00	0.0637	10.93	480.7	378.63	0.0710	567.9	10.223	19.68	12.42	1.74
	95.91	33.22	73.54	0.00	0.0637	10.92	480.3	378.15	0.0711	570.0	10.260	19.74	12.47	1.74
	96.91	33.27	73.48	0.00	0.0636	10.93	480.9	378.91	0.0710	571.0	10.278	19.80	12.50	1.74
	97.92	33.25	73.48	-0.00	0.0637	10.93	480.9	378.86	0.0714	572.7	10.309	19.85	12.55	1.74
	98.90	33.25	73.48	0.00	0.0636	10.91	480.0	378.17	0.0713	572.8	10.310	19.86	12.55	1.74
	99.89	33.27	73.51	0.00	0.0636	10.91	480.1	378.15	0.0713	571.5	10.288	19.81	12.51	1.74
	100.90	33.27	73.48	0.00	0.0636	10.92	480.7	378.75	0.0713	572.8	10.310	19.86	12.55	1.74
	101.88	33.25	73.51	0.00	0.0637	10.93	481.0	378.80	0.0717	575.7	10.362	19.95	12.62	1.74
	102.98	33.27	73.51	-0.00	0.0638	10.94	481.5	379.22	0.0714	575.0	10.350	19.93	12.61	1.74
	103.91	33.27	73.51	-0.00	0.0636	10.90	479.6	377.79	0.0715	573.8	10.328	19.89	12.57	1.74
	104.91	33.25	73.51	0.00	0.0637	10.91	480.1	378.11	0.0716	575.7	10.363	19.95	12.62	1.74
	105.89	33.27	73.48	0.00	0.0637	10.91	480.2	378.31	0.0716	576.3	10.373	19.98	12.64	1.74
	106.91	33.27	73.48	-0.00	0.0636	10.91	480.1	378.32	0.0714	574.2	10.335	19.91	12.58	1.75
	107.89	33.27	73.51	0.00	0.0637	10.93	481.0	378.85	0.0716	575.9	10.367	19.96	12.63	1.75
	108.90	33.29	73.48	-0.00	0.0637	10.93	481.1	379.08	0.0717	577.8	10.401	20.03	12.68	1.74
	109.89	33.29	73.51	0.00	0.0636	10.93	480.8	378.73	0.0719	578.2	10.408	20.04	12.69	1.74
	110.92	33.29	73.51	-0.00	0.0636	10.91	479.9	378.04	0.0715	574.2	10.336	19.90	12.59	1.74
	111.88	33.27	73.48	0.00	0.0634	10.89	479.0	377.44	0.0712	573.3	10.319	19.88	12.56	1.74
	112.91	33.30	73.51	-0.00	0.0635	10.89	479.1	377.42	0.0717	576.3	10.373	19.97	12.64	1.75
	113.90	33.32	73.51	-0.00	0.0635	10.89	479.1	377.41	0.0717	578.3	10.409	20.04	12.69	1.75
	114.89	33.34	73.48	0.00	0.0635	10.89	479.2	377.64	0.0718	578.5	10.413	20.06	12.70	1.74
	115.89	33.27	73.51	0.00	0.0636	10.92	480.4	378.36	0.0724	585.3	10.536	20.28	12.88	1.74
	116.91	33.27	73.48	0.00	0.0636	10.91	480.0	378.22	0.0720	582.2	10.480	20.18	12.80	1.74
	117.91	33.27	73.51	0.00	0.0635	10.88	478.8	377.12	0.0717	578.0	10.403	20.03	12.68	1.74
	118.90	33.29	73.51	0.00	0.0635	10.89	479.3	377.56	0.0718	579.6	10.433	20.09	12.73	1.75
	119.90	33.32	73.48	-0.00	0.0635	10.88	478.6	377.14	0.0718	577.9	10.401	20.04	12.68	1.75
	120.90	33.32	73.51	0.00	0.0635	10.89	479.2	377.50	0.0724	586.4	10.554	20.32	12.91	1.74
	121.90	33.32	73.51	0.00	0.0635	10.88	478.6	377.06	0.0718	578.3	10.409	20.04	12.70	1.74
	122.88	33.29	73.51	0.00	0.0636	10.90	479.6	377.80	0.0722	582.7	10.488	20.19	12.81	1.74
	123.91	33.29	73.46	0.00	0.0635	10.89	478.9	377.54	0.0718	578.2	10.408	20.06	12.69	1.75
	124.91	33.25	73.48	-0.00	0.0635	10.89	479.3	377.60	0.0721	582.4	10.483	20.19	12.80	1.75
	125.89	33.29	73.51	0.00	0.0635	10.89	479.3	377.53	0.0721	581.8	10.472	20.16	12.79	1.75
	126.89	33.21	73.48	0.00	0.0636	10.90	479.8	377.96	0.0721	583.1	10.495	20.21	12.82	1.74
