Jul 22 2015 at 10:24:30
Frequency: 1.00Hz.
CO2
Zero:  Value:0.95  Date:18 Mar 2005	 at 07:22:33	
Span:  Value:1.00  Date:18 Mar 2005	 at 07:25:09	
H2O
Zero:  Value:0.71  Date:18 Mar 2005	 at 07:52:31	
Span:  Value:0.99  Date:18 Mar 2005	 at 11:44:01	
	Relative Time	Temperature	Pressure	Aux Input	CO2 Absorptance	CO2 mmol/m3	CO2 mg/m3	CO2 umol/mol	H2O Absorptance	H2O mmol/m3	H2O g/m3	H2O mmol/mol	H2O(°C)	Cooler Voltage
	0.92	30.31	73.48	0.00	0.0684	11.98	527.0	411.18	0.0701	560.0	10.079	19.23	12.06	1.66
	1.93	30.29	73.48	-0.00	0.0683	11.96	526.1	410.53	0.0705	564.3	10.157	19.37	12.17	1.66
	2.93	30.32	73.48	0.00	0.0678	11.86	521.8	407.20	0.0722	581.2	10.461	19.95	12.62	1.66
	3.93	30.30	73.51	0.00	0.0679	11.89	523.1	408.03	0.0718	576.8	10.382	19.79	12.50	1.66
	4.91	30.34	73.48	0.00	0.0676	11.80	519.2	405.18	0.0725	587.3	10.572	20.17	12.78	1.66
	5.93	30.34	73.48	0.00	0.0677	11.80	519.0	405.01	0.0726	592.1	10.658	20.33	12.91	1.66
	6.93	30.36	73.48	-0.00	0.0674	11.77	517.7	404.01	0.0732	597.6	10.756	20.52	13.05	1.66
	7.92	30.33	73.48	0.00	0.0676	11.82	520.2	405.93	0.0727	588.4	10.591	20.20	12.81	1.66
	8.92	30.32	73.48	-0.00	0.0680	11.88	522.8	407.94	0.0712	576.3	10.373	19.79	12.49	1.66
	9.92	30.31	73.46	0.00	0.0679	11.86	521.9	407.37	0.0717	575.3	10.355	19.76	12.47	1.66
	10.92	30.32	73.48	-0.00	0.0679	11.88	522.7	407.88	0.0714	574.2	10.336	19.72	12.44	1.66
	11.93	30.32	73.48	-0.00	0.0677	11.86	521.9	407.25	0.0720	575.6	10.360	19.76	12.47	1.66
	12.92	30.34	73.56	0.00	0.0678	11.83	520.3	405.62	0.0715	576.0	10.368	19.76	12.49	1.66
	13.93	30.32	73.48	-0.00	0.0677	11.85	521.4	406.84	0.0716	574.7	10.344	19.73	12.45	1.66
	14.93	30.34	73.51	0.00	0.0676	11.79	518.9	404.84	0.0718	578.7	10.416	19.86	12.56	1.66
	15.93	30.36	73.51	0.00	0.0679	11.87	522.5	407.64	0.0713	573.2	10.317	19.68	12.41	1.66
	16.94	30.34	73.48	-0.00	0.0677	11.83	520.5	406.22	0.0712	571.9	10.295	19.64	12.38	1.66
	17.92	30.31	73.46	0.00	0.0679	11.89	523.3	408.50	0.0712	573.4	10.322	19.69	12.42	1.66
	18.92	30.33	73.48	0.00	0.0681	11.95	526.0	410.46	0.0714	576.4	10.376	19.79	12.50	1.66
	19.92	30.32	73.48	0.00	0.0683	11.97	526.6	410.95	0.0713	573.7	10.327	19.70	12.43	1.66
	20.90	30.34	73.51	0.00	0.0683	11.96	526.4	410.65	0.0715	575.2	10.353	19.74	12.46	1.66
	21.93	30.34	73.51	-0.00	0.0684	11.99	527.5	411.51	0.0716	576.8	10.383	19.80	12.51	1.66
	22.93	30.36	73.48	-0.00	0.0683	11.96	526.2	410.65	0.0715	575.8	10.364	19.77	12.48	1.66
	23.93	30.36	73.48	0.00	0.0680	11.89	523.3	408.41	0.0714	572.0	10.297	19.64	12.38	1.66
	24.99	30.34	73.48	0.00	0.0680	11.89	523.1	408.20	0.0713	573.1	10.316	19.68	12.41	1.66
	25.93	30.34	73.51	0.00	0.0678	11.79	518.6	404.54	0.0715	573.7	10.326	19.69	12.42	1.66
	26.93	30.36	73.48	-0.00	0.0681	11.92	524.4	409.24	0.0716	576.1	10.369	19.78	12.49	1.66
	27.94	30.34	73.48	-0.00	0.0679	11.87	522.4	407.70	0.0715	574.9	10.347	19.74	12.46	1.66
	28.94	30.33	73.51	-0.00	0.0677	11.84	520.9	406.33	0.0713	574.0	10.332	19.70	12.43	1.66
	29.92	30.36	73.48	0.00	0.0682	11.91	524.1	409.00	0.0717	576.2	10.371	19.79	12.49	1.66
	30.92	30.36	73.53	0.00	0.0680	11.92	524.4	408.95	0.0715	576.1	10.370	19.77	12.49	1.66
	31.92	30.34	73.46	-0.00	0.0682	11.95	525.6	410.32	0.0719	580.9	10.455	19.95	12.61	1.66
	32.92	30.38	73.48	0.00	0.0680	11.89	523.0	408.22	0.0715	575.9	10.366	19.78	12.49	1.66
	33.93	30.35	73.48	0.00	0.0680	11.91	524.1	409.05	0.0716	577.4	10.394	19.83	12.52	1.66
	34.93	30.36	73.48	0.00	0.0681	11.91	523.9	408.88	0.0717	577.9	10.402	19.84	12.54	1.66
	35.93	30.38	73.48	0.00	0.0681	11.92	524.3	409.24	0.0719	579.4	10.428	19.90	12.58	1.66
	36.94	30.36	73.48	-0.00	0.0679	11.87	522.5	407.76	0.0715	575.1	10.352	19.75	12.46	1.66
	37.94	30.38	73.48	-0.00	0.0679	11.87	522.2	407.55	0.0716	575.8	10.364	19.77	12.48	1.66
	38.94	30.36	73.48	-0.00	0.0681	11.92	524.4	409.26	0.0721	581.7	10.470	19.97	12.64	1.66
	39.92	30.38	73.51	0.00	0.0680	11.91	523.9	408.80	0.0720	581.5	10.468	19.96	12.63	1.66
	40.92	30.36	73.51	0.00	0.0680	11.88	522.9	407.93	0.0717	577.5	10.396	19.83	12.53	1.66
	41.93	30.38	73.48	-0.00	0.0681	11.91	524.1	409.06	0.0718	578.4	10.411	19.86	12.55	1.66
	42.93	30.36	73.51	-0.00	0.0680	11.88	522.8	407.86	0.0718	578.3	10.410	19.85	12.55	1.66
	43.93	30.33	73.51	0.00	0.0679	11.88	522.8	407.85	0.0719	579.9	10.438	19.90	12.59	1.66
	44.93	30.40	73.48	-0.00	0.0678	11.85	521.5	407.08	0.0718	578.4	10.412	19.87	12.55	1.66
	45.91	30.40	73.48	0.00	0.0678	11.83	520.7	406.39	0.0719	578.7	10.417	19.88	12.56	1.66
	46.92	30.40	73.51	0.00	0.0678	11.86	521.6	407.00	0.0719	580.9	10.455	19.94	12.62	1.67
	47.92	30.37	73.51	0.00	0.0677	11.84	520.9	406.41	0.0720	580.9	10.456	19.94	12.62	1.66
	48.91	30.38	73.51	0.00	0.0679	11.86	521.8	407.09	0.0721	581.5	10.467	19.96	12.63	1.66
	50.01	30.38	73.48	-0.00	0.0679	11.87	522.3	407.61	0.0721	581.9	10.475	19.98	12.64	1.66
	50.93	30.42	73.48	-0.00	0.0680	11.89	523.0	408.26	0.0723	583.6	10.505	20.05	12.69	1.66
	51.93	30.37	73.51	0.00	0.0678	11.86	522.0	407.27	0.0720	581.9	10.474	19.98	12.64	1.66
	52.99	30.37	73.48	0.00	0.0678	11.85	521.4	406.91	0.0720	581.4	10.466	19.97	12.63	1.66
	53.95	30.35	73.48	-0.00	0.0680	11.91	523.9	408.89	0.0725	586.9	10.564	20.15	12.77	1.66
	54.93	30.38	73.51	0.00	0.0679	11.88	522.6	407.75	0.0724	585.7	10.543	20.11	12.74	1.66
	55.93	30.40	73.46	-0.00	0.0678	11.86	521.9	407.53	0.0724	585.1	10.531	20.10	12.73	1.66
	56.92	30.42	73.51	0.00	0.0677	11.84	520.9	406.45	0.0722	584.0	10.511	20.05	12.70	1.66
	57.91	30.42	73.51	0.00	0.0678	11.84	520.8	406.38	0.0725	585.6	10.542	20.11	12.74	1.66
	58.94	30.39	73.51	-0.00	0.0680	11.87	522.4	407.63	0.0728	588.9	10.601	20.22	12.83	1.66
	59.90	30.40	73.48	0.00	0.0679	11.88	522.9	408.14	0.0728	593.2	10.677	20.37	12.94	1.66
	60.92	30.40	73.51	0.00	0.0679	11.87	522.5	407.66	0.0729	591.4	10.646	20.31	12.89	1.66
	61.98	30.42	73.51	0.00	0.0679	11.85	521.6	407.00	0.0730	591.8	10.652	20.32	12.90	1.66
	62.93	30.40	73.48	0.00	0.0676	11.80	519.0	405.10	0.0724	585.2	10.533	20.10	12.73	1.66
	63.93	30.39	73.51	0.00	0.0678	11.83	520.4	406.07	0.0726	587.5	10.575	20.17	12.79	1.67
	64.91	30.41	73.48	0.00	0.0679	11.87	522.4	407.75	0.0728	590.8	10.634	20.29	12.88	1.66
	65.94	30.42	73.48	-0.00	0.0679	11.88	522.6	407.91	0.0729	592.5	10.665	20.35	12.92	1.66
	66.92	30.42	73.51	-0.00	0.0679	11.86	521.7	407.07	0.0730	592.8	10.671	20.35	12.93	1.66
	67.94	30.42	73.54	-0.00	0.0679	11.86	521.9	407.11	0.0733	596.0	10.727	20.45	13.01	1.66
	68.98	30.39	73.46	0.00	0.0679	11.88	522.7	408.11	0.0733	598.3	10.769	20.55	13.07	1.66
	69.94	30.44	73.51	-0.00	0.0679	11.87	522.2	407.46	0.0734	597.9	10.762	20.53	13.06	1.67
	70.92	30.42	73.48	0.00	0.0679	11.86	521.9	407.35	0.0735	598.6	10.774	20.56	13.08	1.66
	71.92	30.44	73.46	0.00	0.0678	11.84	521.0	406.87	0.0731	594.5	10.701	20.43	12.97	1.66
	72.92	30.46	73.51	0.00	0.0677	11.80	519.4	405.34	0.0730	591.9	10.655	20.33	12.91	1.67
	73.91	30.44	73.51	0.00	0.0678	11.84	520.9	406.47	0.0733	595.4	10.717	20.44	13.00	1.67
	74.93	30.42	73.48	0.00	0.0678	11.84	521.0	406.65	0.0733	595.7	10.723	20.46	13.00	1.67
	75.92	30.46	73.51	-0.00	0.0677	11.83	520.5	406.24	0.0734	597.7	10.758	20.52	13.06	1.67
	76.92	30.44	73.51	0.00	0.0679	11.85	521.3	406.77	0.0736	599.3	10.787	20.58	13.10	1.66
	77.92	30.44	73.48	-0.00	0.0678	11.84	521.0	406.73	0.0735	598.0	10.764	20.54	13.06	1.67
	78.92	30.46	73.51	-0.00	0.0680	11.88	522.7	407.95	0.0738	602.5	10.846	20.69	13.18	1.67
	79.92	30.44	73.51	0.00	0.0678	11.84	521.0	406.53	0.0736	599.3	10.787	20.58	13.10	1.67
	80.92	30.44	73.48	0.00	0.0676	11.79	518.8	404.99	0.0735	597.9	10.762	20.54	13.06	1.67
	81.95	30.44	73.48	-0.00	0.0678	11.83	520.6	406.42	0.0738	601.3	10.824	20.65	13.15	1.67
	82.91	30.44	73.51	0.00	0.0675	11.78	518.2	404.35	0.0733	596.5	10.736	20.48	13.02	1.67
	83.91	30.48	73.48	0.00	0.0677	11.82	519.9	405.93	0.0736	600.2	10.804	20.62	13.12	1.67
	84.93	30.46	73.48	0.00	0.0676	11.80	519.1	405.29	0.0736	600.5	10.809	20.63	13.13	1.67
	85.92	30.45	73.48	-0.00	0.0677	11.82	520.1	405.99	0.0738	601.6	10.829	20.66	13.16	1.67
	87.00	30.45	73.48	-0.00	0.0678	11.83	520.5	406.35	0.0740	603.6	10.865	20.73	13.21	1.67
	87.91	30.46	73.48	0.00	0.0677	11.84	520.8	406.61	0.0739	605.5	10.899	20.80	13.26	1.67
	88.92	30.48	73.51	0.00	0.0680	11.87	522.2	407.57	0.0750	614.2	11.056	21.09	13.48	1.67
	89.92	30.48	73.48	-0.00	0.0678	11.81	519.8	405.81	0.0746	607.0	10.925	20.85	13.29	1.67
	90.95	30.46	73.48	-0.00	0.0678	11.84	521.0	406.71	0.0746	610.6	10.991	20.98	13.38	1.67
	91.93	30.47	73.53	-0.00	0.0677	11.83	520.6	406.15	0.0742	607.9	10.943	20.87	13.32	1.67
	92.93	30.50	73.48	0.00	0.0677	11.83	520.5	406.44	0.0743	607.9	10.942	20.88	13.32	1.67
	93.94	30.47	73.51	-0.00	0.0675	11.78	518.3	404.52	0.0740	604.7	10.884	20.76	13.24	1.67
	94.93	30.53	73.51	-0.00	0.0677	11.80	519.1	405.25	0.0743	606.5	10.917	20.83	13.28	1.67
	95.94	30.50	73.48	-0.00	0.0677	11.81	519.5	405.64	0.0745	608.1	10.946	20.89	13.32	1.67
	96.91	30.48	73.48	0.00	0.0679	11.89	523.0	408.30	0.0752	622.0	11.196	21.37	13.67	1.67
	97.92	30.46	73.51	0.00	0.0680	11.87	522.4	407.73	0.0755	621.4	11.185	21.34	13.65	1.67
	98.92	30.51	73.51	0.00	0.0678	11.87	522.4	407.78	0.0750	620.6	11.171	21.31	13.64	1.67
	99.93	30.48	73.46	-0.00	0.0678	11.84	521.0	406.92	0.0751	617.2	11.109	21.21	13.55	1.67
	100.92	30.53	73.48	0.00	0.0678	11.84	521.0	406.84	0.0750	616.6	11.099	21.19	13.54	1.67
	101.92	30.45	73.46	0.00	0.0677	11.84	520.8	406.71	0.0746	613.2	11.037	21.07	13.45	1.67
	102.91	30.48	73.51	0.00	0.0675	11.77	517.9	404.23	0.0745	608.9	10.961	20.91	13.34	1.67
	103.93	30.50	73.53	0.00	0.0676	11.81	519.6	405.40	0.0747	614.0	11.052	21.08	13.47	1.67
	104.91	30.50	73.53	-0.00	0.0675	11.79	518.8	404.78	0.0746	613.1	11.035	21.05	13.45	1.67
	105.92	30.48	73.48	-0.00	0.0675	11.78	518.1	404.51	0.0746	610.8	10.994	20.98	13.39	1.67
	106.91	30.48	73.51	0.00	0.0676	11.79	518.9	404.97	0.0747	612.7	11.028	21.04	13.44	1.67
	107.94	30.48	73.48	0.00	0.0678	11.81	519.8	405.82	0.0753	615.6	11.080	21.15	13.51	1.67
	108.94	30.52	73.51	-0.00	0.0678	11.86	522.0	407.42	0.0756	624.7	11.244	21.45	13.74	1.67
	109.93	30.50	73.51	0.00	0.0677	11.83	520.4	406.18	0.0751	619.1	11.144	21.26	13.60	1.67
	110.92	30.50	73.48	0.00	0.0677	11.81	519.8	405.87	0.0750	617.1	11.107	21.20	13.55	1.67
	111.93	30.52	73.48	0.00	0.0675	11.78	518.5	404.89	0.0750	616.8	11.103	21.19	13.54	1.67
	112.93	30.50	73.51	-0.00	0.0676	11.82	519.9	405.82	0.0751	619.6	11.153	21.28	13.61	1.67
	113.91	30.53	73.48	0.00	0.0675	11.80	519.4	405.58	0.0752	619.7	11.154	21.29	13.61	1.67
	114.93	30.49	73.48	0.00	0.0674	11.76	517.4	403.95	0.0747	615.4	11.077	21.14	13.50	1.67
	115.91	30.50	73.48	0.00	0.0676	11.79	518.8	405.04	0.0751	617.0	11.106	21.20	13.55	1.67
	117.00	30.50	73.48	-0.00	0.0677	11.82	520.1	406.10	0.0753	619.6	11.153	21.29	13.61	1.67
	117.92	30.50	73.51	-0.00	0.0676	11.80	519.3	405.35	0.0752	619.0	11.143	21.26	13.60	1.67
	118.92	30.54	73.51	0.00	0.0677	11.81	519.7	405.66	0.0756	621.0	11.178	21.33	13.65	1.67
	119.92	30.50	73.48	-0.00	0.0677	11.83	520.6	406.44	0.0756	625.2	11.254	21.48	13.75	1.67
	120.93	30.52	73.48	-0.00	0.0676	11.80	519.0	405.29	0.0755	621.7	11.191	21.36	13.66	1.67
	121.93	30.50	73.48	-0.00	0.0676	11.81	519.5	405.62	0.0755	624.1	11.233	21.44	13.72	1.67
	122.93	30.52	73.48	0.00	0.0676	11.78	518.4	404.81	0.0755	621.7	11.190	21.36	13.66	1.67
