Jul 23 2015 at 11:29:04
Frequency: 1.00Hz.
CO2
Zero:  Value:0.95  Date:18 Mar 2005	 at 07:22:33	
Span:  Value:1.00  Date:18 Mar 2005	 at 07:25:09	
H2O
Zero:  Value:0.71  Date:18 Mar 2005	 at 07:52:31	
Span:  Value:0.99  Date:18 Mar 2005	 at 11:44:01	
	Relative Time	Temperature	Pressure	Aux Input	CO2 Absorptance	CO2 mmol/m3	CO2 mg/m3	CO2 umol/mol	H2O Absorptance	H2O mmol/m3	H2O g/m3	H2O mmol/mol	H2O(°C)	Cooler Voltage
	0.12	31.31	73.74	0.00	0.0674	11.74	516.6	403.05	0.0627	471.8	8.493	16.20	9.53	1.69
	1.14	31.31	73.77	-0.00	0.0667	11.63	511.6	398.96	0.0675	517.4	9.313	17.75	10.91	1.69
	2.12	31.33	73.77	0.00	0.0666	11.58	509.6	397.40	0.0682	536.9	9.664	18.42	11.47	1.69
	3.12	31.37	73.77	0.00	0.0667	11.55	508.3	396.50	0.0673	536.9	9.664	18.43	11.47	1.69
	4.13	31.38	73.77	0.00	0.0669	11.64	512.1	399.42	0.0647	493.2	8.878	16.93	10.20	1.69
	5.13	31.44	73.77	0.00	0.0668	11.58	509.7	397.67	0.0657	510.7	9.193	17.53	10.72	1.69
	6.19	31.43	73.74	0.00	0.0670	11.65	512.5	399.94	0.0651	502.2	9.040	17.25	10.47	1.69
	7.11	31.45	73.74	0.00	0.0669	11.64	512.3	399.82	0.0658	508.7	9.157	17.47	10.66	1.69
	8.13	31.47	73.74	0.00	0.0668	11.59	510.1	398.19	0.0666	519.2	9.345	17.83	10.97	1.69
	9.14	31.47	73.77	-0.00	0.0668	11.59	510.2	398.06	0.0663	517.1	9.307	17.75	10.91	1.69
	10.14	31.47	73.74	0.00	0.0667	11.58	509.6	397.73	0.0656	516.9	9.305	17.75	10.90	1.69
	11.14	31.47	73.74	-0.00	0.0665	11.54	507.6	396.23	0.0679	533.0	9.594	18.30	11.37	1.69
	12.11	31.49	73.74	0.00	0.0664	11.54	507.7	396.33	0.0683	530.3	9.546	18.21	11.29	1.69
	13.13	31.47	73.74	0.00	0.0664	11.51	506.4	395.25	0.0690	546.8	9.843	18.78	11.75	1.69
	14.13	31.45	73.77	-0.00	0.0665	11.54	507.6	396.04	0.0680	537.0	9.666	18.43	11.48	1.69
	15.12	31.45	73.75	0.00	0.0666	11.56	508.6	396.96	0.0672	523.8	9.429	17.99	11.10	1.69
	16.11	31.49	73.77	0.00	0.0665	11.54	507.9	396.35	0.0672	525.0	9.450	18.03	11.14	1.69
	17.13	31.47	73.77	-0.00	0.0666	11.56	508.5	396.72	0.0678	528.9	9.521	18.16	11.25	1.69
	18.11	31.47	73.74	0.00	0.0665	11.56	508.8	397.09	0.0680	530.1	9.542	18.21	11.28	1.69
	19.20	31.45	73.77	-0.00	0.0664	11.54	507.6	396.05	0.0685	537.9	9.683	18.47	11.50	1.69
	20.11	31.44	73.77	0.00	0.0663	11.50	505.8	394.61	0.0680	534.1	9.613	18.33	11.40	1.69
	21.12	31.36	73.77	0.00	0.0665	11.54	507.6	395.95	0.0690	542.1	9.757	18.60	11.62	1.69
	22.12	31.33	73.77	0.00	0.0665	11.54	507.5	395.83	0.0698	553.4	9.961	18.99	11.93	1.69
	23.14	31.33	73.75	0.00	0.0663	11.49	505.6	394.48	0.0691	546.4	9.836	18.76	11.74	1.69
	24.12	31.35	73.75	0.00	0.0664	11.52	507.1	395.65	0.0698	555.6	10.000	19.07	11.99	1.69
	25.21	31.33	73.75	-0.00	0.0665	11.53	507.2	395.72	0.0695	551.2	9.922	18.92	11.87	1.69
	26.11	31.37	73.74	0.00	0.0664	11.52	507.1	395.66	0.0698	554.2	9.976	19.03	11.95	1.69
	27.13	31.37	73.74	0.00	0.0664	11.52	506.9	395.52	0.0701	558.0	10.043	19.16	12.05	1.69
	28.14	31.39	73.77	-0.00	0.0664	11.52	506.9	395.42	0.0704	562.6	10.126	19.31	12.18	1.69
	29.12	31.41	73.77	0.00	0.0663	11.51	506.5	395.11	0.0706	562.7	10.128	19.31	12.18	1.69
	30.14	31.45	73.75	-0.00	0.0663	11.50	506.0	394.92	0.0696	551.4	9.925	18.93	11.88	1.69
	31.12	31.45	73.80	-0.00	0.0663	11.49	505.5	394.29	0.0697	552.8	9.950	18.97	11.92	1.69
	32.14	31.47	73.74	-0.00	0.0662	11.48	505.2	394.32	0.0692	548.2	9.867	18.83	11.79	1.69
	33.13	31.49	73.74	-0.00	0.0663	11.49	505.5	394.60	0.0696	548.8	9.878	18.85	11.81	1.69
	34.13	31.51	73.75	-0.00	0.0663	11.49	505.7	394.77	0.0695	551.6	9.929	18.95	11.89	1.69
	35.12	31.51	73.74	0.00	0.0664	11.51	506.4	395.34	0.0690	546.1	9.829	18.76	11.73	1.69
	36.13	31.45	73.74	0.00	0.0664	11.52	506.7	395.47	0.0691	544.8	9.806	18.71	11.70	1.69
	37.13	31.44	73.77	0.00	0.0663	11.50	506.1	394.83	0.0693	547.5	9.854	18.79	11.77	1.69
	38.13	31.45	73.77	-0.00	0.0663	11.50	506.1	394.84	0.0696	551.6	9.928	18.94	11.88	1.69
	39.11	31.43	73.77	0.00	0.0663	11.49	505.7	394.53	0.0694	548.5	9.873	18.83	11.80	1.69
	40.12	31.43	73.77	0.00	0.0663	11.50	505.8	394.61	0.0697	553.6	9.965	19.00	11.94	1.69
	41.11	31.43	73.74	0.00	0.0663	11.51	506.2	395.08	0.0704	561.2	10.102	19.27	12.15	1.70
	42.13	31.47	73.72	-0.00	0.0663	11.50	506.2	395.26	0.0709	565.2	10.173	19.42	12.25	1.69
	43.10	31.47	73.74	0.00	0.0663	11.50	506.0	394.94	0.0714	573.8	10.329	19.71	12.49	1.69
	44.12	31.45	73.77	0.00	0.0663	11.48	505.1	394.12	0.0714	570.2	10.264	19.57	12.39	1.69
	45.12	31.43	73.72	0.00	0.0663	11.49	505.6	394.74	0.0710	568.8	10.238	19.54	12.35	1.69
	46.11	31.41	73.77	0.00	0.0663	11.49	505.7	394.47	0.0712	570.1	10.263	19.57	12.38	1.69
	47.11	31.41	73.77	0.00	0.0663	11.50	505.8	394.61	0.0715	573.3	10.319	19.68	12.47	1.70
	48.11	31.41	73.77	0.00	0.0663	11.49	505.8	394.54	0.0717	577.2	10.390	19.81	12.57	1.69
	49.14	31.47	73.77	-0.00	0.0663	11.50	506.0	394.76	0.0714	573.9	10.329	19.70	12.49	1.69
	50.12	31.45	73.75	0.00	0.0663	11.49	505.6	394.63	0.0715	574.6	10.342	19.73	12.50	1.69
	51.14	31.49	73.74	-0.00	0.0663	11.49	505.6	394.64	0.0714	572.5	10.305	19.66	12.45	1.69
	52.13	31.49	73.77	-0.00	0.0663	11.48	505.3	394.28	0.0714	572.2	10.299	19.64	12.44	1.69
	53.12	31.49	73.75	0.00	0.0663	11.49	505.7	394.74	0.0714	575.8	10.365	19.78	12.54	1.70
	54.13	31.47	73.77	-0.00	0.0661	11.45	503.8	393.08	0.0712	572.4	10.303	19.65	12.45	1.70
	55.12	31.49	73.80	0.00	0.0661	11.47	504.6	393.60	0.0713	571.4	10.284	19.61	12.42	1.69
	56.13	31.51	73.74	-0.00	0.0662	11.45	504.0	393.41	0.0711	569.4	10.249	19.56	12.37	1.69
	57.13	31.51	73.77	0.00	0.0662	11.47	504.9	394.00	0.0712	570.3	10.265	19.58	12.39	1.69
	58.13	31.57	73.77	0.00	0.0662	11.48	505.0	394.19	0.0715	574.0	10.331	19.71	12.49	1.70
	59.12	31.55	73.72	0.00	0.0661	11.45	503.9	393.57	0.0712	572.5	10.304	19.67	12.45	1.70
	60.12	31.54	73.80	-0.00	0.0662	11.46	504.4	393.48	0.0716	574.9	10.349	19.74	12.52	1.70
	61.12	31.60	73.74	0.00	0.0661	11.46	504.2	393.70	0.0716	576.1	10.369	19.79	12.55	1.69
	62.10	31.57	73.77	0.00	0.0661	11.45	503.8	393.24	0.0712	575.2	10.354	19.75	12.53	1.70
	63.12	31.57	73.75	0.00	0.0661	11.46	504.1	393.58	0.0715	575.8	10.364	19.78	12.54	1.69
	64.13	31.59	73.80	-0.00	0.0662	11.46	504.4	393.56	0.0720	581.2	10.462	19.96	12.69	1.70
	65.13	31.55	73.74	-0.00	0.0661	11.45	503.9	393.38	0.0716	577.3	10.391	19.83	12.58	1.70
	66.13	31.57	73.74	-0.00	0.0661	11.45	504.0	393.47	0.0723	581.5	10.466	19.98	12.69	1.70
	67.20	31.59	73.77	-0.00	0.0661	11.44	503.6	393.07	0.0725	584.6	10.523	20.08	12.77	1.70
	68.11	31.62	73.77	0.00	0.0661	11.46	504.2	393.63	0.0729	589.7	10.614	20.25	12.91	1.70
	69.12	31.61	73.74	-0.00	0.0662	11.46	504.4	393.85	0.0728	589.2	10.605	20.24	12.89	1.70
	70.11	31.63	73.74	0.00	0.0661	11.46	504.2	393.72	0.0729	591.2	10.642	20.32	12.95	1.70
	71.12	31.61	73.74	0.00	0.0661	11.45	504.0	393.57	0.0730	592.7	10.669	20.37	12.99	1.70
	72.10	31.64	73.74	0.00	0.0660	11.44	503.5	393.22	0.0730	591.7	10.650	20.33	12.96	1.70
	73.12	31.61	73.77	0.00	0.0660	11.44	503.2	392.80	0.0729	588.5	10.593	20.21	12.88	1.70
	74.13	31.64	73.74	0.00	0.0661	11.45	503.7	393.35	0.0731	592.7	10.669	20.37	12.99	1.70
	75.19	31.66	73.74	0.00	0.0661	11.45	503.8	393.48	0.0730	592.1	10.658	20.35	12.97	1.70
	76.13	31.58	73.74	0.00	0.0660	11.44	503.5	393.15	0.0725	594.0	10.692	20.41	13.02	1.70
	77.13	31.53	73.74	0.00	0.0661	11.44	503.3	392.92	0.0727	589.2	10.605	20.24	12.89	1.70
	78.12	31.51	73.77	0.00	0.0660	11.43	503.1	392.62	0.0732	592.4	10.663	20.34	12.97	1.70
	79.11	31.47	73.72	0.00	0.0660	11.43	503.0	392.73	0.0732	593.6	10.685	20.39	13.00	1.70
	80.14	31.47	73.75	-0.00	0.0660	11.44	503.2	392.74	0.0731	593.2	10.677	20.37	12.99	1.70
	81.14	31.47	73.75	-0.00	0.0660	11.43	502.8	392.45	0.0742	601.2	10.822	20.65	13.20	1.70
	82.13	31.49	73.77	-0.00	0.0660	11.44	503.2	392.66	0.0742	606.8	10.923	20.84	13.34	1.70
	83.12	31.45	73.77	0.00	0.0660	11.43	503.0	392.41	0.0744	609.1	10.963	20.91	13.40	1.70
	84.13	31.49	73.77	-0.00	0.0660	11.43	502.9	392.40	0.0746	610.0	10.980	20.94	13.42	1.70
	85.13	31.47	73.77	-0.00	0.0660	11.43	502.8	392.27	0.0743	608.1	10.947	20.88	13.37	1.70
	86.14	31.48	73.77	-0.00	0.0660	11.43	502.8	392.33	0.0744	609.4	10.968	20.92	13.40	1.70
	87.11	31.54	73.74	0.00	0.0660	11.43	502.9	392.58	0.0745	609.0	10.963	20.92	13.40	1.70
	88.12	31.54	73.69	0.00	0.0659	11.42	502.3	392.39	0.0746	611.9	11.013	21.03	13.47	1.70
	89.12	31.51	73.77	0.00	0.0660	11.42	502.5	392.15	0.0746	609.1	10.963	20.91	13.40	1.70
	90.14	31.51	73.75	-0.00	0.0659	11.42	502.3	392.08	0.0746	611.4	11.005	21.00	13.46	1.70
	91.14	31.49	73.77	-0.00	0.0659	11.41	502.2	391.90	0.0750	614.8	11.067	21.11	13.54	1.70
	92.12	31.44	73.75	-0.00	0.0659	11.41	502.1	391.90	0.0750	617.8	11.120	21.22	13.61	1.70
	93.13	31.43	73.77	-0.00	0.0659	11.39	501.3	391.11	0.0750	611.7	11.010	21.00	13.46	1.70
	94.11	31.40	73.77	0.00	0.0659	11.41	502.0	391.57	0.0747	607.3	10.932	20.85	13.35	1.70
	95.11	31.41	73.77	0.00	0.0659	11.41	501.9	391.50	0.0745	615.1	11.071	21.11	13.54	1.70
	96.13	31.40	73.77	0.00	0.0659	11.41	502.0	391.57	0.0755	622.8	11.210	21.38	13.73	1.70
	97.11	31.43	73.77	0.00	0.0659	11.40	501.6	391.35	0.0758	624.4	11.239	21.43	13.78	1.70
	98.12	31.41	73.77	0.00	0.0659	11.40	501.5	391.24	0.0756	623.3	11.220	21.39	13.75	1.70
	99.11	31.41	73.77	0.00	0.0659	11.39	501.2	391.02	0.0754	621.5	11.186	21.33	13.70	1.70
	100.12	31.41	73.74	0.00	0.0659	11.40	501.5	391.38	0.0754	620.0	11.160	21.29	13.67	1.70
	101.12	31.44	73.75	0.00	0.0658	11.37	500.4	390.54	0.0752	619.6	11.154	21.28	13.66	1.70
	102.12	31.45	73.74	-0.00	0.0658	11.38	500.9	390.94	0.0754	621.6	11.190	21.35	13.71	1.70
	103.13	31.41	73.74	-0.00	0.0658	11.38	500.9	390.87	0.0757	623.4	11.221	21.40	13.75	1.70
	104.10	31.37	73.77	0.00	0.0658	11.39	501.1	390.89	0.0754	619.3	11.148	21.26	13.65	1.70
	105.13	31.35	73.74	-0.00	0.0658	11.39	501.2	391.05	0.0754	618.9	11.140	21.25	13.64	1.70
	106.13	31.37	73.77	-0.00	0.0658	11.39	501.0	390.80	0.0754	621.6	11.189	21.33	13.70	1.70
	107.12	31.35	73.77	-0.00	0.0658	11.39	501.0	390.74	0.0747	614.6	11.063	21.09	13.53	1.70
	108.11	31.35	73.74	0.00	0.0658	11.39	501.0	390.89	0.0747	609.5	10.971	20.92	13.40	1.70
	109.12	31.37	73.77	-0.00	0.0658	11.37	500.2	390.20	0.0747	611.2	11.001	20.98	13.44	1.70
	110.12	31.37	73.77	-0.00	0.0657	11.36	499.8	389.88	0.0743	606.6	10.918	20.82	13.33	1.70
	111.12	31.33	73.77	0.00	0.0658	11.38	500.7	390.49	0.0747	609.4	10.969	20.91	13.40	1.70
	112.13	31.34	73.74	-0.00	0.0658	11.38	500.7	390.63	0.0750	614.1	11.055	21.08	13.52	1.70
	113.21	31.37	73.77	-0.00	0.0658	11.38	500.8	390.61	0.0749	613.9	11.050	21.07	13.51	1.70
	114.11	31.35	73.72	0.00	0.0658	11.39	501.0	391.01	0.0751	615.3	11.075	21.13	13.55	1.70
	115.13	31.35	73.80	0.00	0.0658	11.38	500.7	390.38	0.0756	622.3	11.202	21.35	13.72	1.70
	116.13	31.41	73.77	-0.00	0.0658	11.38	500.6	390.52	0.0758	623.1	11.216	21.39	13.74	1.70
	117.12	31.39	73.75	-0.00	0.0657	11.36	499.9	390.11	0.0757	626.4	11.275	21.51	13.82	1.70
	118.14	31.47	73.74	0.00	0.0658	11.37	500.4	390.56	0.0757	621.9	11.194	21.36	13.72	1.70
	119.12	31.49	73.74	0.00	0.0658	11.37	500.3	390.52	0.0758	624.8	11.247	21.46	13.79	1.70
