Jul 23 2015 at 10:04:02
Frequency: 1.00Hz.
CO2
Zero:  Value:0.95  Date:18 Mar 2005	 at 07:22:33	
Span:  Value:1.00  Date:18 Mar 2005	 at 07:25:09	
H2O
Zero:  Value:0.71  Date:18 Mar 2005	 at 07:52:31	
Span:  Value:0.99  Date:18 Mar 2005	 at 11:44:01	
	Relative Time	Temperature	Pressure	Aux Input	CO2 Absorptance	CO2 mmol/m3	CO2 mg/m3	CO2 umol/mol	H2O Absorptance	H2O mmol/m3	H2O g/m3	H2O mmol/mol	H2O(°C)	Cooler Voltage
	0.38	28.35	73.72	-0.00	0.0698	12.30	541.4	418.36	0.0600	444.0	7.991	15.10	8.48	1.67
	1.45	28.30	73.77	0.00	0.0696	12.26	539.5	416.57	0.0608	455.0	8.189	15.46	8.84	1.67
	2.39	28.28	73.72	-0.00	0.0695	12.23	538.0	415.67	0.0615	460.8	8.294	15.66	9.03	1.67
	3.39	28.31	73.75	-0.00	0.0696	12.23	538.3	415.77	0.0615	462.3	8.322	15.71	9.08	1.67
	4.38	28.33	73.74	-0.00	0.0694	12.20	536.6	414.54	0.0619	465.6	8.380	15.82	9.19	1.67
	5.40	28.33	73.74	-0.00	0.0694	12.19	536.3	414.28	0.0619	466.5	8.397	15.85	9.22	1.67
	6.37	28.33	73.80	0.00	0.0694	12.21	537.0	414.56	0.0618	466.2	8.392	15.84	9.21	1.67
	7.38	28.28	73.74	0.00	0.0695	12.23	538.1	415.57	0.0618	466.9	8.404	15.87	9.23	1.67
	8.38	28.30	73.75	-0.00	0.0695	12.22	537.6	415.22	0.0618	466.2	8.392	15.84	9.21	1.67
	9.38	28.33	73.74	0.00	0.0693	12.18	536.0	414.07	0.0613	459.2	8.266	15.61	8.98	1.67
	10.38	28.30	73.75	0.00	0.0692	12.14	534.3	412.65	0.0636	489.4	8.809	16.63	9.93	1.67
	11.37	28.34	73.74	0.00	0.0692	12.16	535.0	413.31	0.0628	481.1	8.660	16.35	9.68	1.67
	12.39	28.32	73.74	-0.00	0.0692	12.13	533.9	412.43	0.0627	477.6	8.598	16.23	9.57	1.67
	13.45	28.32	73.77	0.00	0.0690	12.11	533.1	411.62	0.0641	483.7	8.706	16.43	9.75	1.67
	14.38	28.32	73.74	-0.00	0.0691	12.12	533.1	411.81	0.0637	488.0	8.784	16.59	9.89	1.67
	15.38	28.32	73.74	-0.00	0.0691	12.13	533.9	412.40	0.0642	491.4	8.846	16.70	9.99	1.67
	16.36	28.32	73.77	0.00	0.0692	12.14	534.3	412.61	0.0642	491.8	8.853	16.71	10.00	1.67
	17.38	28.32	73.77	-0.00	0.0691	12.13	533.8	412.15	0.0631	478.3	8.609	16.25	9.59	1.67
	18.38	28.30	73.72	-0.00	0.0691	12.12	533.4	412.17	0.0634	481.5	8.667	16.37	9.68	1.67
	19.39	28.32	73.80	-0.00	0.0690	12.13	533.6	411.87	0.0635	484.6	8.724	16.46	9.78	1.67
	20.37	28.32	73.75	-0.00	0.0690	12.11	533.0	411.69	0.0639	487.1	8.768	16.56	9.86	1.67
	21.39	28.33	73.74	-0.00	0.0691	12.13	533.7	412.29	0.0649	497.7	8.958	16.92	10.18	1.67
	22.36	28.35	73.74	0.00	0.0691	12.12	533.3	411.99	0.0653	501.4	9.025	17.04	10.29	1.67
	23.37	28.38	73.77	0.00	0.0690	12.10	532.5	411.31	0.0658	507.4	9.133	17.24	10.47	1.67
	24.37	28.33	73.75	0.00	0.0689	12.09	532.1	411.05	0.0664	513.8	9.249	17.47	10.66	1.67
	25.37	28.36	73.72	0.00	0.0687	12.04	529.7	409.35	0.0673	526.8	9.482	17.91	11.03	1.67
	26.44	28.36	73.74	-0.00	0.0688	12.05	530.4	409.74	0.0672	523.4	9.422	17.79	10.94	1.67
	27.38	28.36	73.75	0.00	0.0688	12.06	530.8	410.08	0.0670	523.1	9.415	17.78	10.93	1.67
	28.39	28.36	73.74	-0.00	0.0687	12.06	530.8	410.04	0.0673	524.2	9.435	17.82	10.96	1.67
	29.39	28.36	73.74	-0.00	0.0686	12.01	528.2	408.09	0.0682	537.1	9.668	18.26	11.33	1.67
	30.37	28.34	73.72	0.00	0.0685	12.00	527.8	407.89	0.0683	536.2	9.651	18.23	11.30	1.67
	31.39	28.36	73.74	-0.00	0.0685	11.97	526.5	406.75	0.0686	541.0	9.738	18.39	11.44	1.67
	32.39	28.35	73.74	-0.00	0.0682	11.93	525.1	405.63	0.0695	550.2	9.903	18.70	11.69	1.67
	33.38	28.34	73.74	0.00	0.0681	11.90	523.5	404.37	0.0701	556.6	10.019	18.92	11.86	1.67
	34.38	28.36	73.75	0.00	0.0682	11.92	524.4	405.11	0.0697	552.3	9.942	18.77	11.75	1.67
	35.38	28.33	73.72	0.00	0.0682	11.91	524.0	404.91	0.0700	556.5	10.016	18.92	11.86	1.67
	36.38	28.36	73.74	0.00	0.0682	11.92	524.4	405.11	0.0704	560.0	10.079	19.03	11.96	1.67
	37.38	28.36	73.77	0.00	0.0681	11.90	523.5	404.30	0.0706	565.9	10.185	19.23	12.12	1.67
	38.44	28.38	73.74	0.00	0.0680	11.88	522.8	403.94	0.0709	568.2	10.227	19.32	12.18	1.67
	39.38	28.40	73.75	0.00	0.0681	11.89	523.2	404.24	0.0703	562.1	10.118	19.11	12.02	1.67
	40.37	28.40	73.74	-0.00	0.0683	11.94	525.4	405.93	0.0695	550.4	9.906	18.71	11.70	1.67
	41.37	28.38	73.74	0.00	0.0681	11.90	523.6	404.51	0.0707	563.1	10.136	19.14	12.04	1.67
	42.37	28.37	73.77	0.00	0.0680	11.88	522.7	403.67	0.0711	570.4	10.267	19.38	12.24	1.67
	43.38	28.38	73.74	-0.00	0.0680	11.89	523.1	404.15	0.0711	567.2	10.209	19.28	12.15	1.67
	44.38	28.38	73.74	-0.00	0.0680	11.89	523.0	404.07	0.0713	573.2	10.317	19.48	12.31	1.67
	45.37	28.37	73.74	0.00	0.0681	11.89	523.1	404.14	0.0712	569.2	10.246	19.35	12.21	1.67
	46.36	28.40	73.75	0.00	0.0680	11.88	522.9	404.01	0.0714	573.9	10.330	19.51	12.33	1.67
	47.38	28.38	73.72	-0.00	0.0680	11.90	523.5	404.57	0.0709	566.8	10.203	19.28	12.14	1.67
	48.38	28.42	73.77	-0.00	0.0679	11.86	521.8	403.10	0.0714	573.0	10.313	19.47	12.31	1.67
	49.38	28.40	73.72	0.00	0.0680	11.87	522.3	403.69	0.0713	572.8	10.311	19.48	12.30	1.67
	50.36	28.40	73.74	0.00	0.0680	11.88	522.7	403.84	0.0714	573.0	10.313	19.48	12.31	1.67
	51.39	28.42	73.74	-0.00	0.0680	11.88	522.9	404.03	0.0714	572.9	10.313	19.48	12.31	1.67
	52.37	28.40	73.77	-0.00	0.0679	11.86	521.9	403.10	0.0710	569.7	10.255	19.36	12.22	1.67
	53.37	28.42	73.77	0.00	0.0681	11.89	523.2	404.12	0.0711	568.4	10.231	19.32	12.19	1.67
	54.37	28.40	73.72	0.00	0.0681	11.88	522.8	404.07	0.0717	576.1	10.369	19.59	12.39	1.67
	55.38	28.39	73.74	-0.00	0.0681	11.89	523.1	404.18	0.0714	573.3	10.320	19.49	12.32	1.67
	56.46	28.39	73.74	-0.00	0.0680	11.89	523.3	404.30	0.0711	570.1	10.262	19.38	12.23	1.67
	57.36	28.40	73.72	0.00	0.0681	11.90	523.4	404.56	0.0704	559.9	10.078	19.04	11.96	1.67
	58.38	28.40	73.72	0.00	0.0680	11.87	522.3	403.73	0.0709	570.2	10.264	19.39	12.23	1.67
	59.37	28.42	73.74	0.00	0.0679	11.87	522.3	403.56	0.0702	560.6	10.091	19.06	11.98	1.67
	60.39	28.42	73.74	-0.00	0.0679	11.86	521.8	403.18	0.0705	563.4	10.141	19.15	12.05	1.67
	61.37	28.44	73.77	-0.00	0.0679	11.86	521.8	403.07	0.0713	570.6	10.272	19.40	12.25	1.67
	62.38	28.42	73.74	0.00	0.0678	11.82	520.0	401.79	0.0724	586.4	10.556	19.94	12.66	1.67
	63.37	28.39	73.74	-0.00	0.0678	11.81	519.8	401.60	0.0728	590.5	10.630	20.08	12.77	1.67
	64.37	28.42	73.74	0.00	0.0678	11.85	521.2	402.71	0.0727	587.3	10.571	19.97	12.68	1.67
	65.36	28.39	73.74	0.00	0.0679	11.84	520.9	402.44	0.0725	587.5	10.575	19.97	12.69	1.67
	66.36	28.41	73.74	0.00	0.0678	11.85	521.4	402.84	0.0723	583.1	10.496	19.82	12.58	1.67
	67.38	28.42	73.74	0.00	0.0679	11.86	521.9	403.24	0.0729	590.9	10.637	20.09	12.78	1.67
	68.38	28.40	73.74	-0.00	0.0678	11.83	520.6	402.23	0.0733	593.7	10.686	20.18	12.85	1.67
	69.39	28.42	73.72	-0.00	0.0677	11.83	520.6	402.38	0.0733	595.7	10.723	20.26	12.90	1.67
	70.39	28.39	73.74	-0.00	0.0676	11.80	519.3	401.25	0.0746	611.5	11.006	20.79	13.30	1.67
	71.39	28.43	73.75	-0.00	0.0674	11.75	516.9	399.42	0.0750	617.5	11.115	21.00	13.45	1.67
	72.37	28.43	73.74	0.00	0.0675	11.78	518.4	400.62	0.0752	612.9	11.032	20.84	13.34	1.67
	73.38	28.39	73.72	0.00	0.0673	11.72	515.7	398.59	0.0759	628.7	11.316	21.38	13.73	1.67
	74.37	28.43	73.74	0.00	0.0674	11.74	516.8	399.32	0.0757	623.3	11.220	21.19	13.60	1.67
	75.44	28.43	73.77	0.00	0.0673	11.73	516.3	398.84	0.0759	626.1	11.270	21.28	13.67	1.67
	76.36	28.46	73.74	0.00	0.0674	11.73	515.9	398.70	0.0755	629.1	11.323	21.39	13.74	1.67
	77.38	28.43	73.74	0.00	0.0673	11.72	515.8	398.54	0.0763	630.6	11.351	21.44	13.78	1.67
	78.38	28.43	73.74	-0.00	0.0673	11.73	516.1	398.85	0.0761	627.3	11.292	21.33	13.70	1.67
	79.39	28.45	73.74	-0.00	0.0672	11.70	515.0	398.00	0.0770	640.5	11.530	21.78	14.02	1.67
	80.37	28.48	73.74	-0.00	0.0673	11.72	515.8	398.63	0.0767	635.5	11.439	21.61	13.90	1.67
	81.37	28.48	73.74	0.00	0.0672	11.70	514.8	397.87	0.0770	640.1	11.522	21.77	14.01	1.67
	82.37	28.45	73.75	0.00	0.0674	11.73	516.0	398.73	0.0764	633.8	11.408	21.55	13.86	1.67
	83.37	28.45	73.72	0.00	0.0677	11.80	519.0	401.22	0.0753	622.9	11.211	21.19	13.59	1.67
	84.37	28.50	73.74	-0.00	0.0675	11.77	518.0	400.38	0.0762	628.1	11.306	21.36	13.72	1.67
	85.38	28.52	73.74	-0.00	0.0674	11.73	516.3	399.05	0.0773	645.8	11.624	21.96	14.15	1.67
	86.44	28.45	73.74	-0.00	0.0672	11.70	515.0	397.99	0.0774	645.9	11.627	21.96	14.15	1.67
	87.38	28.50	73.77	0.00	0.0673	11.70	514.9	397.85	0.0773	644.3	11.598	21.90	14.11	1.67
	88.38	28.46	73.75	0.00	0.0672	11.70	514.7	397.77	0.0771	641.5	11.547	21.81	14.04	1.67
	89.45	28.45	73.74	0.00	0.0672	11.70	514.6	397.71	0.0777	647.7	11.658	22.02	14.19	1.67
	90.39	28.45	73.77	0.00	0.0671	11.68	514.1	397.12	0.0778	649.8	11.696	22.09	14.24	1.67
	91.39	28.48	73.77	-0.00	0.0672	11.68	514.1	397.21	0.0780	651.3	11.723	22.14	14.28	1.67
	92.37	28.50	73.72	0.00	0.0670	11.66	513.2	396.82	0.0784	657.7	11.838	22.37	14.43	1.67
	93.38	28.47	73.77	0.00	0.0670	11.66	512.9	396.28	0.0785	656.9	11.825	22.33	14.41	1.67
	94.36	28.49	73.75	0.00	0.0671	11.65	512.6	396.16	0.0790	667.0	12.006	22.68	14.65	1.67
	95.39	28.47	73.74	-0.00	0.0670	11.65	512.8	396.31	0.0787	661.5	11.907	22.49	14.52	1.67
	96.36	28.47	73.77	0.00	0.0670	11.65	512.7	396.08	0.0790	666.3	11.993	22.65	14.63	1.67
	97.38	28.48	73.74	0.00	0.0670	11.65	512.4	396.04	0.0793	667.7	12.019	22.71	14.66	1.67
	98.38	28.47	73.74	0.00	0.0668	11.61	510.8	394.78	0.0796	671.3	12.084	22.83	14.75	1.67
	99.39	28.47	73.74	-0.00	0.0668	11.62	511.1	395.03	0.0797	673.8	12.129	22.91	14.80	1.67
	100.37	28.47	73.75	0.00	0.0669	11.62	511.5	395.30	0.0798	676.4	12.176	23.00	14.86	1.67
	101.37	28.49	73.74	0.00	0.0668	11.61	511.0	394.93	0.0802	679.3	12.228	23.10	14.93	1.67
	102.37	28.51	73.77	0.00	0.0668	11.61	510.9	394.76	0.0800	678.0	12.203	23.05	14.90	1.67
	103.37	28.52	73.74	0.00	0.0669	11.64	512.3	395.95	0.0799	677.1	12.188	23.03	14.88	1.67
	104.36	28.49	73.77	0.00	0.0668	11.61	511.0	394.81	0.0801	679.2	12.225	23.09	14.93	1.67
	105.38	28.49	73.74	-0.00	0.0666	11.58	509.7	393.95	0.0808	684.7	12.324	23.28	15.05	1.67
	106.36	28.47	73.72	-0.00	0.0666	11.56	508.8	393.38	0.0812	692.8	12.471	23.57	15.23	1.67
	107.38	28.49	73.72	0.00	0.0667	11.58	509.5	393.93	0.0813	694.0	12.493	23.61	15.26	1.67
	108.37	28.47	73.72	-0.00	0.0666	11.56	508.8	393.34	0.0815	697.1	12.548	23.71	15.33	1.67
	109.37	28.49	73.77	-0.00	0.0666	11.56	508.5	392.87	0.0815	696.5	12.536	23.68	15.32	1.67
	110.36	28.49	73.74	0.00	0.0666	11.56	508.6	393.06	0.0814	696.0	12.528	23.67	15.31	1.67
	111.37	28.49	73.75	0.00	0.0666	11.56	508.6	393.11	0.0814	695.4	12.518	23.65	15.29	1.67
	112.43	28.49	73.74	0.00	0.0665	11.54	507.9	392.52	0.0817	700.0	12.600	23.81	15.40	1.67
	113.37	28.49	73.74	0.00	0.0665	11.55	508.0	392.62	0.0820	700.8	12.614	23.83	15.41	1.67
	114.36	28.53	73.74	-0.00	0.0664	11.53	507.1	392.00	0.0823	705.3	12.696	23.99	15.52	1.67
	115.36	28.49	73.72	0.00	0.0664	11.51	506.7	391.72	0.0824	706.7	12.721	24.04	15.55	1.67
	116.36	28.53	73.75	0.00	0.0664	11.52	507.0	391.88	0.0823	708.2	12.747	24.09	15.58	1.67
	117.38	28.51	73.72	0.00	0.0664	11.52	506.8	391.84	0.0825	709.7	12.774	24.14	15.61	1.67
	118.37	28.51	73.75	0.00	0.0664	11.50	506.2	391.23	0.0827	711.9	12.814	24.21	15.66	1.67
	119.39	28.53	73.74	0.00	0.0664	11.52	506.7	391.71	0.0827	712.6	12.827	24.24	15.68	1.67
