Jul 23 2015 at 11:22:48
Frequency: 1.00Hz.
CO2
Zero:  Value:0.95  Date:18 Mar 2005	 at 07:22:33	
Span:  Value:1.00  Date:18 Mar 2005	 at 07:25:09	
H2O
Zero:  Value:0.71  Date:18 Mar 2005	 at 07:52:31	
Span:  Value:0.99  Date:18 Mar 2005	 at 11:44:01	
	Relative Time	Temperature	Pressure	Aux Input	CO2 Absorptance	CO2 mmol/m3	CO2 mg/m3	CO2 umol/mol	H2O Absorptance	H2O mmol/m3	H2O g/m3	H2O mmol/mol	H2O(°C)	Cooler Voltage
	0.38	30.92	73.77	0.00	0.0682	11.92	524.7	408.64	0.0548	392.3	7.061	13.44	6.79	1.66
	1.39	30.91	73.72	-0.00	0.0682	11.92	524.4	408.71	0.0549	394.4	7.100	13.53	6.87	1.67
	2.37	30.84	73.72	0.00	0.0681	11.91	524.0	408.31	0.0547	392.3	7.062	13.45	6.79	1.66
	3.37	30.85	73.77	0.00	0.0681	11.90	523.7	407.79	0.0547	392.7	7.069	13.46	6.81	1.66
	4.43	30.81	73.74	0.00	0.0680	11.90	523.4	407.67	0.0544	389.9	7.018	13.36	6.70	1.66
	5.38	30.83	73.74	0.00	0.0679	11.87	522.3	406.84	0.0550	394.3	7.098	13.51	6.87	1.66
	6.37	30.77	73.80	0.00	0.0678	11.86	521.8	406.03	0.0558	401.7	7.231	13.76	7.13	1.66
	7.39	30.75	73.74	0.00	0.0678	11.84	520.9	405.59	0.0563	410.0	7.379	14.05	7.43	1.66
	8.39	30.77	73.75	0.00	0.0678	11.84	520.9	405.67	0.0564	406.9	7.325	13.94	7.32	1.66
	9.38	30.75	73.77	0.00	0.0678	11.83	520.4	405.11	0.0565	413.5	7.443	14.16	7.56	1.66
	10.37	30.75	73.74	0.00	0.0677	11.82	520.3	405.13	0.0570	411.1	7.400	14.09	7.47	1.66
	11.37	30.75	73.77	0.00	0.0676	11.80	519.2	404.14	0.0574	418.3	7.530	14.33	7.73	1.66
	12.39	30.77	73.74	-0.00	0.0677	11.80	519.1	404.24	0.0573	415.1	7.472	14.22	7.61	1.66
	13.46	30.79	73.74	-0.00	0.0674	11.77	518.0	403.38	0.0583	430.7	7.752	14.76	8.16	1.66
	14.38	30.80	73.77	-0.00	0.0673	11.73	516.2	401.87	0.0584	427.7	7.699	14.65	8.05	1.66
	15.38	30.86	73.74	0.00	0.0673	11.72	515.8	401.80	0.0597	438.6	7.895	15.03	8.43	1.66
	16.36	30.86	73.74	0.00	0.0674	11.75	517.0	402.73	0.0601	449.3	8.087	15.40	8.78	1.66
	17.38	30.85	73.74	0.00	0.0674	11.75	516.8	402.54	0.0594	439.1	7.904	15.05	8.44	1.66
	18.38	30.86	73.75	0.00	0.0674	11.75	517.2	402.89	0.0593	437.8	7.880	15.00	8.40	1.67
	19.45	30.87	73.74	-0.00	0.0674	11.75	516.9	402.65	0.0608	446.4	8.035	15.30	8.69	1.66
	20.39	30.91	73.74	-0.00	0.0673	11.74	516.6	402.51	0.0620	466.0	8.388	15.97	9.33	1.66
	21.37	30.89	73.77	0.00	0.0673	11.73	515.9	401.79	0.0621	471.4	8.486	16.15	9.50	1.66
	22.37	30.88	73.75	0.00	0.0673	11.72	515.8	401.78	0.0614	456.1	8.209	15.63	9.01	1.66
	23.39	30.90	73.77	0.00	0.0672	11.70	514.6	400.79	0.0615	461.7	8.311	15.82	9.19	1.66
	24.38	30.96	73.74	-0.00	0.0671	11.68	513.9	400.40	0.0631	474.8	8.546	16.28	9.61	1.67
	25.44	30.93	73.77	0.00	0.0672	11.68	513.9	400.29	0.0613	461.3	8.303	15.81	9.18	1.67
	26.38	30.91	73.77	-0.00	0.0669	11.65	512.7	399.29	0.0630	476.4	8.575	16.32	9.65	1.66
	27.38	30.95	73.74	0.00	0.0669	11.64	512.1	399.02	0.0642	485.9	8.746	16.66	9.95	1.66
	28.38	30.95	73.77	0.00	0.0668	11.62	511.2	398.18	0.0643	492.6	8.866	16.88	10.16	1.66
	29.38	30.98	73.77	-0.00	0.0668	11.61	510.8	397.93	0.0643	488.9	8.800	16.76	10.04	1.66
	30.37	30.98	73.77	0.00	0.0667	11.59	510.0	397.29	0.0662	508.7	9.157	17.44	10.64	1.67
	31.43	30.94	73.77	0.00	0.0667	11.59	510.1	397.33	0.0659	506.2	9.112	17.35	10.56	1.66
	32.37	30.94	73.77	0.00	0.0666	11.57	508.9	396.40	0.0660	510.0	9.180	17.48	10.68	1.66
	33.35	30.95	73.75	0.00	0.0666	11.57	508.9	396.53	0.0651	500.8	9.015	17.17	10.40	1.66
	34.38	30.95	73.74	-0.00	0.0667	11.58	509.4	396.94	0.0662	513.4	9.242	17.60	10.78	1.66
	35.38	30.94	73.77	-0.00	0.0664	11.51	506.5	394.55	0.0674	525.2	9.454	18.00	11.12	1.67
	36.38	30.96	73.74	0.00	0.0662	11.48	505.0	393.51	0.0680	533.4	9.602	18.29	11.35	1.67
	37.39	30.98	73.74	-0.00	0.0662	11.48	505.2	393.70	0.0693	549.1	9.884	18.83	11.79	1.66
	38.38	30.98	73.72	0.00	0.0659	11.41	501.9	391.22	0.0705	562.5	10.125	19.29	12.16	1.66
	39.38	30.98	73.77	0.00	0.0659	11.40	501.4	390.62	0.0708	564.5	10.160	19.35	12.21	1.66
	40.39	30.95	73.77	0.00	0.0658	11.39	501.2	390.42	0.0712	571.3	10.283	19.58	12.39	1.66
	41.39	30.98	73.77	-0.00	0.0657	11.38	500.5	389.89	0.0709	565.6	10.181	19.39	12.24	1.67
	42.39	30.96	73.75	0.00	0.0657	11.37	500.1	389.69	0.0711	569.8	10.256	19.54	12.35	1.67
	43.38	30.95	73.74	0.00	0.0656	11.36	499.8	389.47	0.0719	576.6	10.378	19.77	12.53	1.66
	44.38	30.95	73.75	-0.00	0.0654	11.30	497.1	387.30	0.0726	585.8	10.544	20.08	12.77	1.66
	45.37	30.98	73.77	0.00	0.0656	11.34	499.0	388.71	0.0721	581.1	10.459	19.92	12.65	1.66
	46.38	30.95	73.72	-0.00	0.0656	11.33	498.4	388.51	0.0720	580.9	10.456	19.92	12.65	1.66
	47.38	30.98	73.74	0.00	0.0657	11.36	500.0	389.62	0.0717	578.5	10.414	19.84	12.59	1.67
	48.38	30.96	73.75	0.00	0.0656	11.35	499.3	389.05	0.0721	582.0	10.477	19.96	12.68	1.67
	49.39	30.95	73.72	-0.00	0.0656	11.34	498.9	388.88	0.0720	583.5	10.503	20.01	12.71	1.66
	50.37	30.92	73.77	0.00	0.0656	11.33	498.5	388.25	0.0726	585.7	10.543	20.07	12.77	1.66
	51.37	30.98	73.77	0.00	0.0655	11.32	498.2	388.09	0.0728	588.8	10.599	20.18	12.85	1.66
	52.45	30.97	73.77	0.00	0.0651	11.27	495.9	386.30	0.0753	605.1	10.891	20.74	13.27	1.67
	53.37	30.98	73.74	0.00	0.0652	11.24	494.8	385.55	0.0748	619.3	11.147	21.23	13.63	1.67
	54.38	30.96	73.77	0.00	0.0652	11.26	495.5	385.99	0.0745	609.8	10.977	20.90	13.39	1.67
	55.37	30.97	73.74	0.00	0.0652	11.25	495.0	385.69	0.0749	614.9	11.068	21.08	13.52	1.66
	56.36	30.97	73.74	0.00	0.0650	11.21	493.1	384.28	0.0759	626.8	11.282	21.49	13.81	1.66
	57.39	30.99	73.74	-0.00	0.0650	11.21	493.1	384.25	0.0763	629.8	11.336	21.59	13.89	1.67
	58.36	30.99	73.75	0.00	0.0648	11.18	491.8	383.22	0.0775	640.7	11.533	21.97	14.15	1.66
	59.39	31.02	73.72	-0.00	0.0649	11.19	492.2	383.70	0.0766	635.3	11.435	21.79	14.02	1.67
	60.36	31.03	73.77	0.00	0.0648	11.17	491.3	382.81	0.0772	643.6	11.584	22.06	14.22	1.67
	61.39	30.99	73.75	-0.00	0.0646	11.16	491.0	382.64	0.0779	643.4	11.581	22.06	14.22	1.67
	62.38	31.02	73.74	-0.00	0.0647	11.14	490.2	382.04	0.0775	645.9	11.626	22.15	14.28	1.67
	63.37	31.01	73.75	0.00	0.0646	11.14	490.1	381.95	0.0782	650.3	11.705	22.30	14.38	1.67
	64.38	30.99	73.74	-0.00	0.0648	11.16	490.8	382.50	0.0775	647.2	11.650	22.19	14.31	1.66
	65.36	31.00	73.77	0.00	0.0646	11.12	489.4	381.29	0.0779	649.9	11.698	22.28	14.37	1.67
	66.36	30.98	73.72	0.00	0.0645	11.09	487.9	380.34	0.0785	661.2	11.901	22.68	14.64	1.67
	67.36	30.95	73.72	0.00	0.0646	11.13	489.6	381.61	0.0777	648.3	11.669	22.23	14.33	1.67
	68.38	30.98	73.77	0.00	0.0651	11.20	492.8	383.89	0.0757	627.7	11.298	21.51	13.83	1.67
	69.39	30.98	73.77	0.00	0.0649	11.20	492.7	383.84	0.0762	630.3	11.345	21.60	13.90	1.67
	70.39	30.93	73.74	-0.00	0.0649	11.19	492.5	383.71	0.0763	631.0	11.358	21.63	13.91	1.67
	71.39	30.91	73.77	-0.00	0.0649	11.19	492.2	383.32	0.0764	633.1	11.396	21.69	13.96	1.67
	72.39	30.95	73.77	-0.00	0.0648	11.18	491.9	383.13	0.0768	635.2	11.434	21.77	14.02	1.67
	73.38	30.91	73.77	0.00	0.0648	11.14	490.0	381.63	0.0770	643.6	11.585	22.06	14.22	1.67
	74.38	30.91	73.77	0.00	0.0648	11.17	491.4	382.70	0.0771	640.1	11.522	21.94	14.13	1.67
	75.44	30.91	73.74	0.00	0.0647	11.14	490.3	382.02	0.0772	643.8	11.589	22.07	14.22	1.67
	76.39	30.96	73.77	-0.00	0.0648	11.15	490.8	382.31	0.0769	639.5	11.510	21.92	14.12	1.67
	77.38	31.00	73.77	-0.00	0.0648	11.17	491.5	382.90	0.0763	631.4	11.366	21.64	13.93	1.67
	78.38	30.93	73.77	0.00	0.0648	11.15	490.6	382.13	0.0765	636.1	11.449	21.80	14.04	1.67
	79.39	30.92	73.74	0.00	0.0648	11.16	491.2	382.72	0.0765	633.1	11.395	21.70	13.96	1.67
	80.39	30.92	73.77	-0.00	0.0648	11.17	491.4	382.74	0.0761	629.6	11.333	21.58	13.88	1.67
	81.37	30.91	73.74	0.00	0.0646	11.12	489.2	381.15	0.0772	642.2	11.560	22.02	14.18	1.67
	82.37	30.96	73.77	0.00	0.0645	11.10	488.3	380.39	0.0777	650.0	11.700	22.28	14.37	1.67
	83.38	30.98	73.77	-0.00	0.0645	11.09	488.1	380.23	0.0776	646.7	11.641	22.17	14.30	1.67
	84.37	30.93	73.77	0.00	0.0645	11.09	488.0	380.06	0.0777	649.5	11.691	22.26	14.36	1.67
	85.36	30.92	73.75	0.00	0.0644	11.08	487.6	379.90	0.0778	649.8	11.697	22.28	14.37	1.67
	86.38	30.95	73.72	0.00	0.0644	11.07	487.3	379.80	0.0776	648.1	11.665	22.23	14.33	1.67
	87.36	31.00	73.74	0.00	0.0644	11.07	487.3	379.73	0.0778	648.3	11.670	22.23	14.33	1.67
	88.38	30.97	73.80	-0.00	0.0644	11.07	487.1	379.30	0.0776	648.2	11.667	22.21	14.33	1.67
	89.36	31.02	73.74	0.00	0.0644	11.06	486.7	379.33	0.0780	652.5	11.744	22.37	14.43	1.67
	90.37	30.99	73.77	0.00	0.0643	11.05	486.4	378.89	0.0778	649.7	11.695	22.27	14.37	1.67
	91.39	31.01	73.77	-0.00	0.0643	11.03	485.5	378.25	0.0785	659.6	11.873	22.61	14.60	1.67
	92.37	31.03	73.77	0.00	0.0642	11.04	485.7	378.44	0.0786	659.4	11.869	22.60	14.60	1.67
	93.38	31.01	73.77	0.00	0.0642	11.03	485.3	378.07	0.0788	660.9	11.897	22.66	14.63	1.67
	94.36	31.06	73.77	0.00	0.0641	11.01	484.6	377.58	0.0793	666.6	11.999	22.85	14.77	1.67
	95.36	31.03	73.74	0.00	0.0640	10.99	483.4	376.76	0.0795	672.1	12.098	23.05	14.89	1.67
	96.38	31.03	73.77	0.00	0.0640	10.99	483.5	376.71	0.0794	669.2	12.046	22.94	14.83	1.67
	97.38	31.08	73.77	0.00	0.0639	10.97	482.7	376.14	0.0804	678.9	12.220	23.28	15.05	1.67
	98.45	31.01	73.77	0.00	0.0639	10.96	482.3	375.73	0.0803	680.4	12.248	23.32	15.08	1.67
	99.39	31.03	73.74	-0.00	0.0639	10.96	482.1	375.73	0.0799	678.5	12.212	23.27	15.04	1.67
	100.39	31.08	73.74	-0.00	0.0639	10.96	482.3	375.99	0.0801	679.1	12.225	23.29	15.06	1.67
	101.39	31.04	73.77	-0.00	0.0638	10.94	481.2	374.94	0.0803	681.4	12.264	23.36	15.11	1.67
	102.37	31.08	73.77	0.00	0.0637	10.92	480.6	374.50	0.0802	682.0	12.276	23.38	15.12	1.67
	103.38	31.05	73.77	0.00	0.0638	10.94	481.2	374.94	0.0802	679.0	12.222	23.28	15.05	1.67
	104.36	31.07	73.72	0.00	0.0637	10.93	481.0	375.04	0.0806	685.2	12.333	23.51	15.20	1.67
	105.38	31.07	73.74	0.00	0.0637	10.92	480.5	374.56	0.0809	685.9	12.347	23.53	15.21	1.67
	106.36	31.05	73.74	0.00	0.0635	10.89	479.1	373.41	0.0817	700.5	12.609	24.02	15.54	1.67
	107.38	31.05	73.74	0.00	0.0636	10.88	478.9	373.29	0.0815	696.7	12.541	23.89	15.45	1.67
	108.36	31.10	73.75	0.00	0.0635	10.89	479.0	373.39	0.0818	698.1	12.566	23.94	15.49	1.67
	109.45	31.09	73.77	0.00	0.0634	10.86	477.6	372.21	0.0824	708.8	12.758	24.30	15.72	1.67
	110.39	31.10	73.77	-0.00	0.0634	10.87	478.1	372.57	0.0818	699.4	12.589	23.98	15.52	1.67
	111.37	31.09	73.77	0.00	0.0634	10.87	478.2	372.68	0.0819	702.5	12.645	24.09	15.59	1.67
	112.37	31.09	73.75	0.00	0.0633	10.84	477.0	371.83	0.0826	709.0	12.762	24.32	15.73	1.67
	113.37	31.12	73.77	0.00	0.0632	10.81	475.7	370.72	0.0835	721.1	12.981	24.73	16.00	1.67
	114.38	31.07	73.77	0.00	0.0632	10.80	475.3	370.38	0.0837	725.4	13.057	24.87	16.09	1.67
	115.38	31.05	73.77	-0.00	0.0631	10.79	474.8	369.92	0.0833	718.1	12.926	24.62	15.93	1.67
	116.36	31.04	73.74	-0.00	0.0632	10.81	475.7	370.81	0.0834	720.4	12.967	24.71	15.98	1.67
	117.38	31.07	73.77	0.00	0.0633	10.82	476.3	371.12	0.0832	720.1	12.962	24.69	15.97	1.67
	118.36	31.05	73.74	0.00	0.0632	10.81	475.5	370.65	0.0835	722.4	13.002	24.77	16.02	1.67
	119.37	31.11	73.72	0.00	0.0631	10.80	475.0	370.45	0.0837	724.8	13.047	24.87	16.08	1.67
	120.39	31.05	73.74	-0.00	0.0631	10.79	474.6	369.95	0.0838	728.6	13.114	24.99	16.15	1.67
