Jul 23 2015 at 11:25:45
Frequency: 1.00Hz.
CO2
Zero:  Value:0.95  Date:18 Mar 2005	 at 07:22:33	
Span:  Value:1.00  Date:18 Mar 2005	 at 07:25:09	
H2O
Zero:  Value:0.71  Date:18 Mar 2005	 at 07:52:31	
Span:  Value:0.99  Date:18 Mar 2005	 at 11:44:01	
	Relative Time	Temperature	Pressure	Aux Input	CO2 Absorptance	CO2 mmol/m3	CO2 mg/m3	CO2 umol/mol	H2O Absorptance	H2O mmol/m3	H2O g/m3	H2O mmol/mol	H2O(°C)	Cooler Voltage
	0.11	30.98	73.77	-0.00	0.0679	11.84	521.0	405.83	0.0529	371.9	6.694	12.75	6.02	1.68
	1.09	30.91	73.77	0.00	0.0680	11.87	522.5	406.91	0.0533	377.3	6.792	12.93	6.23	1.67
	2.09	30.93	73.74	0.00	0.0679	11.86	521.7	406.44	0.0536	382.1	6.878	13.10	6.41	1.67
	3.10	30.94	73.77	0.00	0.0677	11.83	520.7	405.60	0.0531	377.9	6.801	12.95	6.25	1.68
	4.09	30.93	73.74	0.00	0.0677	11.80	519.3	404.60	0.0534	378.8	6.818	12.99	6.29	1.68
	5.10	30.92	73.77	0.00	0.0678	11.83	520.6	405.48	0.0534	379.2	6.826	13.00	6.30	1.68
	6.16	30.92	73.74	0.00	0.0678	11.82	520.2	405.30	0.0531	376.2	6.772	12.90	6.19	1.67
	7.10	30.93	73.75	0.00	0.0677	11.81	519.5	404.77	0.0531	378.4	6.811	12.97	6.27	1.68
	8.10	30.95	73.74	-0.00	0.0676	11.80	519.4	404.67	0.0533	378.8	6.818	12.99	6.29	1.68
	9.10	30.96	73.74	0.00	0.0675	11.78	518.4	403.95	0.0538	384.9	6.929	13.20	6.52	1.68
	10.09	30.98	73.77	0.00	0.0676	11.79	518.7	404.08	0.0544	387.7	6.978	13.29	6.63	1.68
	11.09	31.02	73.80	0.00	0.0675	11.76	517.6	403.11	0.0559	401.7	7.231	13.77	7.15	1.68
	12.11	31.05	73.75	-0.00	0.0673	11.74	516.4	402.53	0.0574	425.0	7.651	14.58	7.97	1.68
	13.09	31.00	73.75	0.00	0.0673	11.72	515.8	401.98	0.0578	425.7	7.663	14.60	7.99	1.67
	14.10	31.08	73.75	-0.00	0.0672	11.72	515.5	401.81	0.0588	430.1	7.741	14.75	8.15	1.67
	15.10	31.04	73.77	-0.00	0.0672	11.70	515.0	401.26	0.0602	448.0	8.064	15.36	8.75	1.68
	16.10	31.06	73.74	-0.00	0.0672	11.70	514.7	401.18	0.0592	441.3	7.943	15.13	8.53	1.68
	17.10	31.08	73.80	0.00	0.0671	11.67	513.5	400.04	0.0614	456.5	8.216	15.65	9.03	1.67
	18.08	31.09	73.77	0.00	0.0670	11.66	512.9	399.71	0.0624	478.5	8.614	16.41	9.73	1.68
	19.16	31.09	73.74	0.00	0.0671	11.66	513.1	400.03	0.0619	466.2	8.392	15.99	9.34	1.68
	20.08	31.11	73.74	0.00	0.0670	11.65	512.8	399.78	0.0621	465.6	8.381	15.97	9.32	1.68
	21.09	31.12	73.74	0.00	0.0669	11.64	512.0	399.16	0.0624	474.8	8.547	16.29	9.62	1.68
	22.09	31.11	73.74	0.00	0.0670	11.65	512.5	399.53	0.0619	467.3	8.411	16.03	9.38	1.67
	23.15	31.13	73.74	0.00	0.0670	11.65	512.6	399.64	0.0626	473.7	8.527	16.25	9.58	1.67
	24.09	31.15	73.77	0.00	0.0669	11.64	512.3	399.27	0.0631	479.2	8.625	16.43	9.75	1.68
	25.07	31.15	73.74	0.00	0.0669	11.63	511.7	398.98	0.0638	482.2	8.680	16.54	9.85	1.68
	26.10	31.18	73.74	-0.00	0.0669	11.63	511.6	398.95	0.0644	494.2	8.896	16.96	10.22	1.68
	27.10	31.17	73.74	-0.00	0.0668	11.62	511.4	398.75	0.0636	480.7	8.653	16.49	9.80	1.68
	28.10	31.23	73.74	-0.00	0.0669	11.62	511.4	398.88	0.0640	489.9	8.819	16.81	10.09	1.68
	29.09	31.21	73.74	-0.00	0.0668	11.62	511.3	398.75	0.0633	475.6	8.561	16.32	9.65	1.68
	30.08	31.23	73.75	-0.00	0.0668	11.61	510.7	398.31	0.0635	484.5	8.721	16.63	9.92	1.68
	31.11	31.21	73.77	-0.00	0.0668	11.60	510.4	397.93	0.0645	493.3	8.880	16.92	10.19	1.68
	32.10	31.21	73.74	0.00	0.0667	11.60	510.4	398.01	0.0645	495.0	8.910	16.98	10.24	1.68
	33.09	31.20	73.75	0.00	0.0667	11.58	509.6	397.39	0.0654	503.5	9.063	17.28	10.50	1.68
	34.10	31.21	73.77	0.00	0.0667	11.58	509.6	397.31	0.0659	507.7	9.138	17.41	10.62	1.68
	35.09	31.21	73.74	0.00	0.0667	11.58	509.6	397.39	0.0660	512.2	9.220	17.58	10.75	1.68
	36.10	31.25	73.77	0.00	0.0668	11.60	510.3	397.89	0.0625	485.4	8.737	16.65	9.95	1.68
	37.08	31.21	73.74	0.00	0.0667	11.58	509.4	397.24	0.0652	502.1	9.038	17.23	10.46	1.68
	38.09	31.22	73.74	0.00	0.0665	11.55	508.1	396.27	0.0669	516.2	9.292	17.71	10.87	1.68
	39.09	31.27	73.72	0.00	0.0664	11.53	507.3	395.84	0.0673	525.4	9.457	18.04	11.14	1.68
	40.09	31.25	73.74	-0.00	0.0664	11.53	507.3	395.63	0.0669	525.4	9.456	18.03	11.14	1.68
	41.09	31.25	73.77	0.00	0.0664	11.53	507.4	395.63	0.0660	510.6	9.191	17.52	10.71	1.68
	42.09	31.27	73.77	-0.00	0.0666	11.54	507.8	395.92	0.0640	496.7	8.941	17.04	10.30	1.68
	43.09	31.29	73.74	0.00	0.0667	11.60	510.3	398.08	0.0611	460.7	8.293	15.81	9.18	1.68
	44.10	31.23	73.77	-0.00	0.0667	11.60	510.2	397.76	0.0622	464.5	8.362	15.94	9.30	1.68
	45.10	31.26	73.77	-0.00	0.0664	11.52	507.1	395.36	0.0662	513.8	9.248	17.63	10.80	1.68
	46.10	31.26	73.72	-0.00	0.0665	11.54	507.6	396.06	0.0638	489.4	8.810	16.80	10.07	1.68
	47.10	31.31	73.74	0.00	0.0665	11.53	507.4	395.80	0.0663	505.3	9.096	17.35	10.56	1.68
	48.08	31.31	73.72	0.00	0.0664	11.52	506.8	395.48	0.0646	501.6	9.030	17.23	10.45	1.68
	49.09	31.27	73.74	0.00	0.0663	11.52	506.8	395.29	0.0644	489.3	8.807	16.79	10.07	1.68
	50.08	31.29	73.77	0.00	0.0664	11.53	507.2	395.54	0.0643	492.1	8.858	16.88	10.16	1.68
	51.09	31.31	73.74	0.00	0.0664	11.52	507.1	395.56	0.0653	507.1	9.129	17.41	10.61	1.68
	52.09	31.31	73.72	0.00	0.0664	11.52	506.8	395.46	0.0628	473.5	8.522	16.26	9.58	1.68
	53.16	31.31	73.75	-0.00	0.0664	11.52	507.0	395.51	0.0635	486.4	8.755	16.70	9.98	1.68
	54.09	31.29	73.77	-0.00	0.0665	11.53	507.4	395.63	0.0639	486.5	8.757	16.69	9.99	1.68
	55.16	31.29	73.77	-0.00	0.0664	11.52	507.0	395.35	0.0638	487.1	8.768	16.71	10.00	1.68
	56.10	31.29	73.77	0.00	0.0664	11.52	507.1	395.41	0.0633	483.8	8.708	16.60	9.90	1.68
	57.17	31.29	73.75	-0.00	0.0663	11.51	506.4	395.01	0.0640	489.5	8.810	16.80	10.08	1.68
	58.09	31.31	73.72	-0.00	0.0662	11.47	504.7	393.87	0.0658	507.9	9.142	17.44	10.63	1.68
	59.09	31.31	73.77	-0.00	0.0663	11.48	505.2	393.97	0.0650	501.3	9.024	17.20	10.44	1.68
	60.09	31.31	73.77	0.00	0.0661	11.46	504.2	393.17	0.0688	536.1	9.650	18.40	11.45	1.68
	61.10	31.31	73.77	0.00	0.0661	11.45	503.9	393.00	0.0696	544.9	9.809	18.70	11.69	1.68
	62.10	31.32	73.77	0.00	0.0660	11.42	502.6	391.93	0.0698	556.4	10.015	19.09	12.01	1.68
	63.16	31.33	73.74	0.00	0.0660	11.44	503.4	392.70	0.0678	538.9	9.701	18.50	11.53	1.68
	64.10	31.35	73.77	0.00	0.0661	11.46	504.1	393.20	0.0665	518.6	9.336	17.80	10.95	1.68
	65.10	31.35	73.74	0.00	0.0662	11.46	504.2	393.42	0.0664	514.0	9.252	17.65	10.81	1.68
	66.08	31.33	73.77	0.00	0.0662	11.47	504.5	393.46	0.0664	515.7	9.282	17.70	10.86	1.68
	67.08	31.33	73.72	0.00	0.0661	11.45	503.8	393.18	0.0669	518.9	9.341	17.82	10.96	1.68
	68.09	31.30	73.75	0.00	0.0661	11.45	503.7	392.95	0.0678	532.2	9.580	18.27	11.34	1.68
	69.16	31.33	73.77	0.00	0.0661	11.44	503.5	392.68	0.0675	527.6	9.497	18.10	11.21	1.68
	70.09	31.35	73.74	0.00	0.0661	11.45	503.9	393.17	0.0667	522.0	9.396	17.92	11.05	1.68
	71.07	31.33	73.77	0.00	0.0661	11.45	503.9	392.99	0.0659	511.4	9.205	17.55	10.74	1.68
	72.09	31.33	73.74	0.00	0.0660	11.44	503.3	392.66	0.0672	522.1	9.397	17.92	11.05	1.68
	73.09	31.35	73.74	-0.00	0.0660	11.44	503.2	392.60	0.0672	525.6	9.461	18.04	11.15	1.68
	74.08	31.31	73.74	0.00	0.0660	11.43	502.8	392.22	0.0673	524.6	9.442	18.01	11.12	1.68
	75.10	31.33	73.74	-0.00	0.0660	11.43	503.1	392.52	0.0671	524.2	9.435	17.99	11.11	1.68
	76.08	31.35	73.77	0.00	0.0659	11.42	502.4	391.87	0.0688	540.6	9.730	18.55	11.57	1.68
	77.10	31.32	73.77	-0.00	0.0659	11.40	501.4	391.02	0.0702	556.1	10.010	19.08	12.00	1.68
	78.08	31.33	73.69	0.00	0.0659	11.41	501.9	391.80	0.0683	538.2	9.687	18.49	11.51	1.68
	79.08	31.33	73.77	0.00	0.0659	11.41	501.8	391.38	0.0687	540.7	9.732	18.55	11.58	1.68
	80.17	31.35	73.74	-0.00	0.0658	11.40	501.4	391.23	0.0692	544.4	9.799	18.69	11.68	1.68
	81.09	31.37	73.74	-0.00	0.0658	11.39	501.3	391.18	0.0689	541.6	9.749	18.59	11.60	1.68
	82.09	31.37	73.77	-0.00	0.0658	11.38	500.8	390.60	0.0694	550.3	9.906	18.89	11.85	1.68
	83.09	31.37	73.77	0.00	0.0659	11.39	501.2	390.95	0.0685	540.2	9.724	18.54	11.56	1.68
	84.10	31.37	73.74	-0.00	0.0658	11.39	501.4	391.20	0.0687	539.8	9.716	18.53	11.55	1.68
	85.11	31.37	73.74	-0.00	0.0657	11.37	500.3	390.40	0.0685	540.0	9.719	18.54	11.56	1.68
	86.10	31.35	73.74	0.00	0.0657	11.38	500.5	390.53	0.0690	544.2	9.796	18.68	11.67	1.68
	87.11	31.34	73.74	-0.00	0.0657	11.37	500.2	390.24	0.0693	546.9	9.844	18.77	11.75	1.68
	88.09	31.37	73.77	0.00	0.0656	11.34	499.0	389.22	0.0700	554.7	9.984	19.04	11.96	1.68
	89.09	31.35	73.74	0.00	0.0656	11.34	499.2	389.46	0.0699	556.0	10.008	19.09	12.00	1.68
	90.09	31.37	73.77	-0.00	0.0655	11.33	498.4	388.72	0.0699	555.2	9.994	19.06	11.98	1.68
	91.10	31.35	73.74	-0.00	0.0656	11.32	498.1	388.66	0.0699	555.8	10.004	19.08	11.99	1.68
	92.10	31.35	73.74	0.00	0.0656	11.34	498.9	389.28	0.0702	558.3	10.050	19.17	12.06	1.68
	93.10	31.37	73.72	-0.00	0.0655	11.31	497.6	388.39	0.0724	581.0	10.459	19.95	12.67	1.68
	94.10	31.35	73.77	-0.00	0.0654	11.29	496.9	387.58	0.0723	584.9	10.528	20.07	12.77	1.68
	95.08	31.39	73.74	0.00	0.0654	11.29	496.9	387.74	0.0720	579.2	10.426	19.89	12.62	1.68
	96.10	31.39	73.75	-0.00	0.0654	11.30	497.0	387.82	0.0730	584.0	10.512	20.05	12.75	1.68
	97.09	31.37	73.74	0.00	0.0652	11.27	495.8	386.83	0.0739	601.4	10.825	20.65	13.20	1.68
	98.08	31.37	73.74	0.00	0.0653	11.28	496.1	387.12	0.0725	586.7	10.560	20.14	12.82	1.68
	99.11	31.37	73.77	-0.00	0.0653	11.27	495.9	386.82	0.0720	579.8	10.436	19.90	12.64	1.68
	100.08	31.39	73.74	0.00	0.0653	11.28	496.5	387.44	0.0724	585.4	10.537	20.10	12.79	1.68
	101.09	31.37	73.75	0.00	0.0653	11.28	496.2	387.16	0.0724	583.4	10.501	20.03	12.73	1.68
	102.09	31.39	73.77	0.00	0.0652	11.26	495.3	386.33	0.0736	599.0	10.782	20.56	13.14	1.68
	103.10	31.41	73.77	-0.00	0.0652	11.26	495.4	386.50	0.0730	592.5	10.665	20.34	12.97	1.68
	104.10	31.39	73.74	-0.00	0.0652	11.26	495.2	386.44	0.0727	588.1	10.587	20.19	12.86	1.68
	105.18	31.41	73.74	-0.00	0.0652	11.26	495.3	386.51	0.0727	588.2	10.588	20.20	12.86	1.68
	106.08	31.39	73.72	0.00	0.0652	11.25	494.9	386.28	0.0726	587.4	10.574	20.18	12.84	1.68
	107.08	31.39	73.80	-0.00	0.0651	11.24	494.6	385.65	0.0728	590.1	10.621	20.24	12.91	1.68
	108.08	31.43	73.74	0.00	0.0651	11.22	493.9	385.42	0.0731	592.6	10.666	20.35	12.97	1.68
	109.09	31.43	73.77	0.00	0.0650	11.22	493.8	385.20	0.0732	592.3	10.661	20.33	12.97	1.68
	110.09	31.41	73.74	-0.00	0.0651	11.21	493.4	385.01	0.0738	601.3	10.823	20.65	13.20	1.68
	111.09	31.43	73.74	0.00	0.0650	11.20	492.9	384.66	0.0741	605.4	10.897	20.79	13.30	1.68
	112.07	31.43	73.74	0.00	0.0649	11.19	492.3	384.19	0.0744	607.9	10.942	20.87	13.36	1.68
	113.08	31.43	73.77	-0.00	0.0649	11.18	492.1	383.88	0.0746	611.0	10.999	20.97	13.44	1.68
	114.08	31.45	73.74	0.00	0.0649	11.18	492.0	384.02	0.0746	610.8	10.995	20.98	13.44	1.68
	115.16	31.47	73.77	0.00	0.0649	11.17	491.6	383.57	0.0751	616.3	11.093	21.16	13.58	1.68
	116.11	31.47	73.77	0.00	0.0647	11.15	490.4	382.65	0.0751	616.2	11.092	21.16	13.58	1.68
	117.08	31.43	73.74	0.00	0.0645	11.10	488.4	381.17	0.0752	618.5	11.134	21.24	13.63	1.68
	118.11	31.47	73.74	-0.00	0.0646	11.12	489.2	381.82	0.0753	619.1	11.144	21.26	13.65	1.68
	119.11	31.43	73.77	-0.00	0.0646	11.13	489.7	382.06	0.0752	617.7	11.119	21.20	13.61	1.68
	120.11	31.45	73.77	-0.00	0.0647	11.13	489.8	382.17	0.0751	617.8	11.120	21.21	13.61	1.68
	121.10	31.50	73.74	-0.00	0.0647	11.13	489.8	382.34	0.0757	623.4	11.220	21.41	13.75	1.68
	122.10	31.43	73.77	-0.00	0.0645	11.11	488.7	381.23	0.0772	641.1	11.540	22.01	14.18	1.68
