Jul 23 2015 at 9:25:25
Frequency: 1.00Hz.
CO2
Zero:  Value:0.95  Date:18 Mar 2005	 at 07:22:33	
Span:  Value:1.00  Date:18 Mar 2005	 at 07:25:09	
H2O
Zero:  Value:0.71  Date:18 Mar 2005	 at 07:52:31	
Span:  Value:0.99  Date:18 Mar 2005	 at 11:44:01	
	Relative Time	Temperature	Pressure	Aux Input	CO2 Absorptance	CO2 mmol/m3	CO2 mg/m3	CO2 umol/mol	H2O Absorptance	H2O mmol/m3	H2O g/m3	H2O mmol/mol	H2O(°C)	Cooler Voltage
	0.30	21.52	73.72	0.00	0.0659	11.41	502.0	379.15	0.0784	657.2	11.830	21.84	14.06	1.60
	1.25	21.54	73.77	-0.00	0.0659	11.41	501.9	378.83	0.0785	658.4	11.852	21.87	14.09	1.60
	2.25	21.51	73.72	0.00	0.0658	11.39	501.1	378.46	0.0785	658.3	11.849	21.88	14.08	1.60
	3.26	21.52	73.75	-0.00	0.0659	11.40	501.6	378.68	0.0786	659.8	11.876	21.92	14.12	1.60
	4.32	21.53	73.72	0.00	0.0659	11.42	502.3	379.38	0.0781	654.8	11.786	21.76	14.00	1.60
	5.26	21.55	73.72	-0.00	0.0659	11.41	502.1	379.28	0.0782	653.5	11.763	21.72	13.97	1.60
	6.24	21.59	73.72	0.00	0.0661	11.44	503.4	380.32	0.0774	647.0	11.646	21.51	13.82	1.60
	7.25	21.62	73.72	0.00	0.0664	11.50	506.1	382.36	0.0761	632.1	11.377	21.01	13.46	1.60
	8.24	21.62	73.72	0.00	0.0665	11.55	508.0	383.84	0.0755	621.3	11.183	20.65	13.20	1.60
	9.25	21.60	73.72	-0.00	0.0665	11.54	507.9	383.73	0.0757	624.8	11.247	20.77	13.28	1.60
	10.23	21.62	73.72	0.00	0.0665	11.54	508.0	383.79	0.0757	625.1	11.252	20.78	13.29	1.60
	11.25	21.62	73.72	0.00	0.0667	11.58	509.5	384.95	0.0742	612.3	11.021	20.35	12.97	1.60
	12.25	21.62	73.72	-0.00	0.0667	11.59	509.8	385.17	0.0734	597.1	10.748	19.85	12.59	1.60
	13.26	21.62	73.72	-0.00	0.0667	11.58	509.3	384.81	0.0739	600.0	10.801	19.95	12.66	1.60
	14.30	21.60	73.69	0.00	0.0662	11.48	505.0	381.68	0.0766	633.9	11.411	21.08	13.51	1.60
	15.26	21.59	73.72	-0.00	0.0660	11.44	503.2	380.19	0.0772	643.6	11.585	21.39	13.74	1.60
	16.24	21.59	73.72	-0.00	0.0660	11.43	502.7	379.81	0.0777	647.4	11.653	21.52	13.83	1.60
	17.25	21.58	73.74	-0.00	0.0658	11.39	501.3	378.57	0.0783	655.3	11.795	21.77	14.01	1.60
	18.31	21.59	73.72	-0.00	0.0659	11.40	501.5	378.85	0.0781	654.4	11.780	21.75	13.99	1.60
	19.23	21.61	73.74	0.00	0.0658	11.40	501.4	378.72	0.0783	657.2	11.830	21.84	14.06	1.60
	20.23	21.59	73.72	-0.00	0.0659	11.40	501.6	378.93	0.0781	656.5	11.816	21.82	14.04	1.60
	21.25	21.59	73.72	-0.00	0.0659	11.42	502.4	379.58	0.0770	640.5	11.528	21.29	13.66	1.60
	22.25	21.59	73.74	-0.00	0.0662	11.48	505.0	381.35	0.0758	626.7	11.281	20.83	13.33	1.60
	23.24	21.57	73.72	0.00	0.0663	11.50	505.8	382.13	0.0758	624.7	11.244	20.76	13.28	1.60
	24.24	21.57	73.72	-0.00	0.0662	11.46	504.1	380.84	0.0767	639.5	11.511	21.26	13.64	1.60
	25.24	21.57	73.72	0.00	0.0662	11.48	505.1	381.59	0.0762	631.9	11.375	21.00	13.46	1.60
	26.24	21.59	73.75	-0.00	0.0663	11.51	506.2	382.30	0.0764	631.9	11.375	21.00	13.46	1.60
	27.24	21.55	73.72	-0.00	0.0663	11.50	506.1	382.27	0.0766	634.0	11.413	21.07	13.50	1.60
	28.24	21.57	73.74	-0.00	0.0663	11.50	506.0	382.12	0.0762	630.8	11.354	20.96	13.43	1.60
	29.25	21.58	73.72	-0.00	0.0664	11.51	506.5	382.65	0.0756	625.6	11.261	20.79	13.30	1.60
	30.30	21.61	73.72	0.00	0.0665	11.54	507.8	383.63	0.0755	621.1	11.181	20.65	13.19	1.60
	31.25	21.55	73.72	0.00	0.0664	11.52	507.0	382.96	0.0764	630.6	11.350	20.96	13.42	1.60
	32.32	21.58	73.69	-0.00	0.0663	11.49	505.7	382.14	0.0770	640.7	11.532	21.30	13.67	1.60
	33.24	21.58	73.72	0.00	0.0663	11.49	505.5	381.89	0.0766	637.2	11.470	21.18	13.58	1.60
	34.24	21.58	73.72	0.00	0.0664	11.53	507.1	383.12	0.0757	624.7	11.244	20.76	13.28	1.60
	35.26	21.60	73.72	-0.00	0.0665	11.54	507.6	383.52	0.0754	621.5	11.187	20.66	13.20	1.60
	36.24	21.59	73.72	0.00	0.0665	11.55	508.1	383.89	0.0755	621.6	11.188	20.66	13.20	1.60
	37.25	21.58	73.72	-0.00	0.0665	11.54	507.7	383.55	0.0758	624.9	11.249	20.77	13.28	1.60
	38.24	21.60	73.72	0.00	0.0666	11.56	508.6	384.28	0.0756	624.2	11.235	20.75	13.27	1.60
	39.25	21.60	73.72	0.00	0.0666	11.56	508.8	384.42	0.0756	622.7	11.209	20.70	13.23	1.60
	40.25	21.60	73.72	0.00	0.0666	11.57	508.9	384.51	0.0756	623.3	11.219	20.72	13.25	1.60
	41.26	21.59	73.72	-0.00	0.0667	11.58	509.7	385.02	0.0755	621.6	11.188	20.66	13.20	1.60
	42.24	21.62	73.72	-0.00	0.0666	11.57	509.3	384.80	0.0752	618.5	11.132	20.56	13.13	1.60
	43.24	21.62	73.72	0.00	0.0666	11.57	509.1	384.62	0.0750	616.2	11.092	20.49	13.07	1.60
	44.24	21.62	73.72	-0.00	0.0667	11.58	509.6	385.03	0.0752	617.6	11.116	20.53	13.10	1.60
	45.24	21.62	73.74	0.00	0.0667	11.57	509.3	384.66	0.0751	617.2	11.109	20.51	13.10	1.60
	46.24	21.62	73.72	-0.00	0.0667	11.58	509.6	385.01	0.0750	615.2	11.074	20.45	13.05	1.60
	47.24	21.60	73.69	0.00	0.0667	11.58	509.7	385.19	0.0749	613.7	11.047	20.41	13.01	1.60
	48.23	21.64	73.72	0.00	0.0667	11.59	509.9	385.26	0.0743	609.9	10.979	20.28	12.92	1.60
	49.23	21.64	73.72	0.00	0.0668	11.60	510.3	385.60	0.0744	608.5	10.952	20.23	12.88	1.60
	50.25	21.64	73.72	-0.00	0.0669	11.62	511.3	386.37	0.0744	609.2	10.966	20.25	12.90	1.60
	51.23	21.64	73.72	0.00	0.0669	11.63	511.8	386.69	0.0742	607.1	10.927	20.18	12.84	1.60
	52.23	21.65	73.75	0.00	0.0669	11.63	511.9	386.68	0.0738	601.9	10.835	20.01	12.71	1.60
	53.24	21.64	73.72	-0.00	0.0670	11.64	512.3	387.10	0.0740	602.4	10.844	20.03	12.73	1.60
	54.23	21.66	73.75	0.00	0.0669	11.64	512.4	387.03	0.0744	609.0	10.962	20.24	12.89	1.60
	55.32	21.66	73.74	-0.00	0.0670	11.65	512.6	387.23	0.0743	607.5	10.935	20.19	12.86	1.60
	56.24	21.66	73.72	-0.00	0.0671	11.66	513.2	387.79	0.0743	607.9	10.942	20.21	12.87	1.60
	57.25	21.66	73.75	-0.00	0.0671	11.67	513.7	388.01	0.0744	608.4	10.952	20.22	12.88	1.60
	58.23	21.64	73.72	-0.00	0.0670	11.67	513.4	387.90	0.0743	607.2	10.930	20.19	12.85	1.60
	59.23	21.67	73.72	0.00	0.0670	11.64	512.2	387.09	0.0741	604.5	10.880	20.10	12.78	1.60
	60.23	21.67	73.72	0.00	0.0669	11.64	512.1	386.97	0.0740	604.5	10.880	20.10	12.78	1.60
	61.23	21.67	73.72	0.00	0.0669	11.63	511.7	386.70	0.0743	606.9	10.924	20.18	12.84	1.60
	62.24	21.67	73.75	0.00	0.0669	11.63	511.5	386.41	0.0744	608.7	10.956	20.23	12.89	1.60
	63.24	21.69	73.72	0.00	0.0669	11.63	511.9	386.84	0.0744	608.6	10.955	20.24	12.88	1.60
	64.26	21.69	73.72	-0.00	0.0669	11.63	511.9	386.85	0.0744	607.7	10.938	20.21	12.86	1.60
	65.25	21.71	73.74	-0.00	0.0668	11.62	511.3	386.32	0.0741	605.1	10.891	20.11	12.80	1.60
	66.24	21.70	73.72	0.00	0.0669	11.63	511.8	386.82	0.0742	606.3	10.914	20.16	12.83	1.60
	67.25	21.70	73.74	-0.00	0.0670	11.66	513.1	387.61	0.0743	607.4	10.934	20.19	12.86	1.60
	68.25	21.72	73.72	-0.00	0.0670	11.66	513.2	387.85	0.0743	607.4	10.934	20.20	12.86	1.60
	69.25	21.72	73.72	0.00	0.0670	11.65	512.5	387.39	0.0742	606.0	10.908	20.15	12.82	1.60
	70.23	21.72	73.69	0.00	0.0670	11.66	513.0	387.85	0.0743	607.2	10.929	20.20	12.85	1.60
	71.25	21.74	73.72	0.00	0.0670	11.66	513.0	387.76	0.0742	607.1	10.927	20.19	12.85	1.60
	72.24	21.74	73.74	-0.00	0.0670	11.66	513.2	387.80	0.0744	608.2	10.948	20.22	12.88	1.60
	73.24	21.74	73.72	-0.00	0.0671	11.67	513.6	388.21	0.0744	608.1	10.946	20.22	12.88	1.60
	74.22	21.74	73.72	0.00	0.0671	11.67	513.6	388.24	0.0744	608.2	10.948	20.23	12.88	1.60
	75.24	21.74	73.72	0.00	0.0671	11.67	513.6	388.20	0.0743	607.2	10.930	20.20	12.85	1.60
	76.24	21.76	73.72	0.00	0.0671	11.67	513.4	388.09	0.0743	606.8	10.923	20.18	12.84	1.60
	77.24	21.77	73.75	0.00	0.0671	11.68	513.8	388.30	0.0743	608.1	10.945	20.22	12.88	1.60
	78.25	21.77	73.72	-0.00	0.0671	11.68	513.9	388.44	0.0744	608.3	10.949	20.23	12.88	1.60
	79.23	21.77	73.72	0.00	0.0671	11.66	513.2	387.92	0.0742	606.9	10.924	20.19	12.85	1.60
	80.25	21.77	73.72	-0.00	0.0670	11.67	513.3	388.04	0.0742	606.4	10.915	20.17	12.83	1.60
	81.23	21.76	73.72	0.00	0.0671	11.67	513.6	388.22	0.0743	606.6	10.920	20.18	12.84	1.60
	82.24	21.76	73.72	-0.00	0.0671	11.69	514.2	388.66	0.0743	607.7	10.939	20.21	12.87	1.61
	83.24	21.76	73.72	-0.00	0.0671	11.67	513.7	388.30	0.0742	606.7	10.921	20.18	12.84	1.60
	84.24	21.76	73.72	-0.00	0.0671	11.68	514.0	388.52	0.0743	607.1	10.928	20.19	12.85	1.60
	85.32	21.77	73.72	-0.00	0.0671	11.69	514.2	388.74	0.0743	607.7	10.938	20.21	12.87	1.60
	86.22	21.77	73.75	0.00	0.0672	11.69	514.5	388.76	0.0743	607.7	10.939	20.21	12.87	1.60
	87.25	21.77	73.72	-0.00	0.0671	11.68	514.1	388.63	0.0742	606.8	10.922	20.18	12.84	1.60
	88.23	21.79	73.72	0.00	0.0671	11.67	513.6	388.25	0.0742	606.1	10.911	20.16	12.83	1.61
	89.25	21.77	73.72	-0.00	0.0671	11.67	513.7	388.32	0.0742	606.3	10.914	20.17	12.83	1.60
	90.23	21.77	73.74	0.00	0.0672	11.69	514.3	388.62	0.0743	606.6	10.919	20.17	12.84	1.60
	91.23	21.79	73.72	0.00	0.0672	11.69	514.6	389.01	0.0743	607.0	10.926	20.19	12.85	1.60
	92.23	21.79	73.72	-0.00	0.0672	11.70	514.6	389.04	0.0743	607.0	10.926	20.19	12.85	1.60
	93.23	21.79	73.72	0.00	0.0672	11.70	514.8	389.21	0.0743	607.2	10.929	20.20	12.85	1.60
	94.24	21.81	73.72	-0.00	0.0672	11.69	514.5	388.98	0.0742	606.9	10.925	20.19	12.85	1.61
	95.25	21.79	73.72	-0.00	0.0672	11.69	514.6	389.01	0.0742	607.1	10.927	20.19	12.85	1.60
	96.25	21.81	73.72	-0.00	0.0672	11.69	514.3	388.79	0.0743	607.2	10.930	20.20	12.86	1.60
	97.25	21.82	73.72	-0.00	0.0672	11.69	514.6	389.05	0.0744	608.0	10.943	20.22	12.88	1.60
	98.25	21.83	73.72	-0.00	0.0672	11.71	515.2	389.57	0.0744	608.3	10.950	20.24	12.89	1.60
	99.25	21.84	73.72	0.00	0.0673	11.71	515.2	389.57	0.0743	607.6	10.938	20.22	12.87	1.60
	100.23	21.83	73.72	0.00	0.0672	11.71	515.3	389.60	0.0743	607.5	10.936	20.21	12.87	1.61
	101.24	21.82	73.74	0.00	0.0673	11.72	515.8	389.87	0.0744	608.7	10.957	20.24	12.89	1.60
	102.24	21.83	73.72	-0.00	0.0673	11.73	516.1	390.21	0.0744	608.9	10.960	20.26	12.90	1.60
	103.24	21.83	73.74	0.00	0.0673	11.73	516.1	390.11	0.0745	609.1	10.965	20.26	12.91	1.60
	104.24	21.83	73.72	-0.00	0.0673	11.73	516.1	390.24	0.0746	609.7	10.974	20.28	12.92	1.60
	105.25	21.83	73.74	-0.00	0.0674	11.74	516.5	390.38	0.0745	610.1	10.982	20.29	12.93	1.60
	106.24	21.83	73.72	0.00	0.0674	11.75	516.9	390.84	0.0746	611.3	11.003	20.34	12.96	1.61
	107.23	21.82	73.72	0.00	0.0674	11.75	516.8	390.74	0.0746	610.7	10.993	20.32	12.94	1.60
	108.33	21.83	73.72	-0.00	0.0674	11.74	516.5	390.49	0.0745	609.9	10.978	20.29	12.92	1.60
	109.23	21.84	73.74	0.00	0.0674	11.74	516.3	390.28	0.0745	609.4	10.969	20.27	12.91	1.60
	110.25	21.84	73.72	-0.00	0.0673	11.72	515.7	389.94	0.0744	608.8	10.958	20.25	12.90	1.60
	111.24	21.86	73.72	-0.00	0.0673	11.72	515.9	390.07	0.0744	609.3	10.967	20.27	12.91	1.61
	112.24	21.84	73.72	-0.00	0.0674	11.74	516.5	390.55	0.0745	610.6	10.991	20.31	12.94	1.61
	113.24	21.84	73.72	0.00	0.0673	11.73	516.1	390.20	0.0745	610.2	10.984	20.30	12.93	1.61
	114.22	21.86	73.72	0.00	0.0673	11.73	516.0	390.17	0.0745	610.0	10.981	20.30	12.93	1.60
	115.24	21.86	73.72	0.00	0.0673	11.73	516.3	390.39	0.0746	610.8	10.994	20.32	12.95	1.60
	116.24	21.86	73.69	-0.00	0.0674	11.74	516.5	390.69	0.0747	610.7	10.993	20.33	12.95	1.60
	117.25	21.88	73.72	-0.00	0.0674	11.75	517.1	391.03	0.0746	612.0	11.016	20.36	12.98	1.61
	118.23	21.86	73.72	-0.00	0.0674	11.74	516.7	390.73	0.0746	612.3	11.021	20.37	12.99	1.61
	119.25	21.88	73.72	-0.00	0.0674	11.73	516.3	390.45	0.0747	611.9	11.015	20.36	12.98	1.60
	120.23	21.89	73.74	-0.00	0.0673	11.73	516.2	390.25	0.0747	611.6	11.009	20.34	12.97	1.60
	121.23	21.89	73.72	0.00	0.0674	11.74	516.7	390.77	0.0747	612.4	11.023	20.38	12.99	1.60
