Jul 23 2015 at 11:54:52
Frequency: 1.00Hz.
CO2
Zero:  Value:0.95  Date:18 Mar 2005	 at 07:22:33	
Span:  Value:1.00  Date:18 Mar 2005	 at 07:25:09	
H2O
Zero:  Value:0.71  Date:18 Mar 2005	 at 07:52:31	
Span:  Value:0.99  Date:18 Mar 2005	 at 11:44:01	
	Relative Time	Temperature	Pressure	Aux Input	CO2 Absorptance	CO2 mmol/m3	CO2 mg/m3	CO2 umol/mol	H2O Absorptance	H2O mmol/m3	H2O g/m3	H2O mmol/mol	H2O(°C)	Cooler Voltage
	0.11	34.53	73.80	0.00	0.0685	12.01	528.4	416.29	0.0595	437.0	7.865	15.15	8.55	1.80
	1.12	34.60	73.77	-0.00	0.0682	11.93	525.0	413.87	0.0602	447.8	8.061	15.53	8.92	1.80
	2.12	34.56	73.80	-0.00	0.0682	11.92	524.5	413.25	0.0603	450.2	8.103	15.61	8.99	1.80
	3.20	34.58	73.80	-0.00	0.0685	12.00	528.0	416.01	0.0606	451.1	8.119	15.64	9.02	1.80
	4.10	34.61	73.77	0.00	0.0687	12.04	529.7	417.59	0.0613	457.6	8.237	15.87	9.24	1.80
	5.12	34.58	73.80	0.00	0.0686	12.01	528.6	416.50	0.0611	458.9	8.261	15.91	9.28	1.80
	6.10	34.60	73.77	0.00	0.0690	12.13	533.7	420.72	0.0604	451.4	8.125	15.66	9.03	1.80
	7.11	34.58	73.82	-0.00	0.0694	12.15	534.6	421.09	0.0604	450.4	8.106	15.61	9.00	1.80
	8.13	34.59	73.80	-0.00	0.0691	12.12	533.4	420.31	0.0606	454.6	8.182	15.76	9.14	1.80
	9.19	34.56	73.80	0.00	0.0690	12.11	532.7	419.73	0.0611	459.4	8.270	15.93	9.29	1.80
	10.12	34.51	73.80	0.00	0.0690	12.10	532.5	419.50	0.0609	455.7	8.203	15.80	9.17	1.80
	11.12	34.54	73.77	-0.00	0.0689	12.08	531.6	418.96	0.0608	456.3	8.213	15.82	9.19	1.80
	12.12	34.53	73.80	0.00	0.0690	12.10	532.2	419.27	0.0608	454.3	8.178	15.75	9.13	1.80
	13.12	34.54	73.77	0.00	0.0690	12.09	532.1	419.38	0.0610	456.2	8.212	15.82	9.19	1.80
	14.12	34.53	73.77	0.00	0.0689	12.10	532.2	419.45	0.0610	457.8	8.240	15.87	9.24	1.80
	15.20	34.55	73.77	0.00	0.0687	12.06	530.7	418.22	0.0615	461.7	8.311	16.01	9.37	1.80
	16.11	34.56	73.77	0.00	0.0686	12.01	528.3	416.41	0.0609	455.2	8.194	15.79	9.16	1.80
	17.13	34.56	73.77	-0.00	0.0686	12.03	529.3	417.20	0.0613	460.0	8.280	15.95	9.31	1.80
	18.13	34.59	73.77	0.00	0.0688	12.05	530.4	418.08	0.0615	463.1	8.336	16.06	9.41	1.80
	19.13	34.61	73.72	-0.00	0.0687	12.04	529.6	417.74	0.0620	465.5	8.378	16.16	9.49	1.80
	20.12	34.61	73.77	0.00	0.0681	11.91	524.2	413.23	0.0627	475.2	8.553	16.48	9.80	1.80
	21.11	34.61	73.77	0.00	0.0681	11.91	523.9	413.00	0.0627	475.3	8.555	16.48	9.80	1.80
	22.14	34.60	73.77	-0.00	0.0683	11.96	526.1	414.70	0.0619	468.4	8.432	16.25	9.58	1.80
	23.10	34.55	73.80	0.00	0.0683	11.95	525.6	414.13	0.0618	465.9	8.386	16.15	9.50	1.80
	24.12	34.59	73.80	0.00	0.0682	11.93	524.9	413.64	0.0618	465.7	8.383	16.15	9.50	1.80
	25.13	34.63	73.80	-0.00	0.0682	11.94	525.2	413.92	0.0625	468.9	8.441	16.26	9.60	1.80
	26.11	34.63	73.77	-0.00	0.0682	11.92	524.3	413.36	0.0623	472.2	8.500	16.38	9.70	1.80
	27.13	34.65	73.77	-0.00	0.0684	11.95	525.9	414.64	0.0633	481.2	8.662	16.69	9.99	1.80
	28.11	34.62	73.77	0.00	0.0683	11.95	526.0	414.63	0.0649	498.6	8.974	17.29	10.52	1.80
	29.13	34.65	73.75	0.00	0.0683	11.94	525.5	414.47	0.0651	501.0	9.019	17.39	10.59	1.80
	30.12	34.64	73.77	-0.00	0.0683	11.93	525.1	414.01	0.0649	492.4	8.863	17.08	10.33	1.80
	31.12	34.67	73.77	-0.00	0.0682	11.94	525.3	414.17	0.0636	484.6	8.723	16.81	10.09	1.81
	32.12	34.69	73.77	-0.00	0.0682	11.92	524.5	413.60	0.0647	490.8	8.835	17.03	10.29	1.80
	33.10	34.66	73.74	0.00	0.0681	11.92	524.5	413.68	0.0648	497.1	8.948	17.25	10.47	1.80
	34.12	34.69	73.77	0.00	0.0682	11.91	524.1	413.27	0.0657	507.2	9.129	17.60	10.78	1.80
	35.12	34.69	73.77	-0.00	0.0681	11.92	524.6	413.64	0.0652	503.3	9.059	17.46	10.66	1.80
	36.12	34.68	73.80	-0.00	0.0682	11.92	524.5	413.43	0.0651	499.1	8.984	17.31	10.53	1.80
	37.11	34.71	73.75	0.00	0.0682	11.92	524.6	413.84	0.0652	500.2	9.003	17.36	10.57	1.80
	38.10	34.68	73.77	0.00	0.0681	11.92	524.4	413.47	0.0661	509.9	9.178	17.69	10.86	1.80
	39.13	34.64	73.80	-0.00	0.0681	11.92	524.6	413.42	0.0667	518.6	9.335	17.98	11.11	1.80
	40.12	34.65	73.75	-0.00	0.0682	11.90	523.6	412.93	0.0665	517.2	9.310	17.95	11.07	1.80
	41.14	34.71	73.77	-0.00	0.0681	11.91	523.9	413.14	0.0664	514.7	9.264	17.86	11.00	1.80
	42.12	34.68	73.74	0.00	0.0680	11.89	523.3	412.76	0.0659	509.9	9.177	17.69	10.86	1.80
	43.12	34.71	73.77	0.00	0.0681	11.90	523.7	412.99	0.0665	516.9	9.305	17.94	11.06	1.81
	44.13	34.68	73.74	0.00	0.0681	11.89	522.9	412.48	0.0662	516.7	9.301	17.93	11.06	1.80
	45.12	34.65	73.77	0.00	0.0680	11.87	522.3	411.80	0.0662	511.5	9.207	17.74	10.90	1.80
	46.13	34.74	73.77	-0.00	0.0680	11.88	522.8	412.25	0.0679	529.0	9.522	18.36	11.41	1.80
	47.13	34.71	73.72	0.00	0.0680	11.88	522.7	412.43	0.0673	527.1	9.487	18.30	11.36	1.80
	48.13	34.68	73.80	0.00	0.0679	11.86	522.0	411.42	0.0672	525.2	9.454	18.22	11.30	1.81
	49.14	34.74	73.77	-0.00	0.0678	11.83	520.3	410.34	0.0682	534.8	9.627	18.56	11.58	1.80
	50.11	34.73	73.72	0.00	0.0679	11.86	521.6	411.64	0.0680	533.8	9.609	18.54	11.55	1.80
	51.12	34.71	73.77	0.00	0.0680	11.87	522.2	411.77	0.0672	527.5	9.495	18.30	11.37	1.80
	52.14	34.78	73.77	-0.00	0.0679	11.85	521.3	411.17	0.0674	529.1	9.524	18.36	11.42	1.80
	53.12	34.76	73.74	0.00	0.0680	11.86	522.0	411.86	0.0678	534.2	9.616	18.54	11.56	1.80
	54.13	34.73	73.80	-0.00	0.0679	11.86	521.8	411.31	0.0683	536.1	9.649	18.59	11.61	1.81
	55.12	34.76	73.80	-0.00	0.0680	11.86	522.0	411.55	0.0683	538.0	9.684	18.66	11.67	1.81
	56.11	34.75	73.79	0.00	0.0679	11.85	521.6	411.22	0.0680	534.8	9.627	18.55	11.58	1.80
	57.19	34.77	73.80	0.00	0.0678	11.84	521.0	410.75	0.0679	532.2	9.580	18.46	11.51	1.80
	58.13	34.73	73.77	-0.00	0.0679	11.85	521.3	411.14	0.0686	540.0	9.720	18.74	11.72	1.80
	59.12	34.79	73.77	-0.00	0.0678	11.83	520.5	410.52	0.0688	543.4	9.781	18.86	11.82	1.80
	60.12	34.78	73.80	-0.00	0.0676	11.82	519.9	409.92	0.0688	543.8	9.788	18.86	11.83	1.81
	61.18	34.72	73.74	0.00	0.0676	11.80	519.2	409.55	0.0694	547.8	9.860	19.01	11.94	1.81
	62.10	34.75	73.72	0.00	0.0676	11.77	517.9	408.71	0.0694	553.0	9.953	19.20	12.09	1.80
	63.10	34.78	73.80	0.00	0.0677	11.80	519.0	409.23	0.0705	560.6	10.090	19.45	12.29	1.80
	64.12	34.78	73.77	0.00	0.0677	11.82	520.2	410.30	0.0704	560.1	10.082	19.44	12.28	1.80
	65.10	34.78	73.80	0.00	0.0676	11.80	519.4	409.53	0.0703	560.8	10.095	19.46	12.30	1.80
	66.13	34.77	73.80	-0.00	0.0676	11.78	518.2	408.58	0.0701	560.8	10.095	19.46	12.30	1.81
	67.10	34.77	73.77	0.00	0.0676	11.77	517.9	408.47	0.0704	558.0	10.043	19.36	12.22	1.81
	68.13	34.72	73.77	0.00	0.0676	11.78	518.1	408.59	0.0705	559.1	10.064	19.40	12.25	1.80
	69.12	34.80	73.77	-0.00	0.0676	11.77	518.0	408.57	0.0695	552.0	9.936	19.16	12.06	1.81
	70.12	34.76	73.77	0.00	0.0676	11.79	518.5	408.97	0.0701	561.3	10.103	19.48	12.31	1.80
	71.12	34.81	73.77	0.00	0.0677	11.80	519.4	409.71	0.0702	558.1	10.046	19.37	12.23	1.81
	72.12	34.77	73.77	0.00	0.0677	11.81	519.7	409.92	0.0702	559.4	10.070	19.41	12.26	1.81
	73.12	34.79	73.77	-0.00	0.0677	11.80	519.4	409.67	0.0700	556.2	10.011	19.30	12.18	1.80
	74.12	34.84	73.77	0.00	0.0675	11.78	518.2	408.77	0.0722	583.8	10.508	20.26	12.92	1.80
	75.13	34.82	73.77	0.00	0.0676	11.78	518.2	408.76	0.0716	576.3	10.374	20.00	12.72	1.81
	76.11	34.80	73.77	0.00	0.0677	11.80	519.1	409.44	0.0716	577.5	10.394	20.04	12.75	1.81
	77.13	34.80	73.82	-0.00	0.0676	11.79	518.9	408.99	0.0713	573.7	10.326	19.90	12.65	1.81
	78.11	34.77	73.77	0.00	0.0677	11.80	519.2	409.46	0.0712	569.8	10.257	19.77	12.54	1.81
	79.11	34.77	73.80	0.00	0.0676	11.79	519.0	409.17	0.0717	574.5	10.340	19.93	12.67	1.81
	80.14	34.82	73.77	-0.00	0.0675	11.78	518.1	408.72	0.0725	588.7	10.596	20.43	13.04	1.81
	81.12	34.77	73.77	-0.00	0.0675	11.76	517.4	408.10	0.0722	580.4	10.447	20.14	12.82	1.81
	82.12	34.79	73.77	0.00	0.0674	11.75	517.1	407.86	0.0722	578.4	10.411	20.07	12.77	1.81
	83.12	34.84	73.77	-0.00	0.0675	11.76	517.3	408.09	0.0725	584.9	10.528	20.30	12.95	1.81
	84.12	34.82	73.77	0.00	0.0675	11.75	517.0	407.84	0.0722	580.2	10.444	20.14	12.82	1.81
	85.15	34.82	73.77	0.00	0.0676	11.78	518.4	408.94	0.0731	592.5	10.665	20.56	13.14	1.81
	86.13	34.80	73.80	-0.00	0.0676	11.79	518.7	409.01	0.0726	588.6	10.595	20.42	13.04	1.81
	87.11	34.82	73.74	0.00	0.0676	11.77	518.0	408.73	0.0733	593.4	10.682	20.60	13.17	1.81
	88.11	34.81	73.77	0.00	0.0675	11.76	517.4	408.14	0.0732	594.4	10.699	20.63	13.19	1.81
	89.14	34.81	73.80	0.00	0.0674	11.72	515.5	406.52	0.0730	593.5	10.683	20.59	13.17	1.81
	90.12	34.77	73.77	-0.00	0.0675	11.75	517.2	407.89	0.0732	594.3	10.697	20.62	13.18	1.81
	91.12	34.79	73.80	-0.00	0.0674	11.73	516.1	406.90	0.0733	594.6	10.703	20.63	13.19	1.81
	92.10	34.79	73.80	0.00	0.0674	11.73	516.1	406.92	0.0733	596.7	10.741	20.70	13.25	1.81
	93.13	34.79	73.80	-0.00	0.0674	11.75	517.0	407.66	0.0739	601.7	10.830	20.87	13.38	1.81
	94.12	34.76	73.80	-0.00	0.0675	11.76	517.6	408.08	0.0742	605.6	10.901	21.01	13.47	1.81
	95.13	34.80	73.80	0.00	0.0675	11.76	517.4	407.99	0.0742	602.4	10.844	20.90	13.40	1.81
	96.13	34.80	73.74	-0.00	0.0675	11.77	517.7	408.50	0.0739	604.5	10.881	20.99	13.45	1.81
	97.13	34.79	73.77	0.00	0.0675	11.77	517.8	408.38	0.0741	604.8	10.886	20.99	13.45	1.81
	98.11	34.82	73.77	0.00	0.0675	11.77	517.8	408.45	0.0742	605.4	10.897	21.01	13.47	1.81
	99.23	34.80	73.80	0.00	0.0675	11.76	517.6	408.13	0.0742	604.5	10.881	20.97	13.45	1.81
	100.12	34.80	73.80	-0.00	0.0675	11.76	517.4	408.00	0.0740	604.0	10.872	20.96	13.44	1.81
	101.12	34.80	73.80	0.00	0.0675	11.76	517.6	408.13	0.0745	604.1	10.874	20.96	13.44	1.81
	102.12	34.74	73.77	0.00	0.0674	11.76	517.6	408.23	0.0739	605.4	10.897	21.01	13.47	1.81
	103.12	34.79	73.77	0.00	0.0673	11.73	516.0	406.98	0.0741	605.6	10.901	21.02	13.48	1.81
	104.13	34.75	73.77	-0.00	0.0673	11.72	515.8	406.76	0.0752	618.2	11.128	21.45	13.79	1.81
	105.13	34.73	73.74	-0.00	0.0673	11.72	515.9	406.95	0.0742	607.6	10.937	21.09	13.52	1.81
	106.13	34.77	73.82	-0.00	0.0673	11.72	515.5	406.31	0.0743	607.0	10.926	21.05	13.51	1.81
	107.11	34.77	73.77	0.00	0.0673	11.72	515.8	406.84	0.0746	609.4	10.969	21.15	13.57	1.81
	108.11	34.77	73.77	0.00	0.0673	11.72	515.8	406.81	0.0755	618.3	11.130	21.46	13.79	1.81
	109.14	34.80	73.74	-0.00	0.0673	11.72	515.6	406.86	0.0754	622.0	11.195	21.59	13.89	1.81
	110.11	34.77	73.77	0.00	0.0674	11.73	516.3	407.20	0.0755	623.2	11.218	21.63	13.92	1.81
	111.12	34.80	73.74	0.00	0.0674	11.75	516.8	407.78	0.0762	629.8	11.337	21.87	14.08	1.81
	112.10	34.79	73.74	0.00	0.0675	11.75	516.9	407.88	0.0758	628.0	11.304	21.80	14.03	1.81
	113.12	34.82	73.80	0.00	0.0674	11.75	517.0	407.72	0.0759	625.8	11.265	21.71	13.98	1.81
	114.11	34.82	73.77	-0.00	0.0675	11.77	517.7	408.37	0.0760	628.2	11.308	21.80	14.04	1.81
	115.11	34.79	73.74	0.00	0.0675	11.76	517.2	408.12	0.0758	624.1	11.234	21.67	13.94	1.81
	116.13	34.80	73.77	-0.00	0.0674	11.74	516.5	407.39	0.0757	622.7	11.209	21.61	13.90	1.81
	117.11	34.81	73.77	-0.00	0.0673	11.73	516.1	407.09	0.0753	619.9	11.158	21.52	13.84	1.81
	118.11	34.82	73.77	0.00	0.0673	11.72	515.5	406.66	0.0756	626.3	11.273	21.74	13.99	1.81
	119.11	34.77	73.77	-0.00	0.0673	11.71	515.4	406.48	0.0767	633.2	11.397	21.97	14.16	1.81
	120.12	34.79	73.80	-0.00	0.0673	11.71	515.2	406.24	0.0763	631.4	11.364	21.90	14.12	1.81
	121.12	34.77	73.74	-0.00	0.0672	11.70	514.7	406.10	0.0755	622.3	11.202	21.60	13.89	1.81
	122.12	34.77	73.77	0.00	0.0673	11.72	515.7	406.75	0.0759	625.7	11.263	21.71	13.98	1.81
	123.12	34.77	73.77	0.00	0.0674	11.73	516.2	407.11	0.0769	639.3	11.507	22.18	14.31	1.81
	124.11	34.77	73.77	0.00	0.0673	11.72	515.5	406.55	0.0769	643.3	11.580	22.33	14.41	1.81
