Jul 23 2015 at 10:32:29
Frequency: 1.00Hz.
CO2
Zero:  Value:0.95  Date:18 Mar 2005	 at 07:22:33	
Span:  Value:1.00  Date:18 Mar 2005	 at 07:25:09	
H2O
Zero:  Value:0.71  Date:18 Mar 2005	 at 07:52:31	
Span:  Value:0.99  Date:18 Mar 2005	 at 11:44:01	
	Relative Time	Temperature	Pressure	Aux Input	CO2 Absorptance	CO2 mmol/m3	CO2 mg/m3	CO2 umol/mol	H2O Absorptance	H2O mmol/m3	H2O g/m3	H2O mmol/mol	H2O(°C)	Cooler Voltage
	0.08	31.65	73.77	0.00	0.0688	12.05	530.1	413.88	0.0602	446.7	8.041	15.35	8.74	1.70
	1.08	31.65	73.77	-0.00	0.0688	12.07	531.1	414.63	0.0607	453.7	8.166	15.58	8.97	1.70
	2.08	31.67	73.74	0.00	0.0689	12.08	531.7	415.24	0.0607	454.5	8.181	15.62	8.99	1.70
	3.07	31.70	73.77	0.00	0.0687	12.04	529.8	413.68	0.0605	451.3	8.124	15.51	8.89	1.70
	4.09	31.64	73.75	-0.00	0.0686	12.00	527.9	412.27	0.0603	448.8	8.078	15.42	8.80	1.70
	5.07	31.67	73.77	0.00	0.0686	12.01	528.3	412.45	0.0610	456.0	8.208	15.67	9.04	1.70
	6.15	31.67	73.74	0.00	0.0685	12.00	528.1	412.45	0.0610	457.8	8.240	15.73	9.10	1.70
	7.07	31.64	73.74	0.00	0.0685	12.00	528.2	412.49	0.0613	459.2	8.266	15.78	9.14	1.70
	8.06	31.67	73.77	-0.00	0.0685	12.01	528.4	412.51	0.0612	457.9	8.241	15.73	9.10	1.70
	9.08	31.63	73.77	-0.00	0.0684	11.97	526.9	411.32	0.0616	464.8	8.367	15.97	9.32	1.70
	10.06	31.65	73.75	0.00	0.0684	11.96	526.3	411.04	0.0621	469.0	8.443	16.12	9.46	1.69
	11.06	31.65	73.74	0.00	0.0682	11.92	524.6	409.69	0.0623	473.7	8.527	16.28	9.61	1.70
	12.09	31.65	73.74	-0.00	0.0682	11.93	524.8	409.88	0.0622	471.2	8.482	16.19	9.53	1.70
	13.06	31.72	73.77	0.00	0.0683	11.95	525.9	410.65	0.0615	462.3	8.321	15.88	9.25	1.70
	14.05	31.67	73.74	0.00	0.0681	11.94	525.4	410.35	0.0625	465.4	8.377	15.99	9.34	1.69
	15.07	31.67	73.74	-0.00	0.0681	11.93	524.7	409.83	0.0631	473.3	8.519	16.26	9.59	1.70
	16.07	31.75	73.74	-0.00	0.0682	11.91	523.9	409.31	0.0629	476.2	8.572	16.37	9.69	1.69
	17.14	31.65	73.74	-0.00	0.0682	11.93	525.1	410.10	0.0627	475.7	8.562	16.35	9.67	1.69
	18.05	31.70	73.74	0.00	0.0683	11.93	525.0	410.12	0.0624	477.3	8.591	16.40	9.72	1.70
	19.08	31.64	73.74	0.00	0.0682	11.91	524.0	409.24	0.0623	470.9	8.476	16.18	9.52	1.69
	20.06	31.63	73.80	0.00	0.0681	11.90	523.6	408.61	0.0621	469.6	8.453	16.12	9.48	1.69
	21.08	31.63	73.74	0.00	0.0680	11.86	521.8	407.50	0.0630	483.0	8.694	16.60	9.90	1.69
	22.07	31.65	73.77	-0.00	0.0679	11.86	522.0	407.50	0.0636	479.6	8.633	16.47	9.79	1.69
	23.07	31.68	73.77	0.00	0.0679	11.86	522.0	407.56	0.0640	485.5	8.739	16.68	9.97	1.69
	24.07	31.65	73.74	0.00	0.0678	11.84	520.8	406.73	0.0637	487.9	8.783	16.77	10.05	1.70
	25.07	31.65	73.77	0.00	0.0677	11.81	519.5	405.59	0.0639	490.9	8.837	16.86	10.14	1.69
	26.10	31.66	73.74	-0.00	0.0678	11.83	520.4	406.40	0.0637	486.8	8.762	16.73	10.01	1.69
	27.07	31.62	73.80	0.00	0.0679	11.85	521.5	406.99	0.0634	486.9	8.764	16.72	10.01	1.69
	28.06	31.65	73.74	0.00	0.0679	11.86	521.9	407.63	0.0639	485.9	8.747	16.70	9.99	1.69
	29.08	31.66	73.74	0.00	0.0676	11.80	519.0	405.33	0.0656	504.7	9.085	17.34	10.55	1.69
	30.08	31.63	73.74	0.00	0.0678	11.84	521.0	406.84	0.0647	496.7	8.941	17.07	10.31	1.70
	31.15	31.66	73.77	-0.00	0.0676	11.82	519.9	405.90	0.0641	493.9	8.890	16.97	10.23	1.69
	32.07	31.65	73.77	-0.00	0.0678	11.85	521.4	407.10	0.0637	486.1	8.750	16.70	9.99	1.69
	33.09	31.70	73.74	-0.00	0.0678	11.81	519.8	406.00	0.0635	483.2	8.698	16.61	9.91	1.69
	34.07	31.70	73.74	0.00	0.0678	11.85	521.5	407.31	0.0641	479.5	8.632	16.48	9.79	1.69
	35.07	31.67	73.77	0.00	0.0676	11.81	519.4	405.56	0.0656	504.7	9.084	17.34	10.55	1.69
	36.08	31.67	73.74	-0.00	0.0677	11.80	519.0	405.36	0.0657	509.8	9.177	17.52	10.71	1.70
	37.08	31.67	73.74	-0.00	0.0678	11.84	520.8	406.74	0.0650	500.8	9.015	17.21	10.44	1.69
	38.08	31.67	73.74	0.00	0.0678	11.82	520.2	406.33	0.0654	502.0	9.037	17.25	10.48	1.69
	39.06	31.66	73.74	0.00	0.0677	11.81	519.8	405.97	0.0653	501.4	9.026	17.23	10.46	1.69
	40.08	31.71	73.77	0.00	0.0677	11.80	519.1	405.37	0.0648	501.1	9.020	17.22	10.45	1.69
	41.08	31.69	73.77	0.00	0.0677	11.81	519.6	405.75	0.0649	497.5	8.955	17.09	10.34	1.69
	42.07	31.69	73.74	0.00	0.0675	11.80	519.1	405.44	0.0656	505.8	9.105	17.38	10.59	1.69
	43.07	31.69	73.77	-0.00	0.0675	11.75	517.0	403.65	0.0656	507.4	9.133	17.43	10.63	1.69
	44.05	31.70	73.80	0.00	0.0677	11.80	519.2	405.28	0.0646	500.6	9.011	17.19	10.43	1.69
	45.07	31.74	73.77	-0.00	0.0675	11.79	518.6	405.02	0.0665	506.7	9.120	17.41	10.62	1.69
	46.05	31.71	73.74	0.00	0.0675	11.78	518.5	404.99	0.0658	509.5	9.172	17.51	10.70	1.69
	47.14	31.69	73.74	-0.00	0.0670	11.65	512.4	400.22	0.0683	538.6	9.695	18.51	11.54	1.69
	48.06	31.73	73.77	0.00	0.0671	11.66	513.1	400.67	0.0676	532.2	9.579	18.29	11.36	1.69
	49.09	31.71	73.77	-0.00	0.0676	11.75	517.0	403.71	0.0656	513.3	9.239	17.64	10.81	1.69
	50.08	31.73	73.77	-0.00	0.0678	11.81	519.5	405.71	0.0648	500.2	9.004	17.19	10.42	1.69
	51.08	31.73	73.77	0.00	0.0678	11.82	520.1	406.20	0.0646	498.7	8.976	17.13	10.38	1.69
	52.07	31.76	73.74	-0.00	0.0674	11.76	517.3	404.13	0.0663	510.8	9.194	17.56	10.74	1.69
	53.09	31.73	73.74	-0.00	0.0673	11.72	515.8	402.94	0.0668	522.2	9.400	17.95	11.07	1.69
	54.07	31.72	73.75	-0.00	0.0668	11.60	510.5	398.82	0.0691	547.4	9.852	18.81	11.78	1.69
	55.07	31.73	73.74	0.00	0.0672	11.63	511.9	399.89	0.0676	541.2	9.741	18.60	11.61	1.69
	56.08	31.72	73.75	-0.00	0.0671	11.66	512.9	400.64	0.0674	529.7	9.534	18.21	11.28	1.69
	57.08	31.73	73.74	-0.00	0.0673	11.73	516.0	403.13	0.0668	519.6	9.353	17.86	11.00	1.69
	58.06	31.76	73.77	0.00	0.0668	11.75	516.8	403.60	0.0690	517.0	9.306	17.77	10.92	1.69
	59.08	31.78	73.80	-0.00	0.0669	11.62	511.2	399.11	0.0684	541.1	9.740	18.59	11.61	1.69
	60.06	31.75	73.74	0.00	0.0670	11.65	512.6	400.45	0.0679	535.9	9.646	18.42	11.46	1.69
	61.07	31.73	73.77	-0.00	0.0673	11.71	515.2	402.33	0.0662	516.9	9.305	17.76	10.92	1.69
	62.07	31.73	73.77	0.00	0.0670	11.65	512.7	400.39	0.0680	532.5	9.586	18.30	11.37	1.69
	63.07	31.75	73.77	0.00	0.0670	11.65	512.4	400.17	0.0683	536.6	9.659	18.44	11.48	1.69
	64.05	31.75	73.77	0.00	0.0670	11.69	514.3	401.68	0.0679	525.6	9.460	18.06	11.17	1.69
	65.08	31.74	73.72	0.00	0.0671	11.68	513.7	401.48	0.0673	527.4	9.493	18.14	11.22	1.69
	66.05	31.75	73.75	0.00	0.0670	11.64	512.2	400.12	0.0676	534.0	9.612	18.36	11.41	1.69
	67.06	31.75	73.72	0.00	0.0666	11.57	509.2	397.97	0.0692	548.7	9.876	18.87	11.82	1.69
	68.06	31.77	73.77	-0.00	0.0665	11.56	508.5	397.14	0.0702	554.2	9.975	19.04	11.97	1.69
	69.06	31.76	73.74	0.00	0.0666	11.57	508.9	397.61	0.0698	553.8	9.968	19.04	11.96	1.69
	70.06	31.78	73.80	0.00	0.0665	11.53	507.3	396.10	0.0706	565.0	10.170	19.41	12.26	1.69
	71.07	31.78	73.77	-0.00	0.0666	11.54	507.7	396.50	0.0699	560.3	10.086	19.26	12.14	1.69
	72.07	31.78	73.74	-0.00	0.0663	11.49	505.6	395.04	0.0713	570.7	10.273	19.62	12.42	1.69
	73.07	31.78	73.80	-0.00	0.0663	11.50	506.0	395.07	0.0712	567.7	10.218	19.50	12.34	1.69
	74.07	31.75	73.77	0.00	0.0664	11.53	507.2	396.08	0.0702	559.9	10.078	19.24	12.13	1.69
	75.07	31.75	73.77	-0.00	0.0665	11.54	508.0	396.70	0.0700	556.6	10.019	19.13	12.04	1.69
	76.05	31.80	73.72	0.00	0.0665	11.57	508.9	397.76	0.0698	552.7	9.949	19.01	11.93	1.69
	77.16	31.77	73.77	0.00	0.0665	11.52	507.0	396.01	0.0701	561.0	10.098	19.28	12.16	1.69
	78.06	31.80	73.72	0.00	0.0663	11.53	507.3	396.55	0.0714	560.5	10.089	19.28	12.14	1.69
	79.09	31.79	73.77	-0.00	0.0663	11.49	505.5	394.83	0.0713	571.8	10.292	19.65	12.45	1.69
	80.08	31.82	73.74	-0.00	0.0664	11.52	506.7	395.92	0.0706	564.2	10.156	19.40	12.25	1.69
	81.07	31.79	73.77	0.00	0.0662	11.49	505.6	394.87	0.0715	570.7	10.273	19.61	12.42	1.69
	82.15	31.79	73.77	0.00	0.0661	11.44	503.4	393.18	0.0725	585.2	10.533	20.11	12.80	1.70
	83.09	31.79	73.74	-0.00	0.0660	11.43	502.7	392.79	0.0727	588.8	10.599	20.24	12.90	1.69
	84.16	31.82	73.77	-0.00	0.0662	11.44	503.3	393.13	0.0718	583.1	10.496	20.04	12.75	1.69
	85.07	31.79	73.72	0.00	0.0660	11.43	503.0	393.12	0.0727	588.8	10.598	20.25	12.89	1.69
	86.07	31.82	73.77	0.00	0.0661	11.44	503.1	393.03	0.0721	582.1	10.477	20.01	12.72	1.69
	87.06	31.82	73.77	0.00	0.0662	11.46	504.4	393.97	0.0715	575.4	10.358	19.78	12.55	1.69
	88.08	31.79	73.74	-0.00	0.0660	11.50	505.9	395.31	0.0724	568.9	10.241	19.56	12.37	1.69
	89.08	31.82	73.75	0.00	0.0663	11.46	504.1	393.88	0.0715	582.6	10.486	20.03	12.73	1.69
	90.08	31.78	73.74	-0.00	0.0660	11.43	503.1	393.05	0.0723	583.9	10.510	20.07	12.77	1.69
	91.07	31.82	73.80	-0.00	0.0661	11.45	503.7	393.30	0.0723	583.4	10.500	20.04	12.75	1.69
	92.06	31.79	73.74	0.00	0.0660	11.44	503.5	393.42	0.0720	580.6	10.451	19.96	12.68	1.69
	93.07	31.80	73.74	0.00	0.0660	11.41	502.2	392.40	0.0724	586.5	10.557	20.16	12.83	1.69
	94.08	31.78	73.72	-0.00	0.0661	11.45	503.7	393.72	0.0718	580.4	10.447	19.96	12.67	1.69
	95.07	31.79	73.72	0.00	0.0660	11.43	503.1	393.22	0.0723	583.1	10.497	20.05	12.75	1.69
	96.08	31.81	73.77	0.00	0.0659	11.43	502.7	392.68	0.0733	585.3	10.536	20.12	12.80	1.69
	97.08	31.80	73.75	-0.00	0.0659	11.40	501.7	392.00	0.0729	590.8	10.634	20.31	12.95	1.69
	98.08	31.81	73.77	0.00	0.0658	11.37	500.5	390.93	0.0734	595.4	10.718	20.46	13.07	1.69
	99.06	31.83	73.77	0.00	0.0657	11.35	499.4	390.11	0.0735	597.8	10.761	20.55	13.13	1.69
	100.15	31.84	73.74	-0.00	0.0658	11.39	501.3	391.77	0.0733	594.6	10.703	20.45	13.05	1.69
	101.06	31.83	73.74	0.00	0.0659	11.40	501.5	391.88	0.0733	593.8	10.689	20.42	13.03	1.69
	102.09	31.83	73.74	-0.00	0.0658	11.39	501.3	391.74	0.0731	593.3	10.680	20.40	13.01	1.69
	103.07	31.81	73.74	-0.00	0.0658	11.38	500.9	391.37	0.0735	597.4	10.753	20.54	13.12	1.69
	104.07	31.84	73.77	0.00	0.0659	11.39	501.2	391.51	0.0730	591.6	10.649	20.34	12.97	1.69
	105.07	31.82	73.75	0.00	0.0658	11.39	501.1	391.53	0.0731	593.4	10.682	20.40	13.02	1.69
	106.06	31.81	73.72	0.00	0.0658	11.40	501.4	391.95	0.0734	595.7	10.722	20.49	13.07	1.69
	107.16	31.84	73.77	-0.00	0.0658	11.38	500.9	391.32	0.0735	596.2	10.732	20.49	13.09	1.69
	108.06	31.84	73.77	0.00	0.0657	11.36	500.0	390.57	0.0742	605.0	10.890	20.80	13.31	1.69
	109.08	31.83	73.77	0.00	0.0658	11.38	500.5	390.98	0.0736	598.4	10.771	20.57	13.14	1.69
	110.06	31.83	73.77	0.00	0.0658	11.38	500.7	391.11	0.0736	597.3	10.751	20.53	13.12	1.69
	111.07	31.83	73.74	0.00	0.0657	11.36	499.7	390.50	0.0737	601.4	10.824	20.68	13.22	1.69
	112.15	31.86	73.75	0.00	0.0657	11.37	500.1	390.84	0.0736	599.6	10.793	20.62	13.18	1.69
	113.08	31.85	73.77	-0.00	0.0657	11.36	499.8	390.42	0.0738	600.5	10.810	20.64	13.20	1.69
	114.08	31.84	73.77	0.00	0.0657	11.36	499.9	390.49	0.0738	602.5	10.846	20.71	13.25	1.69
	115.08	31.85	73.75	-0.00	0.0657	11.35	499.4	390.25	0.0734	597.1	10.749	20.53	13.11	1.69
	116.06	31.82	73.77	0.00	0.0655	11.31	497.6	388.71	0.0744	607.8	10.940	20.89	13.38	1.69
	117.08	31.83	73.74	-0.00	0.0656	11.32	498.3	389.38	0.0738	603.4	10.861	20.75	13.27	1.69
	118.06	31.82	73.77	0.00	0.0659	11.40	501.5	391.75	0.0730	592.5	10.665	20.36	12.99	1.69
	119.14	31.80	73.75	0.00	0.0657	11.38	500.9	391.37	0.0734	593.3	10.680	20.40	13.01	1.69
	120.07	31.83	73.77	0.00	0.0656	11.32	498.3	389.26	0.0742	606.2	10.912	20.84	13.34	1.69
	121.07	31.83	73.74	0.00	0.0656	11.33	498.4	389.46	0.0744	609.0	10.963	20.94	13.41	1.69
	122.07	31.84	73.74	0.00	0.0655	11.32	498.2	389.31	0.0744	608.8	10.958	20.93	13.41	1.69
