Jul 23 2015 at 10:42:26
Frequency: 1.00Hz.
CO2
Zero:  Value:0.95  Date:18 Mar 2005	 at 07:22:33	
Span:  Value:1.00  Date:18 Mar 2005	 at 07:25:09	
H2O
Zero:  Value:0.71  Date:18 Mar 2005	 at 07:52:31	
Span:  Value:0.99  Date:18 Mar 2005	 at 11:44:01	
	Relative Time	Temperature	Pressure	Aux Input	CO2 Absorptance	CO2 mmol/m3	CO2 mg/m3	CO2 umol/mol	H2O Absorptance	H2O mmol/m3	H2O g/m3	H2O mmol/mol	H2O(°C)	Cooler Voltage
	0.12	32.38	73.77	-0.00	0.0682	11.92	524.5	410.48	0.0570	415.9	7.487	14.32	7.72	1.72
	1.12	32.39	73.74	-0.00	0.0682	11.92	524.4	410.51	0.0571	416.6	7.498	14.35	7.74	1.72
	2.12	32.38	73.74	-0.00	0.0680	11.89	523.3	409.67	0.0570	416.3	7.494	14.34	7.73	1.72
	3.10	32.40	73.74	0.00	0.0679	11.88	522.7	409.21	0.0569	415.5	7.479	14.31	7.71	1.72
	4.20	32.40	73.74	-0.00	0.0679	11.87	522.2	408.80	0.0570	415.2	7.474	14.30	7.70	1.72
	5.10	32.38	73.75	0.00	0.0679	11.88	522.6	409.14	0.0571	417.3	7.511	14.37	7.77	1.72
	6.13	32.36	73.74	-0.00	0.0679	11.85	521.5	408.27	0.0570	415.9	7.486	14.32	7.72	1.72
	7.11	32.38	73.77	0.00	0.0678	11.84	520.9	407.61	0.0570	415.4	7.477	14.30	7.70	1.72
	8.13	32.40	73.77	-0.00	0.0678	11.84	520.9	407.64	0.0571	416.6	7.499	14.35	7.75	1.72
	9.11	32.38	73.74	0.00	0.0675	11.78	518.3	405.74	0.0567	412.7	7.428	14.21	7.60	1.72
	10.14	32.38	73.74	-0.00	0.0673	11.73	516.3	404.16	0.0561	408.0	7.345	14.06	7.44	1.72
	11.12	32.37	73.77	0.00	0.0674	11.75	516.9	404.50	0.0561	405.4	7.297	13.96	7.34	1.72
	12.12	32.41	73.77	0.00	0.0675	11.77	517.9	405.34	0.0561	406.9	7.324	14.01	7.40	1.72
	13.21	32.42	73.77	0.00	0.0675	11.77	517.9	405.34	0.0561	406.9	7.325	14.01	7.40	1.72
	14.12	32.37	73.77	0.00	0.0676	11.79	518.7	405.90	0.0562	407.1	7.328	14.02	7.41	1.72
	15.12	32.34	73.74	0.00	0.0676	11.78	518.5	405.89	0.0562	407.2	7.329	14.02	7.41	1.72
	16.13	32.40	73.77	-0.00	0.0675	11.78	518.1	405.49	0.0560	405.8	7.304	13.97	7.36	1.72
	17.11	32.38	73.80	0.00	0.0674	11.74	516.5	404.03	0.0558	403.9	7.269	13.90	7.29	1.72
	18.13	32.40	73.74	0.00	0.0675	11.77	517.7	405.34	0.0560	405.2	7.294	13.96	7.34	1.72
	19.11	32.38	73.77	0.00	0.0675	11.77	518.0	405.34	0.0560	405.8	7.304	13.97	7.36	1.72
	20.14	32.38	73.77	-0.00	0.0675	11.76	517.5	404.98	0.0562	406.7	7.321	14.01	7.39	1.72
	21.11	32.40	73.80	0.00	0.0675	11.77	518.0	405.29	0.0567	412.7	7.429	14.21	7.61	1.72
	22.12	32.43	73.74	0.00	0.0676	11.79	518.6	406.03	0.0580	423.2	7.618	14.58	7.98	1.72
	23.14	32.42	73.77	-0.00	0.0675	11.77	518.0	405.44	0.0569	418.5	7.533	14.41	7.81	1.72
	24.13	32.41	73.75	-0.00	0.0673	11.72	515.7	403.74	0.0564	409.9	7.377	14.12	7.51	1.72
	25.13	32.37	73.77	0.00	0.0673	11.72	515.6	403.53	0.0566	411.7	7.411	14.18	7.57	1.72
	26.11	32.39	73.77	0.00	0.0672	11.72	515.6	403.50	0.0564	410.9	7.396	14.15	7.54	1.72
	27.13	32.40	73.74	0.00	0.0672	11.69	514.4	402.71	0.0562	407.3	7.331	14.03	7.41	1.72
	28.13	32.40	73.74	-0.00	0.0672	11.71	515.2	403.39	0.0562	407.5	7.334	14.04	7.42	1.72
	29.12	32.39	73.77	0.00	0.0672	11.70	514.8	402.93	0.0562	407.7	7.338	14.04	7.43	1.72
	30.12	32.40	73.74	-0.00	0.0671	11.69	514.6	402.86	0.0562	408.4	7.352	14.07	7.46	1.72
	31.14	32.38	73.74	-0.00	0.0669	11.62	511.4	400.36	0.0562	405.5	7.299	13.97	7.35	1.72
	32.12	32.41	73.80	-0.00	0.0669	11.66	513.1	401.44	0.0561	407.5	7.335	14.03	7.42	1.72
	33.12	32.36	73.74	0.00	0.0669	11.63	511.6	400.45	0.0559	404.5	7.281	13.93	7.31	1.72
	34.12	32.39	73.77	0.00	0.0671	11.64	512.2	400.84	0.0564	406.1	7.309	13.98	7.37	1.72
	35.12	32.38	73.77	0.00	0.0671	11.67	513.6	401.94	0.0563	410.5	7.389	14.13	7.53	1.72
	36.11	32.39	73.75	0.00	0.0671	11.68	514.1	402.48	0.0563	409.5	7.372	14.11	7.49	1.72
	37.11	32.36	73.80	0.00	0.0669	11.64	512.1	400.60	0.0561	406.6	7.319	13.99	7.39	1.72
	38.11	32.41	73.77	0.00	0.0671	11.68	514.0	402.25	0.0564	409.9	7.379	14.12	7.51	1.72
	39.19	32.39	73.74	0.00	0.0672	11.71	515.3	403.38	0.0565	410.9	7.396	14.15	7.54	1.72
	40.11	32.41	73.77	0.00	0.0671	11.69	514.2	402.43	0.0565	410.2	7.383	14.12	7.52	1.72
	41.12	32.43	73.77	0.00	0.0671	11.67	513.4	401.82	0.0564	409.0	7.362	14.09	7.48	1.72
	42.13	32.38	73.74	-0.00	0.0672	11.71	515.1	403.25	0.0566	413.7	7.446	14.25	7.64	1.72
	43.15	32.38	73.77	-0.00	0.0673	11.72	515.8	403.62	0.0569	414.4	7.458	14.27	7.66	1.72
	44.12	32.32	73.77	0.00	0.0671	11.70	515.0	402.92	0.0568	414.3	7.457	14.26	7.66	1.72
	45.13	32.37	73.74	-0.00	0.0669	11.62	511.4	400.34	0.0564	409.0	7.362	14.09	7.47	1.72
	46.13	32.38	73.77	-0.00	0.0669	11.64	512.2	400.88	0.0566	411.6	7.408	14.17	7.57	1.72
	47.13	32.36	73.77	-0.00	0.0670	11.65	512.8	401.29	0.0567	413.1	7.437	14.23	7.62	1.72
	48.13	32.40	73.72	0.00	0.0675	11.71	515.1	403.41	0.0587	421.7	7.591	14.53	7.92	1.72
	49.11	32.42	73.77	0.00	0.0673	11.73	516.0	403.87	0.0577	424.4	7.640	14.62	8.02	1.72
	50.12	32.45	73.77	0.00	0.0670	11.69	514.3	402.60	0.0572	420.5	7.570	14.48	7.89	1.72
	51.11	32.43	73.75	0.00	0.0673	11.70	514.6	402.95	0.0575	418.6	7.534	14.42	7.82	1.72
	52.12	32.43	73.77	0.00	0.0671	11.68	513.8	402.16	0.0573	420.0	7.559	14.46	7.86	1.72
	53.13	32.45	73.69	0.00	0.0672	11.69	514.3	403.01	0.0574	419.8	7.557	14.47	7.86	1.72
	54.12	32.42	73.74	0.00	0.0671	11.64	512.1	400.96	0.0574	418.7	7.536	14.42	7.82	1.72
	55.13	32.40	73.77	-0.00	0.0673	11.70	514.9	403.00	0.0575	420.3	7.566	14.47	7.87	1.72
	56.13	32.41	73.77	0.00	0.0672	11.71	515.3	403.30	0.0574	420.9	7.576	14.49	7.90	1.72
	57.13	32.43	73.72	-0.00	0.0670	11.63	511.5	400.65	0.0571	414.5	7.461	14.28	7.67	1.72
	58.11	32.42	73.74	0.00	0.0670	11.67	513.6	402.12	0.0572	419.2	7.546	14.44	7.84	1.72
	59.14	32.43	73.77	-0.00	0.0672	11.67	513.4	401.84	0.0574	417.8	7.521	14.39	7.79	1.72
	60.12	32.38	73.77	-0.00	0.0671	11.67	513.6	401.90	0.0571	416.8	7.502	14.35	7.75	1.72
	61.14	32.42	73.77	-0.00	0.0671	11.68	513.9	402.23	0.0572	418.2	7.527	14.40	7.80	1.72
	62.18	32.38	73.75	0.00	0.0672	11.67	513.4	401.94	0.0575	418.7	7.537	14.42	7.82	1.72
	63.13	32.43	73.80	0.00	0.0670	11.66	513.0	401.41	0.0571	417.4	7.513	14.37	7.77	1.72
	64.12	32.40	73.74	0.00	0.0672	11.69	514.2	402.60	0.0575	420.4	7.567	14.48	7.88	1.72
	65.10	32.42	73.77	0.00	0.0673	11.71	515.0	403.11	0.0577	421.7	7.591	14.52	7.92	1.72
	66.11	32.46	73.82	0.00	0.0672	11.71	515.3	403.06	0.0576	422.4	7.604	14.54	7.95	1.72
	67.10	32.45	73.74	0.00	0.0668	11.63	511.9	400.85	0.0573	419.8	7.557	14.46	7.86	1.72
	68.12	32.44	73.77	0.00	0.0671	11.68	513.9	402.26	0.0574	420.1	7.562	14.47	7.87	1.72
	69.19	32.42	73.77	0.00	0.0672	11.69	514.3	402.54	0.0575	420.1	7.561	14.47	7.87	1.72
	70.14	32.45	73.77	-0.00	0.0672	11.71	515.4	403.43	0.0576	422.0	7.596	14.53	7.94	1.73
	71.12	32.42	73.77	-0.00	0.0672	11.71	515.1	403.13	0.0578	424.4	7.638	14.61	8.02	1.72
	72.12	32.46	73.77	0.00	0.0671	11.67	513.5	401.95	0.0577	422.5	7.606	14.55	7.96	1.73
	73.12	32.42	73.74	0.00	0.0671	11.66	512.9	401.54	0.0578	423.6	7.624	14.59	7.99	1.73
	74.12	32.44	73.77	0.00	0.0671	11.69	514.2	402.46	0.0579	424.8	7.647	14.63	8.03	1.72
	75.11	32.41	73.77	0.00	0.0672	11.71	515.1	403.15	0.0579	425.2	7.654	14.64	8.05	1.73
	76.13	32.44	73.74	-0.00	0.0672	11.70	514.7	403.03	0.0583	428.4	7.712	14.76	8.16	1.73
	77.13	32.44	73.77	0.00	0.0672	11.68	513.7	402.10	0.0586	430.5	7.749	14.83	8.23	1.73
	78.12	32.46	73.74	0.00	0.0671	11.71	515.4	403.55	0.0586	433.8	7.809	14.95	8.34	1.72
	79.11	32.45	73.77	0.00	0.0672	11.68	513.8	402.16	0.0586	430.6	7.751	14.83	8.23	1.73
	80.12	32.46	73.75	0.00	0.0671	11.66	513.1	401.80	0.0582	427.2	7.690	14.72	8.12	1.73
	81.12	32.49	73.80	0.00	0.0673	11.75	516.9	404.53	0.0588	435.2	7.833	14.98	8.39	1.73
	82.12	32.43	73.74	0.00	0.0673	11.73	516.1	404.12	0.0589	434.3	7.817	14.96	8.36	1.73
	83.12	32.49	73.77	-0.00	0.0674	11.74	516.8	404.56	0.0594	440.0	7.920	15.16	8.55	1.73
	84.13	32.44	73.77	-0.00	0.0673	11.74	516.6	404.33	0.0593	442.7	7.968	15.25	8.64	1.73
	85.11	32.44	73.74	0.00	0.0673	11.72	515.9	403.93	0.0591	436.1	7.850	15.02	8.42	1.73
	86.13	32.46	73.77	-0.00	0.0672	11.70	514.7	402.93	0.0591	435.2	7.833	14.99	8.39	1.73
	87.11	32.46	73.72	-0.00	0.0673	11.69	514.4	402.91	0.0590	435.9	7.847	15.02	8.41	1.73
	88.11	32.44	73.74	0.00	0.0672	11.70	515.0	403.25	0.0589	435.8	7.844	15.01	8.41	1.73
	89.12	32.49	73.80	-0.00	0.0670	11.64	511.9	400.65	0.0589	432.2	7.779	14.88	8.29	1.73
	90.12	32.46	73.77	-0.00	0.0671	11.71	515.0	403.17	0.0591	440.6	7.931	15.18	8.57	1.73
	91.10	32.49	73.74	0.00	0.0673	11.74	516.4	404.44	0.0595	441.4	7.945	15.21	8.60	1.73
	92.20	32.51	73.77	0.00	0.0671	11.68	514.1	402.52	0.0589	433.9	7.811	14.95	8.35	1.73
	93.12	32.48	73.74	0.00	0.0671	11.67	513.4	402.08	0.0584	430.5	7.749	14.83	8.23	1.73
	94.13	32.51	73.80	0.00	0.0673	11.72	515.5	403.49	0.0591	435.4	7.838	15.00	8.40	1.73
	95.13	32.51	73.77	-0.00	0.0674	11.76	517.6	405.22	0.0595	442.7	7.969	15.25	8.64	1.73
	96.13	32.49	73.74	0.00	0.0672	11.70	514.8	403.16	0.0593	439.2	7.905	15.13	8.53	1.73
	97.13	32.46	73.77	-0.00	0.0671	11.69	514.4	402.68	0.0593	440.0	7.920	15.15	8.55	1.73
	98.12	32.43	73.75	-0.00	0.0670	11.65	512.7	401.46	0.0591	436.8	7.862	15.05	8.44	1.73
	99.12	32.49	73.74	0.00	0.0671	11.66	513.2	401.91	0.0593	438.7	7.897	15.12	8.51	1.73
	100.12	32.49	73.77	0.00	0.0674	11.73	516.2	404.15	0.0599	445.3	8.016	15.34	8.73	1.73
	101.12	32.49	73.72	-0.00	0.0674	11.76	517.5	405.41	0.0602	449.5	8.091	15.49	8.87	1.73
	102.12	32.49	73.74	0.00	0.0674	11.74	516.7	404.64	0.0599	444.4	7.999	15.31	8.70	1.73
	103.12	32.46	73.74	0.00	0.0671	11.67	513.3	401.94	0.0596	440.1	7.923	15.17	8.56	1.73
	104.11	32.49	73.77	0.00	0.0673	11.71	515.0	403.21	0.0596	442.1	7.957	15.23	8.62	1.73
	105.13	32.49	73.74	-0.00	0.0675	11.74	516.4	404.41	0.0602	445.2	8.014	15.34	8.73	1.73
	106.13	32.51	73.77	-0.00	0.0672	11.71	515.4	403.54	0.0598	444.7	8.005	15.32	8.71	1.73
	107.13	32.46	73.77	-0.00	0.0672	11.72	515.8	403.75	0.0598	444.7	8.005	15.32	8.71	1.73
	108.12	32.49	73.75	0.00	0.0672	11.71	515.0	403.34	0.0599	446.8	8.042	15.40	8.78	1.73
	109.11	32.49	73.77	0.00	0.0672	11.69	514.2	402.58	0.0598	445.3	8.016	15.34	8.73	1.73
	110.20	32.46	73.77	-0.00	0.0672	11.70	514.6	402.81	0.0597	443.6	7.985	15.28	8.67	1.73
	111.12	32.49	73.80	-0.00	0.0671	11.66	512.9	401.40	0.0595	440.2	7.924	15.16	8.56	1.73
	112.13	32.51	73.77	-0.00	0.0672	11.71	515.2	403.39	0.0601	446.6	8.040	15.39	8.78	1.73
	113.10	32.51	73.74	0.00	0.0671	11.68	513.9	402.45	0.0598	444.4	7.999	15.31	8.70	1.73
	114.11	32.52	73.77	0.00	0.0672	11.69	514.2	402.56	0.0600	445.1	8.012	15.33	8.73	1.73
	115.11	32.51	73.74	-0.00	0.0674	11.73	516.2	404.28	0.0603	449.4	8.089	15.49	8.87	1.73
	116.11	32.47	73.77	0.00	0.0673	11.74	516.5	404.37	0.0605	451.6	8.128	15.55	8.94	1.74
	117.11	32.51	73.74	0.00	0.0674	11.73	516.1	404.22	0.0606	452.3	8.142	15.59	8.96	1.74
	118.11	32.49	73.74	0.00	0.0673	11.72	515.5	403.71	0.0609	456.0	8.208	15.71	9.08	1.73
	119.12	32.48	73.77	0.00	0.0673	11.75	516.9	404.63	0.0605	453.1	8.156	15.61	8.99	1.73
	120.12	32.47	73.75	0.00	0.0674	11.72	515.9	403.99	0.0606	450.5	8.109	15.52	8.90	1.74
	121.13	32.51	73.77	-0.00	0.0673	11.72	515.8	403.85	0.0606	451.3	8.124	15.55	8.93	1.73
	122.19	32.48	73.74	0.00	0.0674	11.75	517.0	404.90	0.0606	452.1	8.137	15.58	8.95	1.74
	123.12	32.51	73.77	0.00	0.0674	11.77	517.7	405.34	0.0607	455.8	8.204	15.70	9.08	1.74
