Jul 23 2015 at 9:56:49
Frequency: 1.00Hz.
CO2
Zero:  Value:0.95  Date:18 Mar 2005	 at 07:22:33	
Span:  Value:1.00  Date:18 Mar 2005	 at 07:25:09	
H2O
Zero:  Value:0.71  Date:18 Mar 2005	 at 07:52:31	
Span:  Value:0.99  Date:18 Mar 2005	 at 11:44:01	
	Relative Time	Temperature	Pressure	Aux Input	CO2 Absorptance	CO2 mmol/m3	CO2 mg/m3	CO2 umol/mol	H2O Absorptance	H2O mmol/m3	H2O g/m3	H2O mmol/mol	H2O(°C)	Cooler Voltage
	0.30	27.22	73.72	-0.00	0.0678	11.84	520.9	401.07	0.0788	666.8	12.002	22.59	14.57	1.65
	1.29	27.22	73.72	0.00	0.0674	11.75	516.8	397.90	0.0813	694.5	12.500	23.53	15.21	1.65
	2.28	27.20	73.72	0.00	0.0680	11.86	521.6	401.58	0.0781	661.7	11.910	22.41	14.45	1.65
	3.31	27.24	73.74	-0.00	0.0678	11.84	521.1	401.08	0.0793	664.7	11.964	22.51	14.53	1.65
	4.29	27.22	73.69	-0.00	0.0683	11.93	525.0	404.35	0.0747	620.3	11.166	21.02	13.46	1.66
	5.32	27.20	73.77	-0.00	0.0683	11.94	525.3	404.11	0.0746	613.0	11.033	20.75	13.28	1.65
	6.30	27.23	73.72	0.00	0.0682	11.91	524.2	403.60	0.0746	614.3	11.057	20.81	13.31	1.65
	7.30	27.24	73.72	0.00	0.0681	11.91	523.9	403.39	0.0751	613.6	11.045	20.79	13.30	1.65
	8.30	27.26	73.74	0.00	0.0679	11.87	522.3	402.01	0.0762	630.1	11.343	21.34	13.71	1.65
	9.31	27.25	73.72	-0.00	0.0679	11.86	521.9	401.85	0.0759	627.3	11.291	21.25	13.63	1.65
	10.30	27.27	73.74	0.00	0.0679	11.86	522.0	401.84	0.0754	623.1	11.215	21.10	13.53	1.65
	11.37	27.27	73.75	0.00	0.0680	11.87	522.2	401.94	0.0755	622.0	11.197	21.07	13.51	1.65
	12.29	27.25	73.77	0.00	0.0680	11.86	521.7	401.42	0.0751	622.2	11.199	21.06	13.51	1.65
	13.31	27.26	73.75	-0.00	0.0680	11.89	523.0	402.57	0.0742	604.6	10.882	20.48	13.07	1.65
	14.29	27.28	73.74	0.00	0.0681	11.91	523.9	403.33	0.0729	591.9	10.655	20.05	12.75	1.65
	15.30	27.25	73.77	0.00	0.0681	11.91	524.1	403.28	0.0723	585.2	10.534	19.81	12.57	1.65
	16.30	27.27	73.75	-0.00	0.0682	11.93	525.0	404.10	0.0715	575.9	10.366	19.51	12.33	1.65
	17.32	27.27	73.72	-0.00	0.0683	11.93	525.1	404.32	0.0714	570.6	10.271	19.33	12.19	1.65
	18.38	27.26	73.74	0.00	0.0683	11.94	525.4	404.45	0.0715	574.1	10.334	19.44	12.28	1.65
	19.31	27.26	73.74	-0.00	0.0682	11.93	524.9	404.07	0.0721	579.7	10.435	19.63	12.43	1.65
	20.30	27.27	73.72	0.00	0.0682	11.94	525.3	404.47	0.0713	572.5	10.306	19.40	12.24	1.65
	21.29	27.27	73.72	0.00	0.0682	11.93	524.7	404.07	0.0715	573.4	10.321	19.43	12.26	1.65
	22.39	27.29	73.72	-0.00	0.0683	11.94	525.3	404.51	0.0704	563.2	10.137	19.08	11.99	1.65
	23.31	27.31	73.72	-0.00	0.0683	11.93	525.0	404.29	0.0705	562.3	10.121	19.05	11.97	1.65
	24.30	27.34	73.72	0.00	0.0682	11.91	524.2	403.73	0.0707	567.7	10.219	19.24	12.11	1.65
	25.30	27.36	73.77	-0.00	0.0681	11.91	524.1	403.41	0.0710	572.1	10.299	19.38	12.23	1.65
	26.30	27.29	73.74	-0.00	0.0682	11.92	524.4	403.67	0.0713	569.7	10.254	19.30	12.16	1.65
	27.30	27.31	73.77	-0.00	0.0682	11.92	524.4	403.60	0.0711	569.0	10.242	19.27	12.15	1.65
	28.28	27.29	73.75	0.00	0.0682	11.93	525.0	404.14	0.0714	572.1	10.297	19.38	12.23	1.65
	29.30	27.31	73.72	0.00	0.0683	11.93	525.1	404.40	0.0708	569.3	10.248	19.29	12.16	1.65
	30.28	27.31	73.77	0.00	0.0683	11.95	525.8	404.69	0.0706	563.5	10.144	19.08	12.00	1.65
	31.31	27.31	73.72	-0.00	0.0683	11.94	525.4	404.66	0.0705	562.6	10.127	19.07	11.98	1.65
	32.28	27.31	73.75	0.00	0.0683	11.94	525.5	404.54	0.0705	561.5	10.106	19.02	11.95	1.65
	33.31	27.31	73.74	0.00	0.0684	11.95	526.0	404.92	0.0707	564.4	10.160	19.12	12.02	1.65
	34.30	27.31	73.72	-0.00	0.0684	11.97	526.5	405.45	0.0707	565.7	10.182	19.17	12.06	1.66
	35.30	27.31	73.72	0.00	0.0683	11.96	526.2	405.24	0.0708	565.8	10.184	19.17	12.06	1.65
	36.30	27.33	73.74	0.00	0.0683	11.95	525.7	404.77	0.0708	565.8	10.184	19.17	12.06	1.65
	37.32	27.35	73.72	-0.00	0.0683	11.95	525.7	404.89	0.0710	567.5	10.215	19.23	12.11	1.65
	38.30	27.36	73.75	0.00	0.0683	11.94	525.4	404.55	0.0711	568.7	10.237	19.27	12.14	1.65
	39.30	27.33	73.74	0.00	0.0682	11.94	525.3	404.44	0.0711	569.2	10.245	19.28	12.15	1.65
	40.31	27.35	73.72	-0.00	0.0682	11.91	524.2	403.77	0.0710	569.6	10.253	19.31	12.17	1.66
	41.31	27.33	73.72	-0.00	0.0683	11.94	525.2	404.49	0.0711	569.1	10.244	19.29	12.15	1.65
	42.29	27.35	73.74	0.00	0.0682	11.93	525.1	404.30	0.0706	564.6	10.162	19.13	12.03	1.65
	43.31	27.35	73.72	0.00	0.0683	11.94	525.5	404.79	0.0708	565.2	10.174	19.16	12.05	1.65
	44.30	27.35	73.74	-0.00	0.0683	11.94	525.5	404.64	0.0710	567.7	10.219	19.23	12.12	1.65
	45.32	27.35	73.72	-0.00	0.0683	11.95	525.8	404.98	0.0709	567.7	10.219	19.24	12.11	1.66
	46.29	27.33	73.72	0.00	0.0683	11.94	525.3	404.57	0.0709	567.7	10.218	19.24	12.11	1.65
	47.30	27.33	73.72	0.00	0.0682	11.94	525.2	404.52	0.0711	569.8	10.256	19.31	12.17	1.65
	48.36	27.39	73.72	0.00	0.0682	11.91	524.0	403.66	0.0713	570.1	10.261	19.32	12.18	1.65
	49.30	27.37	73.72	0.00	0.0682	11.93	524.8	404.26	0.0718	577.9	10.403	19.59	12.39	1.65
	50.30	27.34	73.72	0.00	0.0682	11.93	524.9	404.26	0.0714	574.0	10.333	19.45	12.28	1.65
	51.29	27.37	73.74	0.00	0.0682	11.93	524.9	404.19	0.0716	575.0	10.350	19.48	12.31	1.66
	52.29	27.39	73.72	0.00	0.0683	11.95	525.7	404.95	0.0717	576.2	10.372	19.53	12.34	1.65
	53.29	27.38	73.74	0.00	0.0683	11.94	525.5	404.67	0.0717	576.9	10.384	19.55	12.36	1.65
	54.30	27.39	73.69	-0.00	0.0683	11.94	525.4	404.84	0.0718	577.5	10.396	19.58	12.38	1.65
	55.29	27.39	73.74	0.00	0.0683	11.95	525.7	404.86	0.0713	572.7	10.309	19.41	12.25	1.65
	56.30	27.39	73.72	-0.00	0.0682	11.94	525.6	404.87	0.0714	571.7	10.290	19.38	12.22	1.65
	57.30	27.38	73.74	0.00	0.0683	11.93	525.1	404.35	0.0715	575.1	10.352	19.49	12.31	1.66
	58.38	27.36	73.72	-0.00	0.0682	11.93	525.1	404.49	0.0715	573.4	10.321	19.43	12.27	1.65
	59.37	27.40	73.72	-0.00	0.0683	11.95	525.6	404.90	0.0714	574.3	10.337	19.47	12.29	1.66
	60.37	27.42	73.72	0.00	0.0682	11.94	525.2	404.61	0.0719	577.6	10.398	19.58	12.38	1.65
	61.31	27.44	73.74	0.00	0.0680	11.90	523.5	403.22	0.0721	579.7	10.434	19.64	12.44	1.65
	62.29	27.42	73.74	0.00	0.0682	11.91	524.2	403.70	0.0719	577.8	10.400	19.58	12.39	1.66
	63.32	27.42	73.74	-0.00	0.0681	11.90	523.7	403.34	0.0723	583.7	10.507	19.78	12.54	1.66
	64.30	27.42	73.75	0.00	0.0682	11.91	524.2	403.70	0.0720	581.3	10.463	19.70	12.48	1.66
	65.32	27.46	73.72	-0.00	0.0681	11.91	524.3	403.95	0.0720	579.3	10.428	19.64	12.43	1.66
	66.30	27.44	73.77	0.00	0.0682	11.92	524.4	403.78	0.0724	583.3	10.500	19.76	12.53	1.66
	67.31	27.46	73.74	-0.00	0.0682	11.91	524.0	403.65	0.0725	586.3	10.553	19.87	12.61	1.66
	68.30	27.44	73.72	0.00	0.0681	11.90	523.6	403.42	0.0731	592.9	10.673	20.10	12.78	1.66
	69.30	27.48	73.72	0.00	0.0682	11.92	524.4	404.06	0.0728	590.1	10.621	20.01	12.71	1.66
	70.31	27.46	73.77	-0.00	0.0682	11.92	524.7	404.01	0.0730	591.9	10.654	20.05	12.76	1.66
	71.31	27.46	73.74	-0.00	0.0683	11.93	524.9	404.30	0.0724	587.5	10.575	19.91	12.64	1.66
	72.31	27.46	73.72	-0.00	0.0683	11.93	524.9	404.45	0.0728	591.4	10.645	20.05	12.74	1.66
	73.31	27.46	73.69	-0.00	0.0682	11.93	525.0	404.67	0.0725	586.2	10.552	19.88	12.61	1.66
	74.30	27.46	73.72	-0.00	0.0683	11.93	524.8	404.38	0.0726	588.3	10.589	19.94	12.66	1.66
	75.30	27.46	73.75	0.00	0.0682	11.91	524.2	403.75	0.0728	589.6	10.613	19.98	12.70	1.66
	76.30	27.48	73.77	-0.00	0.0682	11.92	524.6	403.93	0.0726	587.6	10.577	19.91	12.65	1.66
	77.31	27.48	73.72	0.00	0.0682	11.92	524.5	404.16	0.0728	588.5	10.593	19.95	12.67	1.66
	78.30	27.48	73.75	0.00	0.0682	11.92	524.7	404.16	0.0727	587.4	10.573	19.91	12.64	1.66
	79.30	27.44	73.72	0.00	0.0682	11.93	525.0	404.46	0.0725	585.1	10.531	19.83	12.58	1.66
	80.37	27.44	73.74	-0.00	0.0681	11.91	523.9	403.48	0.0727	589.5	10.611	19.98	12.69	1.66
	81.29	27.46	73.75	0.00	0.0681	11.91	524.0	403.62	0.0728	588.8	10.598	19.95	12.68	1.66
	82.31	27.46	73.77	-0.00	0.0681	11.91	523.9	403.37	0.0731	590.3	10.625	20.00	12.71	1.66
	83.29	27.47	73.72	0.00	0.0680	11.89	523.3	403.23	0.0730	591.6	10.650	20.06	12.75	1.66
	84.29	27.47	73.72	0.00	0.0681	11.91	524.0	403.79	0.0728	588.0	10.584	19.94	12.66	1.66
	85.29	27.50	73.72	0.00	0.0682	11.93	524.8	404.46	0.0723	585.1	10.532	19.84	12.58	1.66
	86.28	27.48	73.72	0.00	0.0682	11.92	524.7	404.29	0.0725	585.1	10.532	19.84	12.58	1.66
	87.30	27.48	73.77	0.00	0.0682	11.92	524.6	403.95	0.0729	589.8	10.617	19.98	12.70	1.66
	88.30	27.47	73.72	-0.00	0.0681	11.90	523.6	403.47	0.0731	593.3	10.679	20.12	12.79	1.66
	89.31	27.47	73.75	0.00	0.0681	11.90	523.8	403.46	0.0733	594.0	10.692	20.13	12.81	1.66
	90.29	27.51	73.74	0.00	0.0682	11.92	524.7	404.21	0.0733	595.1	10.712	20.17	12.84	1.66
	91.32	27.50	73.72	-0.00	0.0683	11.94	525.5	404.95	0.0734	597.2	10.750	20.25	12.89	1.66
	92.31	27.48	73.72	-0.00	0.0682	11.93	524.8	404.41	0.0735	598.3	10.769	20.28	12.92	1.66
	93.32	27.48	73.74	-0.00	0.0682	11.92	524.6	404.11	0.0735	598.3	10.769	20.28	12.92	1.66
	94.30	27.48	73.74	0.00	0.0682	11.92	524.4	403.98	0.0737	600.3	10.805	20.35	12.97	1.66
	95.32	27.48	73.74	-0.00	0.0683	11.93	524.9	404.36	0.0735	597.5	10.756	20.25	12.90	1.66
	96.38	27.50	73.72	-0.00	0.0682	11.92	524.4	404.07	0.0736	598.4	10.772	20.29	12.93	1.66
	97.30	27.49	73.74	0.00	0.0682	11.92	524.7	404.17	0.0735	598.0	10.765	20.27	12.92	1.66
	98.30	27.52	73.74	0.00	0.0682	11.92	524.6	404.14	0.0736	599.3	10.788	20.32	12.95	1.66
	99.31	27.52	73.72	-0.00	0.0682	11.93	524.8	404.48	0.0736	599.3	10.788	20.32	12.95	1.66
	100.29	27.51	73.74	0.00	0.0683	11.94	525.5	404.86	0.0735	598.2	10.768	20.28	12.92	1.66
	101.31	27.51	73.74	0.00	0.0682	11.93	524.9	404.39	0.0738	600.3	10.805	20.35	12.97	1.66
	102.29	27.52	73.75	0.00	0.0682	11.92	524.7	404.20	0.0735	598.9	10.781	20.30	12.94	1.66
	103.30	27.53	73.69	0.00	0.0682	11.92	524.3	404.25	0.0738	599.9	10.798	20.35	12.96	1.66
	104.29	27.53	73.74	0.00	0.0682	11.92	524.6	404.16	0.0737	600.7	10.812	20.36	12.98	1.66
	105.30	27.53	73.72	-0.00	0.0682	11.93	525.0	404.60	0.0738	602.2	10.839	20.42	13.02	1.66
	106.28	27.55	73.72	0.00	0.0682	11.93	525.0	404.61	0.0739	604.6	10.884	20.51	13.09	1.66
	107.31	27.53	73.74	-0.00	0.0683	11.94	525.4	404.75	0.0735	598.1	10.766	20.28	12.92	1.66
	108.30	27.53	73.72	-0.00	0.0683	11.94	525.2	404.78	0.0739	602.5	10.845	20.43	13.03	1.66
	109.31	27.53	73.72	-0.00	0.0684	11.97	526.6	405.83	0.0739	602.6	10.847	20.44	13.03	1.66
	110.29	27.55	73.72	-0.00	0.0683	11.95	525.7	405.21	0.0741	605.5	10.899	20.53	13.11	1.66
	111.29	27.55	73.72	0.00	0.0684	11.97	526.7	405.95	0.0740	604.4	10.879	20.50	13.08	1.66
	112.29	27.53	73.72	0.00	0.0684	11.97	526.7	405.94	0.0740	604.1	10.873	20.48	13.07	1.66
	113.29	27.59	73.69	0.00	0.0683	11.94	525.4	405.11	0.0743	607.1	10.927	20.60	13.15	1.66
	114.30	27.57	73.72	-0.00	0.0684	11.95	525.9	405.37	0.0742	606.2	10.912	20.56	13.13	1.66
	115.30	27.57	73.74	-0.00	0.0683	11.94	525.2	404.65	0.0742	606.5	10.917	20.56	13.13	1.66
	116.28	27.59	73.75	0.00	0.0682	11.93	524.9	404.51	0.0740	605.6	10.901	20.53	13.11	1.66
	117.30	27.57	73.75	0.00	0.0683	11.96	526.3	405.55	0.0744	607.2	10.929	20.59	13.15	1.66
	118.30	27.59	73.74	0.00	0.0683	11.94	525.3	404.80	0.0744	609.2	10.966	20.66	13.20	1.66
	119.39	27.61	73.72	-0.00	0.0684	11.97	526.9	406.17	0.0745	608.7	10.956	20.65	13.19	1.66
	120.31	27.59	73.74	-0.00	0.0684	11.97	526.8	405.94	0.0743	607.9	10.943	20.61	13.17	1.66
