Jul 23 2015 at 9:22:14
Frequency: 1.00Hz.
CO2
Zero:  Value:0.95  Date:18 Mar 2005	 at 07:22:33	
Span:  Value:1.00  Date:18 Mar 2005	 at 07:25:09	
H2O
Zero:  Value:0.71  Date:18 Mar 2005	 at 07:52:31	
Span:  Value:0.99  Date:18 Mar 2005	 at 11:44:01	
	Relative Time	Temperature	Pressure	Aux Input	CO2 Absorptance	CO2 mmol/m3	CO2 mg/m3	CO2 umol/mol	H2O Absorptance	H2O mmol/m3	H2O g/m3	H2O mmol/mol	H2O(°C)	Cooler Voltage
	0.00	20.74	73.72	0.00	0.0652	11.26	495.4	373.18	0.0824	709.2	12.766	23.51	15.19	1.58
	1.01	20.74	73.72	0.00	0.0653	11.28	496.2	373.77	0.0825	710.2	12.784	23.54	15.22	1.58
	2.09	20.75	73.72	0.00	0.0653	11.27	496.1	373.73	0.0824	709.7	12.774	23.52	15.20	1.58
	3.01	20.75	73.72	0.00	0.0654	11.28	496.4	373.96	0.0821	706.7	12.721	23.43	15.14	1.58
	4.01	20.75	73.72	-0.00	0.0654	11.30	497.0	374.43	0.0822	706.3	12.714	23.41	15.13	1.58
	5.02	20.75	73.72	-0.00	0.0655	11.31	497.8	375.04	0.0822	705.6	12.701	23.39	15.12	1.58
	6.01	20.75	73.72	0.00	0.0657	11.35	499.3	376.12	0.0806	690.0	12.420	22.87	14.77	1.58
	7.00	20.75	73.72	0.00	0.0660	11.43	503.0	378.90	0.0779	650.4	11.708	21.56	13.86	1.58
	8.02	20.75	73.72	-0.00	0.0662	11.46	504.3	379.89	0.0778	653.4	11.761	21.66	13.93	1.58
	9.08	20.77	73.72	0.00	0.0662	11.49	505.5	380.80	0.0779	646.8	11.643	21.44	13.77	1.58
	10.00	20.77	73.72	0.00	0.0660	11.44	503.3	379.15	0.0785	662.8	11.930	21.97	14.15	1.58
	11.03	20.77	73.74	0.00	0.0662	11.47	504.5	379.96	0.0781	654.2	11.775	21.68	13.95	1.58
	12.03	20.79	73.72	-0.00	0.0665	11.55	508.1	382.83	0.0760	630.9	11.356	20.91	13.39	1.58
	13.03	20.77	73.72	0.00	0.0664	11.53	507.4	382.25	0.0770	638.4	11.492	21.16	13.57	1.59
	14.01	20.79	73.69	0.00	0.0670	11.62	511.4	385.43	0.0747	617.7	11.118	20.48	13.06	1.58
	15.02	20.79	73.72	0.00	0.0672	11.71	515.3	388.26	0.0738	600.8	10.814	19.92	12.64	1.58
	16.01	20.79	73.69	0.00	0.0674	11.73	516.1	388.99	0.0734	597.5	10.754	19.81	12.56	1.58
	17.02	20.79	73.69	0.00	0.0673	11.71	515.5	388.49	0.0731	593.2	10.678	19.67	12.45	1.58
	18.02	20.80	73.72	-0.00	0.0672	11.71	515.4	388.36	0.0730	592.6	10.667	19.65	12.43	1.59
	19.02	20.81	73.72	0.00	0.0673	11.73	516.0	388.81	0.0711	570.4	10.268	18.91	11.85	1.58
	20.03	20.81	73.72	-0.00	0.0673	11.74	516.4	389.07	0.0709	566.2	10.191	18.77	11.74	1.58
	21.01	20.81	73.72	0.00	0.0674	11.73	516.3	389.01	0.0714	572.6	10.308	18.98	11.91	1.58
	22.03	20.80	73.72	-0.00	0.0676	11.77	518.0	390.26	0.0714	573.4	10.322	19.01	11.93	1.58
	23.01	20.80	73.72	0.00	0.0676	11.79	518.8	390.87	0.0714	572.9	10.312	18.99	11.92	1.58
	24.01	20.82	73.72	0.00	0.0675	11.79	518.9	391.00	0.0716	573.7	10.326	19.02	11.94	1.59
	25.02	20.82	73.69	0.00	0.0676	11.79	518.6	390.94	0.0719	579.7	10.434	19.22	12.10	1.58
	26.01	20.82	73.72	0.00	0.0674	11.74	516.7	389.35	0.0720	580.6	10.451	19.25	12.12	1.58
	27.02	20.84	73.72	0.00	0.0674	11.74	516.7	389.39	0.0724	584.0	10.512	19.36	12.21	1.58
	28.02	20.84	73.69	-0.00	0.0674	11.75	517.2	389.85	0.0725	585.3	10.535	19.41	12.25	1.58
	29.02	20.86	73.72	0.00	0.0674	11.75	516.8	389.45	0.0730	590.2	10.624	19.57	12.37	1.58
	30.02	20.85	73.72	-0.00	0.0673	11.72	515.8	388.69	0.0730	592.1	10.657	19.63	12.42	1.59
	31.03	20.86	73.72	-0.00	0.0674	11.74	516.5	389.24	0.0732	594.8	10.706	19.72	12.49	1.58
	32.01	20.86	73.74	-0.00	0.0673	11.71	515.1	388.05	0.0739	602.0	10.836	19.95	12.68	1.58
	33.03	20.87	73.72	-0.00	0.0672	11.71	515.1	388.17	0.0737	598.9	10.780	19.86	12.60	1.58
	34.01	20.85	73.72	0.00	0.0672	11.69	514.5	387.71	0.0738	599.5	10.791	19.88	12.61	1.58
	35.02	20.89	73.72	-0.00	0.0671	11.67	513.7	387.15	0.0740	603.3	10.859	20.00	12.71	1.58
	36.10	20.89	73.72	0.00	0.0671	11.68	514.1	387.48	0.0742	606.3	10.914	20.11	12.79	1.59
	37.02	20.89	73.72	0.00	0.0670	11.67	513.4	386.96	0.0741	605.4	10.897	20.08	12.76	1.59
	38.02	20.89	73.72	0.00	0.0671	11.68	514.0	387.41	0.0738	602.6	10.847	19.98	12.69	1.58
	39.03	20.89	73.72	-0.00	0.0670	11.65	512.8	386.49	0.0740	603.4	10.861	20.01	12.71	1.58
	40.01	20.89	73.69	0.00	0.0670	11.65	512.5	386.43	0.0742	605.7	10.903	20.09	12.77	1.58
	41.03	20.92	73.72	-0.00	0.0670	11.65	512.5	386.32	0.0742	606.0	10.908	20.10	12.78	1.58
	42.01	20.89	73.72	0.00	0.0670	11.66	513.0	386.61	0.0742	607.9	10.942	20.16	12.83	1.58
	43.02	20.92	73.72	0.00	0.0670	11.64	512.2	386.06	0.0742	606.3	10.913	20.11	12.79	1.59
	44.02	20.92	73.75	-0.00	0.0669	11.64	512.2	385.95	0.0745	608.5	10.954	20.18	12.84	1.58
	45.04	20.92	73.72	-0.00	0.0669	11.64	512.2	386.05	0.0752	613.7	11.046	20.35	12.97	1.58
	46.02	20.94	73.72	-0.00	0.0669	11.64	512.2	386.13	0.0746	612.4	11.024	20.31	12.94	1.58
	47.02	20.96	73.75	0.00	0.0669	11.62	511.2	385.27	0.0750	612.9	11.032	20.32	12.95	1.58
	48.02	20.96	73.72	0.00	0.0668	11.61	510.9	385.11	0.0750	615.9	11.086	20.43	13.03	1.58
	49.02	20.96	73.69	0.00	0.0667	11.58	509.4	384.18	0.0751	614.3	11.057	20.38	12.99	1.58
	50.11	20.96	73.72	-0.00	0.0667	11.61	510.7	385.00	0.0749	612.8	11.030	20.33	12.95	1.58
	51.01	20.96	73.72	0.00	0.0668	11.61	510.7	385.00	0.0753	613.8	11.049	20.36	12.98	1.59
	52.01	20.96	73.72	0.00	0.0667	11.59	510.2	384.58	0.0755	621.7	11.191	20.62	13.17	1.58
	53.02	20.96	73.72	0.00	0.0666	11.58	509.3	383.95	0.0752	619.8	11.156	20.56	13.12	1.59
	54.01	20.96	73.72	0.00	0.0667	11.58	509.5	384.07	0.0749	615.5	11.080	20.42	13.02	1.59
	55.02	20.94	73.72	0.00	0.0668	11.61	510.8	385.05	0.0751	616.2	11.091	20.44	13.03	1.59
	56.02	20.97	73.72	-0.00	0.0668	11.61	511.0	385.21	0.0755	622.3	11.201	20.64	13.19	1.58
	57.02	20.97	73.74	-0.00	0.0667	11.59	509.9	384.29	0.0755	622.0	11.197	20.63	13.18	1.58
	58.02	20.97	73.72	-0.00	0.0667	11.58	509.6	384.19	0.0755	621.2	11.181	20.60	13.16	1.58
	59.02	20.96	73.72	0.00	0.0667	11.58	509.4	384.02	0.0758	625.0	11.250	20.73	13.25	1.58
	60.00	20.97	73.72	0.00	0.0666	11.57	509.3	383.95	0.0759	627.9	11.302	20.83	13.33	1.59
	61.03	20.97	73.74	-0.00	0.0666	11.56	508.6	383.26	0.0759	628.4	11.311	20.84	13.34	1.58
	62.09	20.97	73.72	0.00	0.0666	11.54	507.9	382.94	0.0754	619.4	11.150	20.55	13.12	1.58
	63.01	20.97	73.72	0.00	0.0667	11.57	509.2	383.90	0.0752	619.8	11.156	20.56	13.13	1.59
	64.01	20.97	73.72	0.00	0.0667	11.58	509.7	384.26	0.0751	616.3	11.093	20.44	13.04	1.59
	65.02	20.99	73.74	0.00	0.0667	11.59	510.1	384.44	0.0750	616.2	11.092	20.44	13.04	1.59
	66.03	20.97	73.69	0.00	0.0666	11.57	509.0	383.83	0.0757	625.5	11.259	20.76	13.27	1.59
	67.02	21.01	73.69	0.00	0.0665	11.54	508.0	383.13	0.0764	631.7	11.370	20.96	13.42	1.58
	68.02	21.01	73.72	0.00	0.0665	11.55	508.3	383.26	0.0759	625.3	11.255	20.74	13.26	1.59
	69.02	21.01	73.72	0.00	0.0665	11.53	507.5	382.67	0.0762	631.8	11.372	20.96	13.42	1.59
	70.03	21.01	73.69	-0.00	0.0665	11.54	507.9	383.10	0.0761	629.4	11.330	20.89	13.36	1.59
	71.03	21.03	73.72	-0.00	0.0665	11.54	507.7	382.85	0.0763	631.5	11.367	20.95	13.42	1.59
	72.01	21.02	73.69	0.00	0.0664	11.53	507.3	382.68	0.0762	631.8	11.373	20.97	13.42	1.59
	73.04	21.04	73.72	-0.00	0.0664	11.52	506.8	382.17	0.0764	631.4	11.365	20.95	13.41	1.59
	74.02	21.04	73.72	-0.00	0.0665	11.54	507.7	382.81	0.0767	635.6	11.440	21.09	13.52	1.59
	75.02	21.04	73.72	0.00	0.0664	11.52	506.9	382.24	0.0765	633.2	11.398	21.01	13.46	1.59
	76.02	21.06	73.72	-0.00	0.0665	11.53	507.1	382.44	0.0762	631.8	11.372	20.96	13.42	1.59
	77.02	21.06	73.72	0.00	0.0665	11.54	507.6	382.76	0.0758	628.4	11.311	20.85	13.34	1.59
	78.02	21.06	73.72	0.00	0.0666	11.56	508.7	383.63	0.0754	621.3	11.184	20.62	13.17	1.59
	79.02	21.06	73.72	0.00	0.0666	11.56	508.6	383.50	0.0754	622.0	11.196	20.64	13.18	1.59
	80.01	21.08	73.72	0.00	0.0665	11.55	508.0	383.13	0.0760	628.0	11.305	20.84	13.33	1.59
	81.03	21.07	73.72	-0.00	0.0664	11.53	507.4	382.64	0.0766	633.9	11.410	21.04	13.48	1.59
	82.03	21.08	73.72	-0.00	0.0664	11.52	506.9	382.26	0.0769	639.4	11.509	21.22	13.61	1.59
	83.02	21.07	73.72	0.00	0.0663	11.51	506.5	381.95	0.0772	641.2	11.541	21.28	13.65	1.59
	84.02	21.08	73.72	-0.00	0.0663	11.50	505.9	381.52	0.0773	645.1	11.612	21.41	13.75	1.59
	85.02	21.08	73.72	0.00	0.0664	11.51	506.6	382.03	0.0762	633.0	11.394	21.00	13.45	1.59
	86.00	21.09	73.72	0.00	0.0664	11.52	506.8	382.19	0.0766	632.6	11.387	20.99	13.45	1.59
	87.02	21.09	73.72	0.00	0.0663	11.50	505.8	381.51	0.0768	637.8	11.480	21.16	13.57	1.59
	88.00	21.11	73.72	0.00	0.0663	11.49	505.5	381.27	0.0771	642.3	11.562	21.32	13.68	1.59
	89.01	21.11	73.72	0.00	0.0663	11.49	505.7	381.41	0.0771	642.0	11.556	21.31	13.67	1.59
	90.00	21.16	73.72	0.00	0.0664	11.51	506.6	382.18	0.0769	640.1	11.522	21.25	13.63	1.59
	91.01	21.11	73.69	0.00	0.0664	11.52	506.7	382.31	0.0769	639.6	11.514	21.24	13.62	1.59
	92.01	21.13	73.72	-0.00	0.0663	11.50	506.1	381.76	0.0766	636.7	11.460	21.13	13.55	1.59
	93.04	21.13	73.72	-0.00	0.0663	11.50	505.8	381.52	0.0767	637.6	11.476	21.16	13.57	1.59
	94.02	21.13	73.74	-0.00	0.0664	11.51	506.4	381.83	0.0765	633.0	11.393	21.00	13.46	1.59
	95.02	21.11	73.72	0.00	0.0662	11.47	504.8	380.77	0.0773	646.1	11.630	21.44	13.77	1.59
	96.02	21.09	73.72	0.00	0.0664	11.51	506.6	382.10	0.0762	632.5	11.385	20.99	13.44	1.59
	97.03	21.13	73.72	-0.00	0.0663	11.50	505.9	381.57	0.0769	640.4	11.528	21.25	13.64	1.59
	98.03	21.13	73.72	-0.00	0.0661	11.47	504.6	380.60	0.0777	647.4	11.654	21.49	13.80	1.59
	99.03	21.11	73.72	-0.00	0.0662	11.48	505.0	380.91	0.0775	648.4	11.672	21.52	13.83	1.59
	100.03	21.13	73.72	-0.00	0.0662	11.48	505.0	380.95	0.0773	644.8	11.607	21.40	13.74	1.59
	101.03	21.13	73.72	0.00	0.0662	11.48	505.3	381.15	0.0771	640.5	11.528	21.26	13.64	1.59
	102.01	21.13	73.72	0.00	0.0662	11.47	504.9	380.83	0.0779	649.6	11.693	21.56	13.86	1.59
	103.02	21.14	73.72	0.00	0.0662	11.49	505.5	381.34	0.0775	645.5	11.619	21.42	13.76	1.59
	104.02	21.14	73.72	-0.00	0.0662	11.48	505.3	381.16	0.0772	643.4	11.582	21.36	13.71	1.59
	105.02	21.14	73.74	0.00	0.0663	11.50	505.8	381.44	0.0765	634.0	11.412	21.04	13.48	1.59
	106.02	21.14	73.69	0.00	0.0663	11.48	505.1	381.11	0.0767	638.3	11.489	21.19	13.59	1.59
	107.03	21.16	73.72	-0.00	0.0662	11.49	505.4	381.27	0.0770	638.4	11.492	21.19	13.59	1.59
	108.02	21.16	73.72	-0.00	0.0662	11.45	504.0	380.20	0.0772	646.0	11.628	21.44	13.77	1.59
	109.01	21.18	73.72	0.00	0.0662	11.48	505.0	380.97	0.0772	642.0	11.557	21.31	13.68	1.59
	110.09	21.18	73.72	-0.00	0.0662	11.47	504.7	380.73	0.0775	644.5	11.600	21.39	13.74	1.59
	111.01	21.18	73.72	0.00	0.0661	11.44	503.3	379.67	0.0775	647.7	11.659	21.50	13.81	1.59
	112.03	21.18	73.72	-0.00	0.0661	11.45	503.9	380.15	0.0777	648.8	11.679	21.54	13.84	1.59
	113.02	21.20	73.74	-0.00	0.0661	11.46	504.3	380.31	0.0778	651.1	11.720	21.61	13.89	1.59
	114.01	21.21	73.72	0.00	0.0660	11.44	503.2	379.68	0.0780	652.0	11.736	21.64	13.92	1.59
	115.08	21.21	73.72	0.00	0.0661	11.46	504.3	380.52	0.0777	648.3	11.669	21.52	13.83	1.59
	116.00	21.25	73.69	0.00	0.0661	11.46	504.1	380.54	0.0773	644.0	11.593	21.39	13.73	1.59
	117.02	21.26	73.80	-0.00	0.0661	11.45	503.6	379.66	0.0773	643.7	11.587	21.35	13.72	1.59
	118.02	21.28	73.72	-0.00	0.0661	11.45	503.9	380.30	0.0777	646.0	11.627	21.45	13.78	1.59
	119.03	21.28	73.72	-0.00	0.0661	11.44	503.3	379.84	0.0776	647.8	11.661	21.51	13.82	1.59
