Jul 23 2015 at 12:07:41
Frequency: 1.00Hz.
CO2
Zero:  Value:0.95  Date:18 Mar 2005	 at 07:22:33	
Span:  Value:1.00  Date:18 Mar 2005	 at 07:25:09	
H2O
Zero:  Value:0.71  Date:18 Mar 2005	 at 07:52:31	
Span:  Value:0.99  Date:18 Mar 2005	 at 11:44:01	
	Relative Time	Temperature	Pressure	Aux Input	CO2 Absorptance	CO2 mmol/m3	CO2 mg/m3	CO2 umol/mol	H2O Absorptance	H2O mmol/m3	H2O g/m3	H2O mmol/mol	H2O(°C)	Cooler Voltage
	0.11	36.55	73.80	-0.00	0.0688	12.08	531.5	421.48	0.0684	539.0	9.702	18.81	11.79	1.87
	1.11	36.62	73.80	0.00	0.0688	12.05	530.3	420.64	0.0682	532.3	9.581	18.58	11.60	1.87
	2.09	36.58	73.77	0.00	0.0689	12.09	532.0	422.07	0.0690	545.0	9.811	19.03	11.96	1.88
	3.10	36.60	73.77	0.00	0.0689	12.10	532.4	422.42	0.0689	546.0	9.829	19.06	11.98	1.88
	4.10	36.63	73.72	0.00	0.0691	12.13	533.7	423.81	0.0692	544.8	9.806	19.03	11.95	1.87
	5.10	36.58	73.74	0.00	0.0691	12.12	533.4	423.35	0.0690	543.2	9.778	18.97	11.91	1.87
	6.12	36.61	73.77	0.00	0.0692	12.16	535.0	424.47	0.0694	550.5	9.909	19.22	12.11	1.87
	7.19	36.62	73.77	-0.00	0.0691	12.14	534.1	423.82	0.0693	548.3	9.870	19.14	12.05	1.87
	8.10	36.58	73.72	0.00	0.0688	12.06	530.4	421.10	0.0688	541.3	9.743	18.91	11.85	1.88
	9.11	36.60	73.80	0.00	0.0685	12.02	528.9	419.48	0.0661	516.9	9.303	18.04	11.15	1.88
	10.11	36.58	73.74	-0.00	0.0686	12.00	528.1	419.09	0.0677	524.2	9.436	18.31	11.37	1.87
	11.11	36.58	73.77	-0.00	0.0686	12.03	529.2	419.87	0.0674	527.3	9.491	18.41	11.45	1.87
	12.11	36.58	73.77	-0.00	0.0687	12.04	529.8	420.28	0.0681	533.9	9.611	18.64	11.64	1.88
	13.10	36.61	73.77	0.00	0.0685	12.01	528.2	419.11	0.0665	523.2	9.417	18.26	11.34	1.88
	14.12	36.63	73.75	0.00	0.0681	11.91	524.0	415.95	0.0652	503.1	9.056	17.57	10.75	1.88
	15.18	36.63	73.74	-0.00	0.0683	11.93	524.7	416.52	0.0656	506.3	9.113	17.68	10.84	1.88
	16.10	36.60	73.77	0.00	0.0684	11.94	525.5	416.94	0.0655	506.9	9.125	17.70	10.86	1.88
	17.11	36.59	73.74	0.00	0.0682	11.95	525.6	417.13	0.0662	511.5	9.208	17.86	11.00	1.88
	18.11	36.62	73.74	0.00	0.0683	11.94	525.5	417.12	0.0657	505.7	9.103	17.66	10.83	1.88
	19.11	36.63	73.72	0.00	0.0682	11.92	524.7	416.62	0.0659	510.5	9.189	17.84	10.97	1.88
	20.12	36.65	73.80	0.00	0.0683	11.96	526.0	417.26	0.0661	512.5	9.224	17.89	11.03	1.88
	21.12	36.61	73.77	-0.00	0.0679	11.84	520.9	413.33	0.0646	496.3	8.934	17.33	10.55	1.88
	22.12	36.60	73.77	-0.00	0.0680	11.89	523.3	415.18	0.0649	499.0	8.982	17.42	10.62	1.88
	23.10	36.62	73.77	0.00	0.0678	11.88	522.6	414.63	0.0645	498.5	8.973	17.40	10.61	1.88
	24.12	36.59	73.75	-0.00	0.0675	11.77	517.9	411.02	0.0638	486.8	8.763	17.00	10.26	1.88
	25.12	36.62	73.80	0.00	0.0677	11.81	519.6	412.11	0.0639	487.9	8.783	17.03	10.29	1.88
	26.13	36.65	73.77	-0.00	0.0680	11.87	522.4	414.55	0.0644	493.2	8.877	17.22	10.45	1.88
	27.11	36.65	73.77	-0.00	0.0679	11.86	522.0	414.25	0.0642	492.5	8.865	17.20	10.43	1.88
	28.11	36.65	73.77	0.00	0.0679	11.83	520.7	413.21	0.0642	491.0	8.838	17.14	10.39	1.88
	29.11	36.64	73.77	-0.00	0.0678	11.86	521.8	414.03	0.0643	492.7	8.869	17.20	10.44	1.88
	30.19	36.69	73.77	-0.00	0.0679	11.84	520.9	413.37	0.0643	492.0	8.857	17.18	10.42	1.88
	31.11	36.70	73.74	0.00	0.0679	11.85	521.3	413.84	0.0643	492.8	8.871	17.22	10.44	1.88
	32.18	36.68	73.77	-0.00	0.0680	11.86	521.8	414.08	0.0644	493.1	8.876	17.22	10.45	1.88
	33.10	36.68	73.77	0.00	0.0680	11.89	523.2	415.19	0.0643	494.2	8.895	17.26	10.48	1.88
	34.10	36.68	73.80	0.00	0.0680	11.89	523.1	414.96	0.0645	494.3	8.897	17.25	10.49	1.88
	35.12	36.68	73.80	-0.00	0.0676	11.80	519.2	411.85	0.0635	485.0	8.730	16.93	10.20	1.88
	36.10	36.68	73.74	-0.00	0.0677	11.81	519.5	412.42	0.0638	486.5	8.757	16.99	10.25	1.88
	37.11	36.69	73.80	-0.00	0.0677	11.77	517.7	410.68	0.0638	483.1	8.696	16.86	10.15	1.88
	38.11	36.68	73.80	0.00	0.0677	11.82	520.0	412.55	0.0638	488.5	8.792	17.05	10.31	1.88
	39.09	36.68	73.80	0.00	0.0676	11.79	518.8	411.57	0.0637	486.4	8.756	16.98	10.25	1.88
	40.11	36.70	73.77	0.00	0.0678	11.83	520.7	413.22	0.0641	490.2	8.824	17.12	10.36	1.88
	41.09	36.67	73.74	0.00	0.0679	11.85	521.3	413.79	0.0641	490.2	8.823	17.12	10.36	1.88
	42.17	36.69	73.77	0.00	0.0677	11.82	520.2	412.81	0.0638	487.2	8.769	17.01	10.27	1.88
	43.12	36.68	73.77	-0.00	0.0677	11.83	520.3	412.93	0.0639	488.5	8.792	17.06	10.31	1.88
	44.10	36.67	73.77	0.00	0.0679	11.83	520.7	413.24	0.0642	489.4	8.810	17.09	10.34	1.88
	45.12	36.72	73.80	-0.00	0.0679	11.87	522.1	414.28	0.0642	492.0	8.856	17.18	10.42	1.88
	46.16	36.72	73.77	0.00	0.0680	11.85	521.4	413.81	0.0643	490.8	8.835	17.14	10.38	1.88
	47.10	36.72	73.80	0.00	0.0679	11.87	522.1	414.25	0.0642	491.8	8.853	17.17	10.41	1.88
	48.09	36.73	73.80	-0.00	0.0679	11.87	522.4	414.52	0.0642	492.6	8.867	17.20	10.44	1.88
	49.11	36.73	73.80	-0.00	0.0678	11.82	520.1	412.71	0.0640	488.6	8.795	17.06	10.32	1.88
	50.09	36.73	73.77	0.00	0.0679	11.85	521.4	413.90	0.0642	491.1	8.839	17.15	10.39	1.88
	51.09	36.74	73.77	0.00	0.0678	11.83	520.7	413.33	0.0640	490.0	8.820	17.11	10.36	1.88
	52.12	36.71	73.82	-0.00	0.0678	11.83	520.6	412.89	0.0640	489.7	8.814	17.09	10.35	1.88
	53.12	36.71	73.74	-0.00	0.0677	11.81	519.7	412.64	0.0639	488.5	8.794	17.07	10.31	1.88
	54.12	36.70	73.77	-0.00	0.0678	11.83	520.6	413.14	0.0641	489.7	8.815	17.10	10.35	1.88
	55.12	36.78	73.74	0.00	0.0677	11.82	520.3	413.17	0.0640	489.0	8.802	17.09	10.33	1.89
	56.11	36.78	73.77	0.00	0.0678	11.85	521.3	413.82	0.0641	490.9	8.836	17.15	10.39	1.89
	57.11	36.79	73.74	0.00	0.0679	11.85	521.5	414.17	0.0642	491.6	8.849	17.18	10.41	1.89
	58.11	36.76	73.77	-0.00	0.0680	11.87	522.3	414.56	0.0643	492.1	8.858	17.19	10.42	1.89
	59.11	36.80	73.75	0.00	0.0679	11.86	521.8	414.44	0.0642	491.7	8.850	17.18	10.41	1.89
	60.12	36.80	73.80	-0.00	0.0680	11.88	522.7	414.87	0.0643	493.8	8.888	17.24	10.48	1.89
	61.10	36.79	73.80	-0.00	0.0680	11.87	522.3	414.52	0.0644	493.0	8.875	17.22	10.45	1.89
	62.12	36.79	73.77	0.00	0.0680	11.88	522.6	414.90	0.0644	493.3	8.879	17.23	10.46	1.89
	63.10	36.82	73.77	0.00	0.0680	11.88	522.7	414.97	0.0644	494.0	8.892	17.26	10.48	1.89
	64.10	36.76	73.77	0.00	0.0680	11.89	523.4	415.45	0.0644	495.0	8.911	17.29	10.51	1.89
	65.10	36.75	73.77	0.00	0.0681	11.89	523.2	415.28	0.0645	494.3	8.897	17.26	10.49	1.89
	66.11	36.76	73.77	-0.00	0.0679	11.87	522.3	414.60	0.0643	493.3	8.880	17.23	10.46	1.89
	67.11	36.73	73.74	0.00	0.0680	11.88	522.8	415.14	0.0644	493.8	8.888	17.25	10.47	1.89
	68.09	36.80	73.77	0.00	0.0680	11.89	523.2	415.34	0.0644	494.9	8.908	17.29	10.51	1.89
	69.11	36.73	73.74	0.00	0.0680	11.89	523.1	415.37	0.0645	495.1	8.911	17.30	10.51	1.89
	70.09	36.71	73.77	0.00	0.0681	11.89	523.2	415.26	0.0645	494.7	8.905	17.28	10.50	1.89
	71.09	36.72	73.77	0.00	0.0680	11.87	522.5	414.71	0.0644	493.7	8.886	17.24	10.47	1.89
	72.12	36.71	73.77	-0.00	0.0680	11.87	522.1	414.42	0.0643	493.0	8.874	17.22	10.45	1.89
	73.10	36.70	73.80	0.00	0.0681	11.89	523.3	415.18	0.0646	494.9	8.907	17.27	10.50	1.89
	74.12	36.77	73.77	0.00	0.0681	11.90	523.5	415.59	0.0645	495.7	8.923	17.31	10.53	1.89
	75.08	36.79	73.77	0.00	0.0682	11.92	524.3	416.25	0.0647	496.5	8.937	17.34	10.56	1.89
	76.10	36.81	73.77	0.00	0.0682	11.92	524.4	416.35	0.0647	496.7	8.941	17.35	10.57	1.89
	77.11	36.81	73.74	-0.00	0.0681	11.91	524.2	416.36	0.0647	495.9	8.925	17.33	10.54	1.89
	78.09	36.81	73.80	0.00	0.0680	11.88	522.6	414.75	0.0644	494.0	8.891	17.25	10.48	1.89
	79.09	36.80	73.74	0.00	0.0681	11.90	523.8	416.00	0.0646	496.7	8.941	17.36	10.57	1.89
	80.11	36.86	73.77	-0.00	0.0682	11.93	524.9	416.79	0.0649	498.3	8.970	17.41	10.62	1.89
	81.11	36.88	73.77	0.00	0.0681	11.92	524.6	416.56	0.0647	497.9	8.963	17.40	10.61	1.89
	82.10	36.88	73.77	0.00	0.0682	11.92	524.6	416.59	0.0648	497.5	8.956	17.38	10.60	1.89
	83.12	36.89	73.77	-0.00	0.0680	11.89	523.4	415.61	0.0644	495.0	8.910	17.30	10.52	1.89
	84.12	36.85	73.77	0.00	0.0682	11.91	524.1	416.16	0.0647	496.8	8.942	17.36	10.57	1.90
	85.10	36.87	73.80	0.00	0.0681	11.91	524.1	416.05	0.0646	497.2	8.949	17.36	10.58	1.89
	86.11	36.86	73.77	-0.00	0.0681	11.88	522.9	415.17	0.0645	493.9	8.891	17.26	10.48	1.89
	87.09	36.85	73.82	0.00	0.0681	11.90	523.8	415.59	0.0647	495.8	8.925	17.31	10.54	1.90
	88.11	36.85	73.77	0.00	0.0681	11.90	523.7	415.81	0.0646	495.6	8.921	17.31	10.53	1.89
	89.11	36.86	73.74	0.00	0.0679	11.85	521.4	414.15	0.0644	492.3	8.862	17.21	10.44	1.89
	90.17	36.90	73.77	0.00	0.0680	11.88	522.6	415.00	0.0644	494.1	8.894	17.27	10.49	1.90
	91.10	36.88	73.77	0.00	0.0680	11.89	523.1	415.42	0.0645	495.9	8.926	17.33	10.54	1.90
	92.10	36.88	73.74	0.00	0.0680	11.89	523.1	415.54	0.0647	497.3	8.952	17.38	10.59	1.89
	93.10	36.82	73.77	0.00	0.0680	11.88	522.6	414.94	0.0646	496.1	8.930	17.33	10.55	1.90
	94.11	36.91	73.77	-0.00	0.0681	11.88	522.6	415.08	0.0646	494.4	8.898	17.27	10.50	1.89
	95.10	36.90	73.77	0.00	0.0681	11.91	523.9	416.04	0.0646	496.2	8.932	17.34	10.56	1.90
	96.11	36.88	73.80	-0.00	0.0681	11.90	523.8	415.78	0.0646	496.4	8.935	17.34	10.56	1.90
	97.11	36.90	73.77	0.00	0.0680	11.89	522.9	415.31	0.0645	495.8	8.924	17.32	10.54	1.90
	98.11	36.90	73.74	-0.00	0.0682	11.93	524.8	416.89	0.0650	500.1	9.003	17.48	10.67	1.90
	99.12	36.88	73.77	-0.00	0.0682	11.92	524.5	416.50	0.0649	498.7	8.977	17.43	10.63	1.90
	100.11	36.92	73.77	-0.00	0.0680	11.87	522.5	414.95	0.0646	495.2	8.914	17.31	10.53	1.90
	101.10	36.93	73.74	0.00	0.0682	11.93	524.7	416.89	0.0649	498.8	8.979	17.44	10.64	1.90
	102.09	36.93	73.82	0.00	0.0681	11.90	523.5	415.47	0.0647	497.4	8.952	17.37	10.59	1.90
	103.10	36.89	73.80	0.00	0.0682	11.92	524.7	416.52	0.0650	500.4	9.007	17.48	10.68	1.90
	104.10	36.92	73.77	0.00	0.0683	11.94	525.1	417.08	0.0651	501.0	9.018	17.51	10.70	1.90
	105.10	36.93	73.77	0.00	0.0683	11.94	525.2	417.11	0.0652	502.3	9.042	17.55	10.74	1.90
	106.10	36.89	73.77	0.00	0.0684	11.95	525.6	417.41	0.0653	502.8	9.050	17.57	10.75	1.90
	107.09	36.93	73.74	0.00	0.0684	11.96	526.3	418.14	0.0653	503.0	9.054	17.59	10.76	1.90
	108.09	36.93	73.74	0.00	0.0684	11.97	526.6	418.40	0.0654	504.0	9.071	17.62	10.79	1.90
	109.09	36.92	73.77	0.00	0.0683	11.96	526.2	417.93	0.0653	504.1	9.073	17.61	10.79	1.90
	110.12	36.93	73.77	0.00	0.0682	11.94	525.2	417.12	0.0652	501.4	9.026	17.52	10.71	1.90
	111.12	36.93	73.77	0.00	0.0682	11.92	524.7	416.70	0.0651	500.1	9.002	17.48	10.68	1.90
	112.12	36.95	73.74	-0.00	0.0681	11.90	523.5	415.97	0.0649	498.6	8.975	17.43	10.63	1.90
	113.12	36.93	73.77	-0.00	0.0682	11.93	524.8	416.81	0.0651	501.0	9.017	17.51	10.70	1.90
	114.10	36.95	73.80	0.00	0.0684	11.97	526.8	418.31	0.0654	504.1	9.075	17.61	10.80	1.90
	115.11	36.87	73.74	-0.00	0.0684	11.97	526.7	418.36	0.0654	504.0	9.073	17.62	10.79	1.90
	116.13	36.95	73.74	-0.00	0.0685	12.01	528.4	419.81	0.0655	506.8	9.122	17.72	10.87	1.90
	117.11	36.94	73.77	-0.00	0.0683	11.95	525.9	417.73	0.0652	503.1	9.055	17.58	10.76	1.90
	118.12	36.92	73.77	-0.00	0.0684	11.97	526.9	418.45	0.0654	504.5	9.080	17.63	10.80	1.90
	119.11	36.92	73.74	-0.00	0.0682	11.90	523.4	415.87	0.0650	497.8	8.961	17.40	10.60	1.90
	120.12	36.90	73.77	0.00	0.0683	11.94	525.3	417.17	0.0651	501.6	9.028	17.53	10.72	1.90
	121.18	36.92	73.77	0.00	0.0683	11.97	526.6	418.20	0.0652	503.9	9.071	17.61	10.79	1.90
