Jul 23 2015 at 10:35:41
Frequency: 1.00Hz.
CO2
Zero:  Value:0.95  Date:18 Mar 2005	 at 07:22:33	
Span:  Value:1.00  Date:18 Mar 2005	 at 07:25:09	
H2O
Zero:  Value:0.71  Date:18 Mar 2005	 at 07:52:31	
Span:  Value:0.99  Date:18 Mar 2005	 at 11:44:01	
	Relative Time	Temperature	Pressure	Aux Input	CO2 Absorptance	CO2 mmol/m3	CO2 mg/m3	CO2 umol/mol	H2O Absorptance	H2O mmol/m3	H2O g/m3	H2O mmol/mol	H2O(°C)	Cooler Voltage
	0.97	31.95	73.77	0.00	0.0679	11.91	524.2	409.64	0.0663	502.8	9.050	17.29	10.51	1.69
	1.97	31.93	73.77	-0.00	0.0663	11.54	507.6	396.69	0.0724	574.7	10.345	19.76	12.53	1.69
	2.96	31.91	73.77	-0.00	0.0672	11.71	515.0	402.44	0.0692	547.2	9.850	18.81	11.79	1.69
	3.96	31.91	73.74	-0.00	0.0675	11.73	516.3	403.60	0.0684	541.6	9.748	18.63	11.63	1.69
	4.96	31.96	73.74	0.00	0.0680	11.89	523.1	408.99	0.0660	511.3	9.204	17.59	10.76	1.69
	5.94	31.96	73.80	0.00	0.0681	11.89	523.4	408.88	0.0657	509.4	9.169	17.51	10.71	1.69
	6.97	31.96	73.77	0.00	0.0688	12.06	530.8	414.86	0.0642	489.8	8.817	16.84	10.12	1.69
	8.03	31.91	73.74	0.00	0.0690	12.07	531.1	415.15	0.0643	493.2	8.877	16.96	10.22	1.69
	8.95	31.93	73.77	0.00	0.0694	12.22	537.5	420.00	0.0645	494.4	8.900	17.00	10.26	1.69
	9.95	31.96	73.77	0.00	0.0693	12.19	536.4	419.19	0.0647	495.5	8.919	17.04	10.29	1.69
	10.95	31.92	73.80	0.00	0.0690	12.23	537.9	420.18	0.0664	507.9	9.142	17.46	10.66	1.69
	11.95	31.96	73.74	0.00	0.0690	12.12	533.2	416.82	0.0654	504.3	9.078	17.35	10.56	1.69
	12.96	31.91	73.74	-0.00	0.0688	12.07	531.2	415.23	0.0655	505.4	9.097	17.38	10.59	1.69
	13.96	31.91	73.75	0.00	0.0688	12.09	531.8	415.66	0.0662	514.5	9.262	17.70	10.86	1.69
	14.95	31.93	73.77	0.00	0.0684	11.99	527.4	412.11	0.0660	516.4	9.296	17.76	10.91	1.69
	15.96	31.94	73.77	-0.00	0.0682	11.90	523.8	409.32	0.0658	506.4	9.115	17.41	10.62	1.69
	16.96	31.91	73.77	0.00	0.0679	11.87	522.2	408.04	0.0655	503.8	9.069	17.32	10.54	1.70
	17.96	31.89	73.77	-0.00	0.0680	11.88	522.9	408.56	0.0647	495.2	8.913	17.02	10.28	1.69
	18.95	31.89	73.77	-0.00	0.0681	11.88	522.7	408.42	0.0650	501.3	9.023	17.23	10.46	1.69
	19.94	31.90	73.77	0.00	0.0680	11.88	522.9	408.59	0.0646	497.6	8.956	17.11	10.35	1.69
	21.03	31.95	73.77	0.00	0.0679	11.85	521.5	407.55	0.0651	501.4	9.026	17.24	10.47	1.69
	21.93	31.94	73.74	0.00	0.0679	11.86	522.0	408.06	0.0651	501.3	9.023	17.24	10.47	1.69
	22.95	31.95	73.77	0.00	0.0679	11.85	521.4	407.45	0.0651	501.5	9.027	17.24	10.47	1.70
	24.02	31.97	73.77	0.00	0.0679	11.86	522.0	407.98	0.0655	506.9	9.124	17.43	10.63	1.69
	24.95	31.93	73.77	0.00	0.0681	11.91	524.0	409.48	0.0654	504.3	9.078	17.34	10.56	1.69
	25.94	31.90	73.75	0.00	0.0679	11.87	522.2	408.19	0.0659	509.1	9.164	17.51	10.70	1.69
	26.94	31.91	73.77	0.00	0.0679	11.86	521.7	407.65	0.0659	510.4	9.188	17.55	10.74	1.69
	27.95	31.89	73.77	-0.00	0.0679	11.85	521.5	407.48	0.0660	510.3	9.185	17.54	10.73	1.69
	28.95	31.91	73.74	-0.00	0.0678	11.83	520.7	406.99	0.0660	511.8	9.212	17.60	10.78	1.70
	29.95	31.96	73.77	-0.00	0.0678	11.83	520.7	406.95	0.0661	512.8	9.230	17.63	10.81	1.69
	30.95	31.95	73.74	0.00	0.0677	11.83	520.4	406.80	0.0661	512.5	9.226	17.63	10.80	1.69
	31.95	31.99	73.74	-0.00	0.0678	11.83	520.4	406.91	0.0662	512.7	9.229	17.64	10.81	1.69
	32.96	31.95	73.77	0.00	0.0677	11.81	519.8	406.23	0.0664	513.7	9.247	17.66	10.83	1.69
	33.95	31.98	73.75	0.00	0.0676	11.82	520.1	406.64	0.0665	515.2	9.274	17.72	10.88	1.69
	34.96	32.00	73.77	0.00	0.0676	11.79	518.9	405.62	0.0666	517.8	9.320	17.81	10.95	1.70
	35.96	31.98	73.77	0.00	0.0676	11.79	518.6	405.33	0.0667	518.5	9.333	17.83	10.98	1.69
	36.96	31.97	73.77	0.00	0.0676	11.78	518.4	405.18	0.0668	519.7	9.354	17.87	11.01	1.69
	37.95	31.95	73.74	0.00	0.0675	11.77	517.7	404.72	0.0673	524.1	9.433	18.03	11.13	1.69
	38.97	31.99	73.77	-0.00	0.0674	11.75	516.8	403.93	0.0673	526.7	9.480	18.11	11.21	1.69
	39.95	31.97	73.77	-0.00	0.0677	11.77	517.9	404.79	0.0665	521.8	9.392	17.94	11.07	1.69
	40.95	31.96	73.74	0.00	0.0674	11.74	516.3	403.68	0.0673	525.8	9.464	18.09	11.18	1.70
	41.95	32.00	73.77	0.00	0.0674	11.75	516.8	403.95	0.0674	525.8	9.464	18.08	11.19	1.69
	42.95	31.99	73.80	0.00	0.0674	11.74	516.7	403.69	0.0673	525.3	9.455	18.06	11.17	1.69
	43.95	31.97	73.74	0.00	0.0674	11.74	516.7	403.98	0.0673	525.1	9.452	18.06	11.17	1.69
	44.94	31.99	73.77	0.00	0.0675	11.77	517.9	404.81	0.0672	521.7	9.391	17.94	11.07	1.69
	45.94	31.99	73.77	0.00	0.0674	11.75	516.9	403.97	0.0671	526.8	9.483	18.12	11.22	1.70
	46.96	31.99	73.74	0.00	0.0672	11.73	516.1	403.51	0.0677	529.1	9.525	18.20	11.28	1.69
	47.94	32.02	73.77	0.00	0.0674	11.73	516.1	403.40	0.0676	528.4	9.511	18.17	11.26	1.69
	48.95	32.03	73.77	0.00	0.0674	11.73	516.2	403.50	0.0676	529.7	9.535	18.22	11.30	1.69
	49.95	31.99	73.77	0.00	0.0673	11.71	515.0	402.55	0.0680	534.1	9.614	18.37	11.42	1.69
	50.95	31.99	73.72	0.00	0.0672	11.70	514.7	402.58	0.0680	532.0	9.575	18.31	11.36	1.69
	51.95	32.04	73.77	-0.00	0.0673	11.72	515.5	402.94	0.0677	530.9	9.556	18.26	11.33	1.69
	52.95	31.99	73.74	0.00	0.0672	11.71	515.2	402.81	0.0678	531.9	9.574	18.30	11.36	1.69
	53.95	32.02	73.80	-0.00	0.0673	11.70	514.8	402.29	0.0679	534.4	9.619	18.37	11.43	1.69
	54.96	31.99	73.77	0.00	0.0672	11.68	513.7	401.52	0.0680	535.4	9.638	18.41	11.46	1.69
	55.94	32.01	73.77	0.00	0.0672	11.68	514.0	401.75	0.0678	532.7	9.589	18.32	11.39	1.69
	56.94	32.02	73.77	0.00	0.0671	11.68	514.0	401.75	0.0680	533.7	9.607	18.36	11.41	1.69
	58.03	32.00	73.75	0.00	0.0671	11.68	514.1	401.94	0.0683	536.2	9.652	18.45	11.48	1.69
	58.95	32.01	73.74	-0.00	0.0671	11.74	516.6	403.90	0.0681	525.8	9.464	18.09	11.19	1.69
	59.94	32.04	73.80	0.00	0.0670	11.65	512.7	400.65	0.0687	540.6	9.731	18.59	11.61	1.69
	61.03	32.01	73.74	0.00	0.0670	11.66	513.0	401.13	0.0688	542.8	9.770	18.67	11.67	1.69
	61.95	32.03	73.80	0.00	0.0670	11.65	512.7	400.65	0.0688	542.2	9.760	18.64	11.65	1.69
	62.96	32.03	73.74	-0.00	0.0670	11.64	512.1	400.43	0.0688	543.8	9.788	18.71	11.70	1.69
	63.95	31.99	73.74	0.00	0.0671	11.68	513.8	401.76	0.0685	538.7	9.696	18.53	11.55	1.69
	64.96	32.03	73.75	0.00	0.0668	11.61	510.7	399.36	0.0694	548.1	9.866	18.86	11.82	1.69
	65.94	32.01	73.74	0.00	0.0670	11.65	512.5	400.76	0.0690	544.4	9.799	18.73	11.71	1.69
	66.96	32.04	73.74	0.00	0.0670	11.65	512.6	400.82	0.0691	546.1	9.829	18.79	11.76	1.69
	67.95	32.00	73.80	-0.00	0.0670	11.64	512.3	400.27	0.0690	544.7	9.804	18.72	11.72	1.69
	68.97	32.01	73.74	-0.00	0.0670	11.62	511.2	399.69	0.0690	544.0	9.792	18.72	11.70	1.69
	69.95	32.01	73.74	-0.00	0.0669	11.62	511.3	399.78	0.0691	546.4	9.836	18.80	11.77	1.69
	70.97	31.99	73.77	0.00	0.0670	11.65	512.7	400.75	0.0690	544.8	9.807	18.74	11.72	1.70
	71.95	32.03	73.77	0.00	0.0669	11.64	512.1	400.29	0.0692	546.5	9.836	18.79	11.77	1.69
	72.96	32.03	73.75	-0.00	0.0669	11.64	512.0	400.37	0.0692	547.4	9.853	18.83	11.80	1.69
	73.94	32.03	73.75	0.00	0.0668	11.62	511.1	399.64	0.0692	546.2	9.832	18.79	11.76	1.69
	74.94	32.03	73.77	0.00	0.0669	11.66	513.2	401.14	0.0690	542.0	9.756	18.64	11.65	1.70
	75.94	32.03	73.77	0.00	0.0669	11.62	511.1	399.54	0.0693	549.6	9.892	18.90	11.86	1.70
	76.95	32.06	73.74	0.00	0.0668	11.59	509.8	398.68	0.0697	552.8	9.950	19.02	11.95	1.70
	77.94	32.03	73.74	0.00	0.0669	11.63	511.8	400.24	0.0695	551.0	9.917	18.96	11.90	1.69
	78.95	32.03	73.74	0.00	0.0669	11.63	511.8	400.22	0.0695	551.2	9.921	18.96	11.90	1.70
	79.95	32.07	73.77	-0.00	0.0669	11.61	510.9	399.43	0.0697	551.1	9.920	18.96	11.90	1.70
	81.03	32.03	73.75	0.00	0.0669	11.63	511.7	400.11	0.0697	551.7	9.931	18.98	11.92	1.69
	81.95	32.03	73.77	0.00	0.0669	11.63	511.7	399.99	0.0695	551.1	9.920	18.96	11.90	1.70
	82.96	32.06	73.77	-0.00	0.0669	11.62	511.4	399.78	0.0700	555.1	9.992	19.09	12.01	1.69
	83.94	32.06	73.74	-0.00	0.0668	11.64	512.2	400.54	0.0700	552.5	9.946	19.01	11.94	1.69
	84.96	32.01	73.77	-0.00	0.0669	11.61	510.9	399.35	0.0702	559.0	10.061	19.22	12.11	1.70
	85.94	32.03	73.74	-0.00	0.0668	11.62	511.4	399.92	0.0700	555.2	9.994	19.10	12.01	1.70
	86.95	32.03	73.77	-0.00	0.0668	11.61	510.9	399.39	0.0700	557.0	10.026	19.16	12.06	1.70
	87.94	32.01	73.74	0.00	0.0669	11.63	511.6	399.99	0.0703	559.8	10.077	19.26	12.14	1.70
	88.94	32.03	73.74	0.00	0.0669	11.63	511.6	400.04	0.0702	559.0	10.061	19.23	12.11	1.70
	89.95	32.03	73.77	0.00	0.0669	11.62	511.1	399.50	0.0705	560.7	10.092	19.28	12.16	1.70
	91.03	32.07	73.77	0.00	0.0669	11.63	511.9	400.17	0.0706	563.3	10.139	19.38	12.23	1.69
	91.95	32.05	73.74	0.00	0.0669	11.62	511.4	399.93	0.0706	563.8	10.149	19.40	12.25	1.70
	92.96	32.05	73.77	0.00	0.0668	11.61	510.9	399.34	0.0706	562.6	10.126	19.35	12.21	1.70
	93.94	32.05	73.77	0.00	0.0668	11.62	511.4	399.81	0.0706	556.7	10.021	19.15	12.05	1.70
	95.04	32.04	73.80	0.00	0.0668	11.61	510.9	399.22	0.0708	565.6	10.180	19.45	12.29	1.70
	95.94	32.06	73.77	0.00	0.0668	11.63	511.5	399.88	0.0704	556.2	10.012	19.13	12.04	1.70
	96.97	32.03	73.72	-0.00	0.0669	11.61	510.8	399.60	0.0704	559.9	10.078	19.27	12.14	1.70
	97.94	32.09	73.74	0.00	0.0668	11.62	511.2	399.79	0.0706	563.7	10.147	19.40	12.25	1.70
	98.97	32.03	73.77	0.00	0.0668	11.61	510.8	399.28	0.0710	566.6	10.199	19.49	12.32	1.70
	99.95	32.03	73.77	0.00	0.0667	11.58	509.5	398.27	0.0713	569.3	10.247	19.58	12.39	1.70
	100.95	32.03	73.77	0.00	0.0666	11.58	509.4	398.22	0.0715	573.3	10.319	19.72	12.50	1.70
	101.95	32.06	73.77	0.00	0.0667	11.59	509.8	398.52	0.0717	574.1	10.334	19.75	12.52	1.70
	102.96	32.05	73.77	-0.00	0.0667	11.58	509.4	398.20	0.0715	572.8	10.310	19.70	12.49	1.70
	103.94	32.05	73.74	0.00	0.0667	11.60	510.2	399.02	0.0714	573.7	10.327	19.74	12.51	1.70
	104.96	32.03	73.74	-0.00	0.0667	11.57	509.1	398.07	0.0713	577.2	10.389	19.86	12.60	1.70
	105.94	32.05	73.77	0.00	0.0666	11.58	509.4	398.21	0.0717	576.5	10.377	19.83	12.58	1.70
	106.95	32.07	73.75	0.00	0.0666	11.56	508.8	397.92	0.0717	576.0	10.369	19.82	12.57	1.70
	107.95	32.08	73.77	-0.00	0.0666	11.57	509.1	398.03	0.0719	575.6	10.360	19.80	12.56	1.70
	108.95	32.05	73.74	0.00	0.0666	11.57	509.0	398.07	0.0718	577.3	10.391	19.86	12.61	1.70
	109.93	32.03	73.77	0.00	0.0666	11.57	509.0	397.89	0.0719	580.0	10.441	19.95	12.68	1.70
	110.95	32.08	73.77	0.00	0.0665	11.51	506.5	395.97	0.0718	581.0	10.458	19.99	12.71	1.70
	111.93	32.08	73.77	0.00	0.0666	11.57	508.9	397.87	0.0716	572.6	10.308	19.70	12.48	1.70
	112.96	32.05	73.74	-0.00	0.0666	11.56	508.5	397.65	0.0718	579.9	10.439	19.96	12.68	1.70
	114.01	32.08	73.74	0.00	0.0666	11.56	508.8	397.91	0.0720	579.0	10.423	19.93	12.65	1.70
	114.96	32.10	73.74	-0.00	0.0667	11.58	509.4	398.40	0.0719	579.2	10.425	19.93	12.66	1.70
	115.94	32.09	73.75	0.00	0.0666	11.56	508.5	397.68	0.0720	579.9	10.438	19.95	12.68	1.70
	116.95	32.07	73.77	-0.00	0.0665	11.53	507.4	396.70	0.0721	580.9	10.457	19.98	12.70	1.70
	117.97	32.07	73.72	-0.00	0.0664	11.52	507.1	396.69	0.0722	581.5	10.468	20.02	12.72	1.70
	118.97	32.05	73.77	-0.00	0.0665	11.53	507.4	396.64	0.0721	581.2	10.462	19.99	12.71	1.70
	119.97	32.08	73.74	-0.00	0.0664	11.52	507.0	396.49	0.0723	579.2	10.425	19.93	12.66	1.70
	120.96	32.06	73.75	-0.00	0.0665	11.54	507.7	397.03	0.0723	582.5	10.484	20.04	12.74	1.70
