Jul 23 2015 at 11:14:47
Frequency: 1.00Hz.
CO2
Zero:  Value:0.95  Date:18 Mar 2005	 at 07:22:33	
Span:  Value:1.00  Date:18 Mar 2005	 at 07:25:09	
H2O
Zero:  Value:0.71  Date:18 Mar 2005	 at 07:52:31	
Span:  Value:0.99  Date:18 Mar 2005	 at 11:44:01	
	Relative Time	Temperature	Pressure	Aux Input	CO2 Absorptance	CO2 mmol/m3	CO2 mg/m3	CO2 umol/mol	H2O Absorptance	H2O mmol/m3	H2O g/m3	H2O mmol/mol	H2O(°C)	Cooler Voltage
	0.23	30.52	73.75	-0.00	0.0683	11.94	525.3	408.74	0.0558	402.9	7.253	13.79	7.17	1.63
	1.22	30.51	73.74	0.00	0.0681	11.92	524.5	408.07	0.0559	404.2	7.275	13.84	7.21	1.63
	2.23	30.53	73.74	-0.00	0.0681	11.90	523.7	407.51	0.0558	403.8	7.269	13.83	7.20	1.63
	3.21	30.52	73.72	0.00	0.0680	11.88	522.9	406.98	0.0562	406.3	7.313	13.91	7.29	1.63
	4.21	30.50	73.77	0.00	0.0680	11.88	522.8	406.64	0.0562	407.8	7.341	13.96	7.34	1.63
	5.23	30.52	73.74	-0.00	0.0679	11.87	522.3	406.40	0.0563	407.8	7.340	13.96	7.34	1.63
	6.30	30.55	73.77	-0.00	0.0679	11.85	521.4	405.62	0.0561	406.0	7.308	13.90	7.28	1.63
	7.21	30.55	73.75	0.00	0.0678	11.83	520.7	405.20	0.0562	407.5	7.335	13.95	7.33	1.64
	8.22	30.59	73.77	-0.00	0.0678	11.83	520.7	405.11	0.0563	409.6	7.373	14.02	7.41	1.64
	9.22	30.62	73.77	-0.00	0.0678	11.83	520.7	405.11	0.0562	408.8	7.358	13.99	7.38	1.63
	10.22	30.65	73.72	0.00	0.0678	11.83	520.6	405.35	0.0571	417.2	7.510	14.30	7.68	1.63
	11.20	30.63	73.77	0.00	0.0678	11.83	520.6	405.06	0.0569	414.4	7.458	14.19	7.58	1.63
	12.21	30.68	73.75	0.00	0.0678	11.83	520.6	405.26	0.0567	414.3	7.457	14.19	7.58	1.63
	13.21	30.69	73.72	0.00	0.0678	11.84	520.8	405.58	0.0566	411.9	7.414	14.11	7.50	1.63
	14.21	30.73	73.77	-0.00	0.0678	11.83	520.4	405.09	0.0567	413.0	7.434	14.14	7.54	1.63
	15.23	30.75	73.74	-0.00	0.0677	11.82	520.0	404.89	0.0569	414.1	7.455	14.19	7.58	1.63
	16.21	30.73	73.75	0.00	0.0677	11.81	519.8	404.70	0.0572	417.4	7.514	14.30	7.69	1.63
	17.21	30.75	73.74	0.00	0.0677	11.80	519.2	404.31	0.0574	417.5	7.515	14.30	7.70	1.63
	18.20	30.75	73.74	0.00	0.0676	11.79	518.7	403.91	0.0575	420.5	7.569	14.41	7.80	1.63
	19.20	30.77	73.77	0.00	0.0676	11.79	518.9	403.95	0.0573	419.5	7.550	14.37	7.77	1.64
	20.20	30.82	73.74	0.00	0.0676	11.78	518.5	403.82	0.0575	418.1	7.527	14.33	7.72	1.64
	21.20	30.79	73.72	0.00	0.0675	11.78	518.2	403.72	0.0579	425.6	7.661	14.59	7.98	1.64
	22.20	30.79	73.77	0.00	0.0676	11.78	518.4	403.62	0.0580	426.0	7.668	14.59	8.00	1.63
	23.21	30.79	73.77	0.00	0.0675	11.77	517.7	403.06	0.0584	429.6	7.732	14.72	8.12	1.63
	24.21	30.78	73.75	0.00	0.0675	11.77	518.0	403.40	0.0584	429.7	7.735	14.72	8.12	1.63
	25.21	30.81	73.77	0.00	0.0674	11.75	517.0	402.51	0.0588	430.8	7.755	14.76	8.16	1.64
	26.22	30.83	73.74	-0.00	0.0674	11.74	516.7	402.42	0.0592	437.1	7.867	14.98	8.37	1.63
	27.22	30.83	73.75	0.00	0.0673	11.72	515.9	401.82	0.0563	415.3	7.475	14.23	7.62	1.64
	28.22	30.79	73.77	-0.00	0.0673	11.71	515.5	401.29	0.0580	413.1	7.435	14.15	7.54	1.63
	29.23	30.81	73.74	-0.00	0.0673	11.73	516.1	401.92	0.0596	442.9	7.972	15.18	8.57	1.64
	30.23	30.78	73.74	-0.00	0.0673	11.71	515.4	401.39	0.0604	449.3	8.088	15.40	8.78	1.64
	31.22	30.77	73.72	0.00	0.0673	11.72	515.7	401.76	0.0599	445.5	8.019	15.27	8.65	1.64
	32.21	30.77	73.74	0.00	0.0672	11.71	515.1	401.12	0.0601	449.3	8.087	15.39	8.78	1.64
	33.21	30.79	73.77	0.00	0.0672	11.70	515.0	400.90	0.0600	446.4	8.035	15.29	8.68	1.63
	34.23	30.80	73.74	-0.00	0.0672	11.70	514.9	401.01	0.0602	450.4	8.107	15.43	8.82	1.63
	35.23	30.78	73.77	0.00	0.0672	11.70	514.9	400.86	0.0611	454.0	8.172	15.55	8.93	1.64
	36.22	30.76	73.77	-0.00	0.0670	11.66	513.2	399.51	0.0618	469.9	8.459	16.10	9.44	1.64
	37.22	30.75	73.77	0.00	0.0671	11.68	514.1	400.16	0.0610	460.7	8.292	15.78	9.15	1.64
	38.20	30.75	73.74	0.00	0.0672	11.68	514.1	400.33	0.0606	452.1	8.138	15.49	8.87	1.64
	39.22	30.74	73.77	0.00	0.0672	11.68	514.1	400.18	0.0604	450.7	8.112	15.44	8.82	1.64
	40.23	30.73	73.74	-0.00	0.0671	11.68	514.1	400.29	0.0603	446.0	8.028	15.28	8.67	1.64
	41.28	30.73	73.77	0.00	0.0671	11.68	514.1	400.16	0.0608	453.4	8.162	15.53	8.91	1.64
	42.23	30.72	73.74	0.00	0.0670	11.67	513.6	399.89	0.0615	463.2	8.337	15.87	9.23	1.64
	43.21	30.74	73.75	-0.00	0.0671	11.66	513.2	399.59	0.0613	459.8	8.277	15.75	9.12	1.64
	44.21	30.73	73.74	0.00	0.0670	11.66	513.2	399.62	0.0619	463.8	8.349	15.89	9.25	1.64
	45.21	30.75	73.74	0.00	0.0670	11.66	512.9	399.40	0.0619	464.2	8.355	15.90	9.26	1.64
	46.22	30.75	73.74	-0.00	0.0670	11.66	513.0	399.45	0.0615	457.9	8.243	15.69	9.06	1.64
	47.21	30.77	73.77	0.00	0.0670	11.65	512.5	398.96	0.0623	470.7	8.473	16.12	9.47	1.64
	48.20	30.84	73.77	0.00	0.0669	11.64	512.3	398.89	0.0623	469.9	8.458	16.10	9.45	1.64
	49.22	30.77	73.77	-0.00	0.0669	11.63	511.7	398.32	0.0629	476.6	8.578	16.32	9.65	1.64
	50.22	30.76	73.77	0.00	0.0669	11.64	512.3	398.75	0.0625	476.6	8.578	16.32	9.65	1.64
	51.20	30.79	73.74	0.00	0.0669	11.63	511.8	398.59	0.0630	475.7	8.562	16.30	9.63	1.64
	52.21	30.79	73.77	0.00	0.0669	11.63	511.9	398.50	0.0632	478.9	8.620	16.40	9.73	1.64
	53.21	30.77	73.77	-0.00	0.0669	11.63	511.7	398.35	0.0630	477.1	8.588	16.34	9.67	1.64
	54.29	30.75	73.77	-0.00	0.0669	11.63	511.6	398.25	0.0631	478.9	8.621	16.40	9.73	1.64
	55.21	30.79	73.77	0.00	0.0669	11.63	511.7	398.39	0.0628	474.9	8.549	16.27	9.60	1.64
	56.22	30.77	73.77	-0.00	0.0668	11.62	511.1	397.88	0.0634	482.2	8.680	16.52	9.83	1.64
	57.21	30.78	73.77	0.00	0.0668	11.61	510.7	397.58	0.0636	487.0	8.767	16.68	9.98	1.64
	58.22	30.82	73.74	-0.00	0.0668	11.61	510.9	397.89	0.0634	484.7	8.725	16.61	9.91	1.64
	59.23	30.83	73.75	-0.00	0.0668	11.61	510.9	397.97	0.0635	483.4	8.701	16.57	9.87	1.64
	60.22	30.81	73.77	0.00	0.0667	11.59	509.8	396.93	0.0637	486.4	8.755	16.66	9.96	1.64
	61.22	30.81	73.77	0.00	0.0667	11.59	510.1	397.15	0.0641	488.0	8.784	16.72	10.01	1.64
	62.21	30.81	73.77	0.00	0.0667	11.59	510.0	397.10	0.0636	487.4	8.774	16.70	9.99	1.64
	63.21	30.80	73.74	0.00	0.0667	11.59	509.9	397.08	0.0641	489.5	8.812	16.78	10.06	1.64
	64.29	30.83	73.74	0.00	0.0667	11.58	509.7	397.00	0.0643	491.4	8.845	16.84	10.11	1.64
	65.22	30.83	73.77	-0.00	0.0666	11.58	509.3	396.57	0.0643	492.2	8.860	16.86	10.14	1.64
	66.22	30.83	73.74	0.00	0.0666	11.58	509.4	396.74	0.0644	492.3	8.862	16.87	10.14	1.64
	67.20	30.86	73.80	0.00	0.0666	11.56	508.5	395.82	0.0649	498.5	8.974	17.07	10.33	1.64
	68.22	30.82	73.74	-0.00	0.0666	11.58	509.3	396.70	0.0646	495.5	8.919	16.98	10.24	1.64
	69.22	30.85	73.74	0.00	0.0666	11.55	508.3	395.94	0.0650	498.5	8.972	17.08	10.33	1.64
	70.22	30.83	73.74	-0.00	0.0666	11.55	508.4	395.99	0.0652	500.6	9.010	17.15	10.39	1.64
	71.23	30.83	73.74	-0.00	0.0666	11.55	508.2	395.82	0.0650	500.9	9.016	17.17	10.40	1.64
	72.21	30.84	73.77	-0.00	0.0665	11.56	508.6	396.06	0.0650	500.9	9.017	17.16	10.40	1.64
	73.21	30.85	73.74	0.00	0.0664	11.52	507.0	394.89	0.0656	505.6	9.100	17.33	10.54	1.64
	74.19	30.87	73.77	0.00	0.0665	11.54	507.6	395.25	0.0657	505.4	9.097	17.32	10.54	1.64
	75.29	30.85	73.72	0.00	0.0665	11.55	508.0	395.87	0.0656	506.4	9.116	17.36	10.57	1.64
	76.22	30.85	73.77	-0.00	0.0664	11.52	507.0	394.75	0.0656	505.0	9.090	17.30	10.52	1.64
	77.24	30.86	73.75	-0.00	0.0664	11.53	507.5	395.30	0.0664	515.2	9.274	17.66	10.83	1.64
	78.20	30.87	73.75	0.00	0.0664	11.51	506.5	394.55	0.0662	514.6	9.263	17.64	10.81	1.64
	79.22	30.85	73.82	-0.00	0.0664	11.52	506.7	394.29	0.0660	511.5	9.207	17.51	10.72	1.64
	80.20	30.82	73.74	-0.00	0.0664	11.52	507.0	394.88	0.0659	512.9	9.232	17.58	10.75	1.64
	81.29	30.83	73.74	-0.00	0.0663	11.50	506.2	394.23	0.0665	515.1	9.271	17.65	10.82	1.64
	82.21	30.83	73.74	-0.00	0.0663	11.51	506.4	394.43	0.0667	518.2	9.327	17.76	10.91	1.64
	83.21	30.86	73.77	-0.00	0.0663	11.51	506.4	394.32	0.0665	518.3	9.329	17.76	10.91	1.64
	84.21	30.86	73.77	0.00	0.0663	11.49	505.8	393.82	0.0664	511.9	9.215	17.54	10.73	1.64
	85.22	30.83	73.77	-0.00	0.0663	11.50	506.0	393.98	0.0670	521.9	9.394	17.88	11.02	1.64
	86.22	30.86	73.74	-0.00	0.0664	11.50	506.2	394.27	0.0672	522.9	9.413	17.92	11.05	1.64
	87.22	30.85	73.77	-0.00	0.0663	11.50	505.9	393.92	0.0673	524.8	9.446	17.98	11.10	1.64
	88.23	30.83	73.74	-0.00	0.0663	11.49	505.6	393.80	0.0670	524.1	9.433	17.96	11.08	1.64
	89.22	30.79	73.74	0.00	0.0664	11.51	506.6	394.54	0.0673	525.6	9.461	18.01	11.12	1.64
	90.22	30.73	73.75	0.00	0.0663	11.50	506.2	394.11	0.0668	519.7	9.355	17.80	10.95	1.64
	91.21	30.71	73.74	-0.00	0.0662	11.50	505.8	393.82	0.0677	520.3	9.365	17.82	10.96	1.64
	92.21	30.69	73.77	0.00	0.0663	11.49	505.4	393.35	0.0667	523.6	9.425	17.93	11.06	1.64
	93.23	30.67	73.74	-0.00	0.0663	11.50	505.9	393.79	0.0672	523.4	9.421	17.93	11.05	1.64
	94.21	30.59	73.75	0.00	0.0663	11.50	506.2	393.93	0.0662	525.2	9.453	17.98	11.10	1.64
	95.21	30.61	73.77	0.00	0.0663	11.50	506.1	393.77	0.0672	524.9	9.448	17.97	11.09	1.64
	96.22	30.63	73.74	0.00	0.0663	11.49	505.7	393.60	0.0671	518.6	9.335	17.76	10.91	1.64
	97.20	30.63	73.74	0.00	0.0663	11.50	505.9	393.75	0.0674	525.6	9.461	18.00	11.11	1.64
	98.22	30.66	73.77	-0.00	0.0663	11.49	505.7	393.51	0.0674	527.3	9.491	18.05	11.16	1.64
	99.20	30.65	73.74	0.00	0.0663	11.50	505.8	393.72	0.0677	529.2	9.526	18.13	11.22	1.64
	100.22	30.63	73.74	0.00	0.0663	11.49	505.7	393.65	0.0672	531.4	9.566	18.20	11.28	1.64
	101.21	30.60	73.75	0.00	0.0662	11.48	505.0	393.04	0.0675	527.3	9.491	18.06	11.16	1.64
	102.21	30.61	73.74	0.00	0.0662	11.47	504.7	392.79	0.0685	539.4	9.709	18.47	11.50	1.64
	103.19	30.61	73.74	0.00	0.0661	11.47	504.6	392.74	0.0689	543.6	9.784	18.62	11.62	1.64
	104.29	30.65	73.77	-0.00	0.0662	11.47	504.5	392.62	0.0682	538.5	9.693	18.44	11.48	1.64
	105.22	30.69	73.77	-0.00	0.0662	11.47	504.6	392.69	0.0684	539.0	9.701	18.46	11.50	1.64
	106.21	30.65	73.74	0.00	0.0662	11.47	504.6	392.83	0.0685	538.0	9.684	18.43	11.47	1.65
	107.22	30.70	73.77	-0.00	0.0661	11.46	504.2	392.41	0.0687	541.5	9.747	18.54	11.57	1.64
	108.22	30.67	73.74	0.00	0.0662	11.46	504.4	392.68	0.0689	543.8	9.788	18.63	11.63	1.64
	109.20	30.69	73.74	0.00	0.0662	11.47	504.7	392.93	0.0690	543.9	9.791	18.63	11.63	1.64
	110.20	30.73	73.75	0.00	0.0661	11.46	504.1	392.50	0.0689	545.4	9.818	18.69	11.68	1.64
	111.20	30.71	73.75	0.00	0.0661	11.46	504.4	392.68	0.0692	547.1	9.848	18.74	11.72	1.65
	112.21	30.71	73.74	0.00	0.0661	11.47	504.5	392.80	0.0689	545.7	9.822	18.69	11.68	1.65
	113.21	30.73	73.77	0.00	0.0661	11.46	504.0	392.32	0.0687	539.6	9.712	18.48	11.51	1.64
	114.29	30.73	73.74	0.00	0.0661	11.44	503.4	391.96	0.0693	549.6	9.892	18.83	11.79	1.64
	115.21	30.75	73.74	0.00	0.0661	11.45	503.9	392.34	0.0692	545.4	9.818	18.69	11.68	1.64
	116.28	30.78	73.75	0.00	0.0662	11.46	504.1	392.56	0.0692	547.8	9.861	18.77	11.75	1.64
	117.23	30.77	73.77	-0.00	0.0661	11.45	503.9	392.30	0.0694	549.3	9.887	18.81	11.79	1.65
	118.22	30.75	73.74	0.00	0.0661	11.45	503.8	392.33	0.0696	551.7	9.931	18.90	11.85	1.65
	119.23	30.80	73.74	-0.00	0.0661	11.45	503.7	392.31	0.0693	547.6	9.856	18.76	11.74	1.64
	120.20	30.80	73.74	0.00	0.0661	11.45	504.0	392.52	0.0696	550.5	9.909	18.86	11.82	1.65
	121.21	30.77	73.74	0.00	0.0661	11.45	503.7	392.28	0.0694	550.4	9.907	18.86	11.82	1.64
	122.23	30.79	73.77	-0.00	0.0661	11.45	503.6	392.05	0.0697	552.1	9.937	18.91	11.86	1.65
	123.21	30.79	73.75	0.00	0.0660	11.44	503.3	391.93	0.0699	552.8	9.950	18.94	11.88	1.65
	124.21	30.81	73.77	0.00	0.0660	11.43	502.8	391.43	0.0701	558.0	10.044	19.12	12.03	1.65
