Jul 23 2015 at 9:50:00
Frequency: 1.00Hz.
CO2
Zero:  Value:0.95  Date:18 Mar 2005	 at 07:22:33	
Span:  Value:1.00  Date:18 Mar 2005	 at 07:25:09	
H2O
Zero:  Value:0.71  Date:18 Mar 2005	 at 07:52:31	
Span:  Value:0.99  Date:18 Mar 2005	 at 11:44:01	
	Relative Time	Temperature	Pressure	Aux Input	CO2 Absorptance	CO2 mmol/m3	CO2 mg/m3	CO2 umol/mol	H2O Absorptance	H2O mmol/m3	H2O g/m3	H2O mmol/mol	H2O(°C)	Cooler Voltage
	0.41	25.74	73.74	-0.00	0.0685	11.99	527.6	404.03	0.0730	591.0	10.639	19.92	12.65	1.63
	1.40	25.74	73.72	-0.00	0.0688	12.04	529.9	406.00	0.0733	594.4	10.699	20.04	12.73	1.63
	2.39	25.74	73.72	0.00	0.0689	12.06	530.8	406.62	0.0735	597.6	10.757	20.14	12.81	1.63
	3.40	25.74	73.72	0.00	0.0689	12.08	531.3	407.06	0.0736	598.8	10.778	20.18	12.85	1.63
	4.46	25.74	73.72	0.00	0.0693	12.15	534.7	409.63	0.0722	586.7	10.560	19.78	12.53	1.63
	5.38	25.74	73.72	0.00	0.0694	12.18	536.0	410.68	0.0716	577.5	10.395	19.47	12.29	1.63
	6.40	25.76	73.72	0.00	0.0693	12.17	535.3	410.12	0.0722	579.4	10.429	19.53	12.34	1.63
	7.38	25.76	73.69	0.00	0.0695	12.20	536.6	411.27	0.0718	575.3	10.355	19.40	12.24	1.63
	8.39	25.76	73.72	0.00	0.0694	12.21	537.0	411.45	0.0718	577.3	10.392	19.46	12.29	1.63
	9.38	25.76	73.72	0.00	0.0693	12.16	535.1	409.94	0.0721	583.2	10.498	19.66	12.44	1.63
	10.39	25.75	73.74	0.00	0.0699	12.23	538.2	412.22	0.0711	572.8	10.310	19.30	12.17	1.63
	11.37	25.77	73.72	0.00	0.0697	12.26	539.3	413.18	0.0713	571.7	10.290	19.27	12.14	1.63
	12.40	25.78	73.72	-0.00	0.0706	12.47	548.6	420.34	0.0704	561.0	10.098	18.91	11.85	1.63
	13.38	25.78	73.72	0.00	0.0704	12.44	547.4	419.39	0.0706	563.8	10.148	19.01	11.93	1.63
	14.40	25.79	73.75	0.00	0.0707	12.51	550.2	421.47	0.0703	561.1	10.100	18.91	11.86	1.63
	15.41	25.79	73.72	-0.00	0.0704	12.43	547.1	419.22	0.0707	563.9	10.150	19.01	11.93	1.63
	16.41	25.79	73.72	-0.00	0.0711	12.53	551.2	422.39	0.0706	565.1	10.171	19.05	11.97	1.63
	17.41	25.79	73.72	-0.00	0.0709	12.56	552.5	423.39	0.0708	566.2	10.191	19.09	12.00	1.63
	18.41	25.79	73.72	-0.00	0.0708	12.55	552.1	423.03	0.0708	565.7	10.182	19.07	11.98	1.63
	19.41	25.82	73.72	0.00	0.0708	12.55	552.4	423.31	0.0710	566.7	10.200	19.11	12.01	1.63
	20.41	25.81	73.72	-0.00	0.0706	12.50	549.9	421.42	0.0707	567.2	10.209	19.12	12.02	1.63
	21.40	25.81	73.72	-0.00	0.0707	12.51	550.4	421.78	0.0712	569.4	10.248	19.20	12.08	1.63
	22.39	25.81	73.72	0.00	0.0705	12.45	547.6	419.65	0.0711	568.5	10.232	19.17	12.06	1.63
	23.38	25.79	73.72	0.00	0.0705	12.46	548.1	419.98	0.0713	572.4	10.303	19.30	12.16	1.63
	24.40	25.81	73.72	0.00	0.0704	12.40	545.6	418.13	0.0716	574.8	10.347	19.38	12.23	1.63
	25.40	25.81	73.72	-0.00	0.0704	12.45	548.0	419.92	0.0717	576.4	10.374	19.43	12.27	1.63
	26.41	25.77	73.72	-0.00	0.0699	12.31	541.6	414.96	0.0727	585.4	10.536	19.73	12.50	1.63
	27.39	25.81	73.75	0.00	0.0700	12.34	542.8	415.79	0.0727	588.4	10.592	19.83	12.58	1.63
	28.39	25.80	73.72	0.00	0.0700	12.32	541.9	415.25	0.0727	591.5	10.647	19.94	12.66	1.63
	29.39	25.81	73.72	0.00	0.0694	12.21	537.2	411.67	0.0741	605.5	10.899	20.42	13.02	1.63
	30.39	25.83	73.74	0.00	0.0701	12.34	543.1	416.08	0.0731	593.0	10.674	19.99	12.70	1.63
	31.40	25.85	73.72	-0.00	0.0699	12.34	542.9	416.07	0.0734	595.8	10.725	20.09	12.77	1.63
	32.38	25.83	73.72	0.00	0.0695	12.22	537.6	411.96	0.0739	603.3	10.859	20.34	12.96	1.63
	33.38	25.83	73.74	0.00	0.0696	12.22	537.7	411.89	0.0733	596.0	10.728	20.09	12.78	1.63
	34.40	25.84	73.77	-0.00	0.0697	12.28	540.5	413.94	0.0737	598.5	10.774	20.17	12.84	1.63
	35.38	25.84	73.72	0.00	0.0700	12.31	541.5	414.97	0.0733	592.7	10.669	19.99	12.70	1.63
	36.40	25.84	73.69	0.00	0.0701	12.37	544.4	417.39	0.0735	596.1	10.730	20.11	12.78	1.63
	37.39	25.87	73.72	-0.00	0.0700	12.35	543.3	416.43	0.0733	597.4	10.753	20.15	12.82	1.63
	38.39	25.84	73.72	0.00	0.0701	12.34	543.1	416.22	0.0735	597.2	10.750	20.14	12.81	1.63
	39.37	25.86	73.69	0.00	0.0702	12.38	544.8	417.67	0.0738	601.9	10.834	20.31	12.93	1.63
	40.40	25.87	73.72	-0.00	0.0696	12.28	540.5	414.26	0.0749	607.5	10.934	20.49	13.07	1.63
	41.45	25.87	73.72	0.00	0.0697	12.23	538.3	412.54	0.0745	609.7	10.975	20.56	13.13	1.63
	42.40	25.87	73.72	-0.00	0.0694	12.19	536.4	411.10	0.0751	615.8	11.084	20.77	13.28	1.63
	43.38	25.88	73.72	0.00	0.0692	12.14	534.0	409.27	0.0755	625.4	11.258	21.09	13.52	1.63
	44.40	25.88	73.72	-0.00	0.0690	12.11	533.1	408.57	0.0758	621.4	11.186	20.96	13.42	1.63
	45.47	25.88	73.72	-0.00	0.0689	12.07	530.9	406.91	0.0754	619.0	11.141	20.87	13.36	1.63
	46.41	25.88	73.69	0.00	0.0689	12.08	531.6	407.58	0.0755	623.1	11.216	21.02	13.46	1.63
	47.41	25.88	73.72	0.00	0.0687	12.03	529.3	405.71	0.0785	656.5	11.817	22.14	14.27	1.63
	48.39	25.88	73.74	0.00	0.0689	12.09	532.0	407.64	0.0768	637.6	11.477	21.50	13.82	1.63
	49.41	25.90	73.72	-0.00	0.0693	12.24	538.5	412.76	0.0751	616.8	11.103	20.80	13.31	1.63
	50.40	25.90	73.72	0.00	0.0690	12.11	533.0	408.55	0.0760	627.5	11.294	21.16	13.57	1.63
	51.39	25.90	73.75	0.00	0.0688	12.06	530.4	406.43	0.0763	632.3	11.382	21.32	13.69	1.63
	52.40	25.92	73.74	0.00	0.0688	12.07	531.0	406.92	0.0762	630.8	11.355	21.27	13.65	1.63
	53.40	25.92	73.75	-0.00	0.0684	11.96	526.3	403.31	0.0785	658.1	11.847	22.19	14.31	1.63
	54.41	25.90	73.74	-0.00	0.0686	12.02	528.7	405.10	0.0777	654.7	11.784	22.07	14.22	1.63
	55.40	25.92	73.74	-0.00	0.0687	12.03	529.2	405.55	0.0768	637.5	11.475	21.50	13.82	1.63
	56.41	25.90	73.72	-0.00	0.0688	12.07	531.2	407.16	0.0767	636.0	11.449	21.45	13.78	1.63
	57.39	25.92	73.72	0.00	0.0687	12.06	530.8	406.91	0.0767	635.7	11.443	21.44	13.77	1.63
	58.39	25.92	73.69	0.00	0.0687	12.04	529.6	406.13	0.0759	627.1	11.287	21.16	13.56	1.63
	59.39	25.92	73.72	0.00	0.0687	12.04	529.6	405.99	0.0757	625.5	11.260	21.10	13.52	1.63
	60.39	25.94	73.74	0.00	0.0687	12.05	530.0	406.18	0.0760	628.4	11.311	21.19	13.59	1.63
	61.39	25.94	73.72	0.00	0.0686	12.01	528.4	405.12	0.0773	642.9	11.573	21.69	13.95	1.63
	62.40	25.96	73.72	-0.00	0.0686	11.91	524.2	401.92	0.0774	672.2	12.099	22.68	14.63	1.63
	63.38	25.94	73.72	0.00	0.0684	11.96	526.3	403.47	0.0778	658.5	11.853	22.21	14.32	1.63
	64.40	25.94	73.72	0.00	0.0681	11.91	523.9	401.67	0.0799	679.0	12.222	22.90	14.79	1.63
	65.38	25.95	73.72	0.00	0.0687	12.06	530.7	406.84	0.0772	638.8	11.498	21.55	13.85	1.63
	66.39	25.96	73.72	-0.00	0.0685	11.99	527.5	404.45	0.0776	651.8	11.732	21.99	14.16	1.63
	67.39	25.97	73.72	-0.00	0.0686	12.01	528.4	405.15	0.0769	644.8	11.606	21.75	13.99	1.63
	68.39	25.95	73.75	0.00	0.0686	12.03	529.2	405.59	0.0764	630.6	11.351	21.26	13.65	1.63
	69.39	26.00	73.72	-0.00	0.0684	11.98	527.1	404.19	0.0780	652.2	11.740	22.00	14.17	1.63
	70.39	25.97	73.77	0.00	0.0685	11.98	527.1	403.85	0.0768	640.6	11.530	21.59	13.89	1.63
	71.39	25.97	73.69	-0.00	0.0686	12.00	528.0	404.99	0.0772	642.7	11.568	21.69	13.94	1.63
	72.40	25.97	73.72	0.00	0.0685	12.00	528.0	404.84	0.0771	641.2	11.541	21.63	13.91	1.63
	73.40	26.00	73.72	0.00	0.0684	12.02	528.8	405.47	0.0779	639.2	11.506	21.57	13.86	1.63
	74.40	25.99	73.69	0.00	0.0684	11.98	527.3	404.47	0.0771	644.8	11.607	21.76	13.99	1.63
	75.39	25.97	73.74	0.00	0.0684	11.96	526.3	403.37	0.0778	649.5	11.691	21.90	14.11	1.63
	76.39	25.99	73.72	0.00	0.0683	11.94	525.4	402.86	0.0772	641.2	11.541	21.63	13.91	1.63
	77.39	26.03	73.72	0.00	0.0681	11.93	525.0	402.57	0.0777	644.5	11.600	21.74	13.99	1.63
	78.41	25.99	73.72	0.00	0.0678	11.84	520.8	399.33	0.0804	687.9	12.381	23.21	14.99	1.63
	79.40	26.01	73.72	-0.00	0.0681	11.89	523.1	401.15	0.0782	659.6	11.873	22.25	14.35	1.63
	80.40	26.01	73.77	0.00	0.0682	11.92	524.5	401.91	0.0784	658.7	11.856	22.21	14.32	1.63
	81.40	26.01	73.74	-0.00	0.0682	11.93	524.9	402.39	0.0782	656.3	11.813	22.14	14.27	1.63
	82.48	26.02	73.72	-0.00	0.0681	11.90	523.6	401.52	0.0780	654.0	11.771	22.07	14.21	1.63
	83.38	26.03	73.72	0.00	0.0682	11.92	524.5	402.24	0.0792	669.0	12.042	22.57	14.56	1.63
	84.40	26.03	73.72	0.00	0.0680	11.90	523.7	401.61	0.0792	667.1	12.007	22.51	14.52	1.63
	85.39	26.02	73.69	-0.00	0.0680	11.87	522.1	400.55	0.0786	659.8	11.877	22.27	14.35	1.63
	86.39	26.02	73.72	0.00	0.0679	11.86	521.8	400.11	0.0790	655.8	11.805	22.13	14.26	1.63
	87.39	26.04	73.72	0.00	0.0679	11.87	522.2	400.49	0.0792	667.9	12.021	22.54	14.54	1.63
	88.41	26.03	73.72	-0.00	0.0679	11.85	521.5	399.91	0.0791	672.5	12.104	22.69	14.64	1.63
	89.39	26.04	73.69	0.00	0.0678	11.84	521.2	399.82	0.0788	662.1	11.917	22.35	14.40	1.63
	90.40	26.05	73.72	-0.00	0.0678	11.82	519.9	398.72	0.0796	671.7	12.091	22.67	14.63	1.63
	91.40	26.05	73.74	-0.00	0.0678	11.84	520.7	399.22	0.0800	673.3	12.119	22.71	14.67	1.63
	92.40	26.04	73.69	-0.00	0.0676	11.80	519.0	398.18	0.0811	693.0	12.474	23.39	15.11	1.63
	93.38	26.06	73.75	0.00	0.0676	11.78	518.4	397.45	0.0811	694.4	12.500	23.43	15.15	1.63
	94.46	26.08	73.72	0.00	0.0677	11.78	518.4	397.65	0.0815	701.5	12.627	23.67	15.30	1.63
	95.38	26.06	73.74	0.00	0.0677	11.80	519.3	398.16	0.0810	694.2	12.495	23.42	15.14	1.64
	96.39	26.08	73.75	-0.00	0.0677	11.80	519.3	398.13	0.0805	677.7	12.199	22.86	14.77	1.63
	97.45	26.08	73.69	0.00	0.0676	11.78	518.4	397.72	0.0812	693.1	12.475	23.40	15.12	1.63
	98.39	26.10	73.72	0.00	0.0675	11.77	518.0	397.34	0.0807	685.8	12.344	23.14	14.95	1.63
	99.39	26.08	73.72	-0.00	0.0677	11.82	520.0	398.85	0.0806	680.6	12.251	22.97	14.83	1.63
	100.39	26.08	73.72	0.00	0.0676	11.78	518.5	397.68	0.0804	682.2	12.280	23.02	14.87	1.63
	101.45	26.08	73.72	0.00	0.0675	11.77	518.0	397.30	0.0808	685.7	12.343	23.14	14.95	1.64
	102.41	26.10	73.72	-0.00	0.0675	11.76	517.6	397.04	0.0805	684.6	12.323	23.10	14.93	1.63
	103.40	26.10	73.72	0.00	0.0676	11.78	518.2	397.48	0.0804	685.8	12.344	23.15	14.95	1.63
	104.38	26.10	73.72	0.00	0.0675	11.78	518.2	397.51	0.0804	683.1	12.296	23.06	14.89	1.63
	105.39	26.10	73.72	0.00	0.0676	11.77	518.0	397.35	0.0813	695.3	12.515	23.47	15.17	1.63
	106.41	26.10	73.72	-0.00	0.0674	11.75	517.2	396.70	0.0819	704.0	12.671	23.76	15.36	1.63
	107.39	26.10	73.72	0.00	0.0675	11.76	517.5	396.92	0.0811	690.8	12.434	23.31	15.07	1.64
	108.41	26.12	73.72	0.00	0.0675	11.77	517.9	397.27	0.0810	687.7	12.379	23.21	15.00	1.63
	109.39	26.10	73.72	0.00	0.0675	11.77	517.9	397.25	0.0812	695.3	12.515	23.47	15.17	1.63
	110.40	26.12	73.74	-0.00	0.0675	11.75	517.1	396.52	0.0810	688.7	12.396	23.24	15.02	1.63
	111.40	26.12	73.72	-0.00	0.0673	11.73	516.1	395.92	0.0811	695.8	12.525	23.49	15.18	1.63
	112.48	26.16	73.72	-0.00	0.0673	11.72	515.7	395.61	0.0808	687.4	12.372	23.20	14.99	1.64
	113.40	26.14	73.72	-0.00	0.0671	11.71	515.2	395.22	0.0831	704.7	12.685	23.79	15.38	1.64
	114.39	26.14	73.72	0.00	0.0673	11.72	515.5	395.47	0.0811	690.9	12.435	23.32	15.07	1.63
	115.38	26.16	73.72	0.00	0.0672	11.70	515.0	395.09	0.0814	701.7	12.631	23.69	15.31	1.63
	116.41	26.13	73.72	-0.00	0.0673	11.72	515.5	395.44	0.0812	693.8	12.489	23.42	15.14	1.63
	117.39	26.17	73.72	-0.00	0.0673	11.73	516.0	395.92	0.0825	707.4	12.734	23.88	15.44	1.63
	118.37	26.17	73.69	0.00	0.0674	11.74	516.4	396.31	0.0819	704.4	12.679	23.79	15.37	1.64
	119.40	26.17	73.72	0.00	0.0673	11.72	515.7	395.64	0.0816	701.1	12.619	23.67	15.30	1.63
	120.40	26.15	73.72	-0.00	0.0673	11.72	515.8	395.73	0.0817	699.2	12.585	23.60	15.26	1.63
	121.40	26.19	73.72	-0.00	0.0672	11.69	514.4	394.66	0.0822	703.1	12.656	23.74	15.35	1.63
