Jul 23 2015 at 11:44:34
Frequency: 1.00Hz.
CO2
Zero:  Value:0.95  Date:18 Mar 2005	 at 07:22:33	
Span:  Value:1.00  Date:18 Mar 2005	 at 07:25:09	
H2O
Zero:  Value:0.71  Date:18 Mar 2005	 at 07:52:31	
Span:  Value:0.99  Date:18 Mar 2005	 at 11:44:01	
	Relative Time	Temperature	Pressure	Aux Input	CO2 Absorptance	CO2 mmol/m3	CO2 mg/m3	CO2 umol/mol	H2O Absorptance	H2O mmol/m3	H2O g/m3	H2O mmol/mol	H2O(°C)	Cooler Voltage
	0.69	33.12	73.80	0.00	0.0680	11.82	519.9	407.70	0.0594	468.0	8.424	16.15	9.50	1.75
	1.76	33.12	73.77	0.00	0.0678	11.81	519.8	407.77	0.0621	464.1	8.353	16.02	9.37	1.74
	2.71	33.10	73.77	-0.00	0.0680	11.87	522.2	409.64	0.0582	433.4	7.802	14.96	8.36	1.74
	3.70	33.11	73.74	0.00	0.0678	11.86	521.9	409.53	0.0591	432.1	7.778	14.92	8.32	1.74
	4.70	33.10	73.77	0.00	0.0678	11.82	520.1	408.01	0.0594	442.2	7.959	15.26	8.65	1.74
	5.68	33.13	73.75	0.00	0.0679	11.83	520.6	408.56	0.0584	432.6	7.787	14.94	8.33	1.74
	6.69	33.10	73.77	0.00	0.0678	11.83	520.5	408.28	0.0583	428.8	7.719	14.80	8.20	1.75
	7.71	33.13	73.77	0.00	0.0678	11.83	520.5	408.30	0.0590	435.8	7.845	15.04	8.44	1.74
	8.69	33.12	73.77	0.00	0.0678	11.84	520.8	408.55	0.0589	434.6	7.822	15.00	8.40	1.74
	9.69	33.14	73.77	0.00	0.0677	11.81	519.6	407.67	0.0591	437.2	7.869	15.09	8.49	1.74
	10.69	33.18	73.77	0.00	0.0677	11.81	519.4	407.55	0.0592	436.8	7.863	15.08	8.48	1.74
	11.70	33.16	73.77	0.00	0.0676	11.81	519.5	407.59	0.0591	436.8	7.863	15.08	8.48	1.74
	12.70	33.15	73.74	0.00	0.0677	11.81	519.5	407.74	0.0592	438.4	7.891	15.14	8.53	1.74
	13.70	33.21	73.74	-0.00	0.0678	11.81	519.7	407.94	0.0594	439.5	7.911	15.18	8.57	1.74
	14.71	33.18	73.74	0.00	0.0677	11.81	519.6	407.87	0.0594	440.0	7.921	15.20	8.59	1.74
	15.69	33.17	73.77	0.00	0.0677	11.80	519.2	407.37	0.0593	439.5	7.911	15.17	8.57	1.74
	16.71	33.22	73.74	-0.00	0.0676	11.81	519.7	408.01	0.0595	441.6	7.950	15.25	8.64	1.74
	17.69	33.20	73.77	0.00	0.0677	11.81	519.8	407.88	0.0596	442.9	7.971	15.29	8.68	1.74
	18.70	33.25	73.74	0.00	0.0677	11.81	519.8	408.12	0.0595	442.3	7.961	15.28	8.67	1.74
	19.70	33.25	73.80	0.00	0.0677	11.80	519.3	407.38	0.0597	443.7	7.987	15.32	8.71	1.74
	20.70	33.25	73.74	0.00	0.0677	11.80	519.3	407.66	0.0596	442.6	7.968	15.29	8.68	1.74
	21.70	33.24	73.72	-0.00	0.0677	11.80	519.1	407.65	0.0599	445.3	8.016	15.39	8.77	1.74
	22.70	33.27	73.77	-0.00	0.0677	11.80	519.1	407.39	0.0599	448.0	8.065	15.47	8.86	1.74
	23.71	33.25	73.77	-0.00	0.0676	11.79	518.6	406.97	0.0600	445.7	8.023	15.39	8.78	1.74
	24.70	33.25	73.74	-0.00	0.0676	11.79	519.0	407.44	0.0600	446.2	8.032	15.41	8.80	1.74
	25.71	33.27	73.77	-0.00	0.0676	11.78	518.2	406.73	0.0600	445.9	8.027	15.40	8.79	1.74
	26.71	33.27	73.77	-0.00	0.0675	11.77	517.9	406.49	0.0605	453.1	8.156	15.65	9.03	1.74
	27.71	33.27	73.77	-0.00	0.0675	11.77	518.1	406.63	0.0601	448.4	8.071	15.49	8.87	1.74
	28.70	33.29	73.77	0.00	0.0675	11.77	517.9	406.48	0.0604	450.3	8.105	15.55	8.93	1.74
	29.69	33.29	73.74	0.00	0.0676	11.76	517.6	406.39	0.0605	451.3	8.123	15.59	8.97	1.74
	30.69	33.29	73.74	0.00	0.0675	11.75	517.2	406.08	0.0606	451.9	8.134	15.61	8.99	1.74
	31.70	33.26	73.72	0.00	0.0675	11.76	517.4	406.33	0.0607	453.0	8.154	15.65	9.02	1.74
	32.68	33.27	73.74	0.00	0.0675	11.76	517.6	406.38	0.0608	455.0	8.190	15.72	9.09	1.74
	33.70	33.27	73.75	0.00	0.0674	11.76	517.3	406.12	0.0610	454.2	8.175	15.69	9.06	1.74
	34.70	33.27	73.74	-0.00	0.0675	11.75	517.2	406.05	0.0609	456.3	8.214	15.76	9.13	1.74
	35.71	33.27	73.74	-0.00	0.0675	11.76	517.3	406.13	0.0607	453.4	8.161	15.66	9.03	1.74
	36.71	33.28	73.77	-0.00	0.0674	11.76	517.2	405.98	0.0606	453.2	8.158	15.65	9.03	1.74
	37.77	33.29	73.77	-0.00	0.0674	11.75	517.1	405.87	0.0610	455.8	8.204	15.74	9.11	1.74
	38.70	33.27	73.74	-0.00	0.0674	11.75	516.9	405.80	0.0609	455.9	8.206	15.75	9.12	1.74
	39.70	33.29	73.82	-0.00	0.0674	11.74	516.5	405.16	0.0606	454.4	8.179	15.68	9.07	1.75
	40.72	33.31	73.74	-0.00	0.0674	11.74	516.7	405.71	0.0607	453.8	8.169	15.68	9.05	1.74
	41.70	33.31	73.77	0.00	0.0674	11.73	516.3	405.25	0.0609	456.8	8.223	15.78	9.15	1.75
	42.71	33.33	73.77	0.00	0.0673	11.73	515.9	405.02	0.0610	456.8	8.222	15.78	9.15	1.74
	43.70	33.31	73.77	0.00	0.0674	11.73	516.2	405.23	0.0609	456.3	8.213	15.76	9.13	1.74
	44.70	33.29	73.74	0.00	0.0674	11.73	515.9	405.11	0.0610	456.6	8.218	15.77	9.14	1.74
	45.77	33.32	73.77	0.00	0.0673	11.72	515.7	404.80	0.0611	458.7	8.256	15.84	9.21	1.75
	46.71	33.34	73.74	-0.00	0.0673	11.72	515.6	404.93	0.0611	458.2	8.248	15.83	9.19	1.75
	47.70	33.31	73.75	0.00	0.0673	11.72	515.7	404.91	0.0611	458.0	8.243	15.82	9.19	1.74
	48.69	33.31	73.74	0.00	0.0673	11.72	515.7	404.95	0.0614	461.0	8.298	15.93	9.28	1.74
	49.69	33.33	73.74	0.00	0.0673	11.72	515.6	404.89	0.0616	462.5	8.325	15.98	9.33	1.74
	50.70	33.32	73.77	0.00	0.0672	11.72	515.5	404.65	0.0619	466.2	8.391	16.10	9.45	1.74
	51.70	33.35	73.77	0.00	0.0672	11.72	515.5	404.69	0.0619	467.4	8.413	16.14	9.49	1.75
	52.71	33.31	73.74	-0.00	0.0673	11.71	515.4	404.74	0.0620	467.4	8.413	16.15	9.49	1.75
	53.70	33.30	73.77	0.00	0.0673	11.72	515.5	404.64	0.0619	467.2	8.410	16.14	9.48	1.74
	54.69	33.31	73.77	0.00	0.0673	11.71	515.3	404.51	0.0625	471.6	8.489	16.29	9.62	1.74
	55.68	33.36	73.77	0.00	0.0673	11.71	515.3	404.58	0.0626	474.6	8.543	16.40	9.72	1.74
	56.69	33.36	73.77	0.00	0.0673	11.71	515.1	404.40	0.0624	471.3	8.484	16.28	9.62	1.74
	57.69	33.36	73.72	0.00	0.0672	11.71	515.2	404.71	0.0623	471.7	8.491	16.31	9.63	1.75
	58.69	33.36	73.77	0.00	0.0672	11.71	515.1	404.38	0.0624	472.3	8.501	16.31	9.64	1.75
	59.70	33.36	73.77	-0.00	0.0672	11.71	515.3	404.54	0.0627	474.6	8.544	16.40	9.72	1.74
	60.69	33.36	73.77	0.00	0.0676	11.77	517.7	406.47	0.0618	461.6	8.309	15.95	9.31	1.74
	61.68	33.33	73.77	0.00	0.0672	11.71	515.3	404.50	0.0632	479.2	8.626	16.55	9.86	1.74
	62.77	33.36	73.74	-0.00	0.0672	11.70	514.6	404.17	0.0636	482.6	8.687	16.68	9.97	1.74
	63.70	33.39	73.75	-0.00	0.0672	11.70	514.6	404.18	0.0639	487.7	8.778	16.85	10.12	1.75
	64.69	33.33	73.80	0.00	0.0672	11.69	514.2	403.53	0.0637	484.8	8.727	16.74	10.03	1.75
	65.68	33.35	73.77	0.00	0.0672	11.70	514.6	404.02	0.0641	491.2	8.841	16.97	10.23	1.75
	66.69	33.33	73.77	0.00	0.0672	11.69	514.6	403.94	0.0636	487.3	8.772	16.83	10.11	1.74
	67.69	33.33	73.77	0.00	0.0672	11.69	514.4	403.78	0.0636	485.0	8.729	16.75	10.04	1.75
	68.69	33.38	73.77	-0.00	0.0672	11.69	514.3	403.80	0.0635	484.0	8.712	16.72	10.01	1.75
	69.72	33.35	73.74	0.00	0.0671	11.69	514.3	403.87	0.0634	483.1	8.696	16.69	9.98	1.75
	70.70	33.40	73.77	0.00	0.0671	11.69	514.2	403.76	0.0634	483.5	8.702	16.70	10.00	1.75
	71.71	33.39	73.77	-0.00	0.0671	11.69	514.2	403.76	0.0635	483.6	8.704	16.71	10.00	1.75
	72.70	33.43	73.74	-0.00	0.0672	11.69	514.3	403.98	0.0636	484.4	8.720	16.74	10.03	1.74
	73.69	33.38	73.77	0.00	0.0671	11.68	514.1	403.60	0.0637	485.1	8.732	16.76	10.05	1.74
	74.71	33.40	73.77	-0.00	0.0672	11.68	514.1	403.64	0.0638	486.9	8.764	16.82	10.10	1.75
	75.69	33.40	73.75	0.00	0.0671	11.69	514.2	403.90	0.0639	488.6	8.795	16.89	10.15	1.75
	76.77	33.37	73.77	0.00	0.0672	11.68	514.1	403.61	0.0640	489.4	8.809	16.91	10.18	1.75
	77.70	33.37	73.77	-0.00	0.0671	11.68	514.0	403.55	0.0639	488.8	8.798	16.89	10.16	1.74
	78.70	33.39	73.77	0.00	0.0671	11.68	513.8	403.41	0.0638	487.2	8.769	16.83	10.11	1.74
	79.70	33.41	73.80	0.00	0.0671	11.68	513.9	403.36	0.0639	487.7	8.779	16.84	10.13	1.75
	80.70	33.40	73.77	-0.00	0.0671	11.68	513.8	403.42	0.0638	486.9	8.765	16.82	10.10	1.75
	81.70	33.42	73.77	0.00	0.0671	11.67	513.7	403.37	0.0636	486.8	8.763	16.82	10.10	1.75
	82.68	33.42	73.77	0.00	0.0671	11.67	513.6	403.31	0.0638	487.8	8.781	16.86	10.13	1.75
	83.69	33.42	73.77	0.00	0.0670	11.67	513.3	403.09	0.0638	487.2	8.769	16.83	10.11	1.75
	84.68	33.38	73.77	0.00	0.0670	11.67	513.4	403.07	0.0638	487.0	8.766	16.82	10.10	1.75
	85.77	33.42	73.77	-0.00	0.0671	11.67	513.4	403.17	0.0642	488.3	8.789	16.87	10.15	1.75
	86.71	33.42	73.74	-0.00	0.0671	11.67	513.5	403.37	0.0642	492.0	8.856	17.01	10.26	1.75
	87.69	33.38	73.74	-0.00	0.0670	11.66	513.2	403.04	0.0642	493.2	8.877	17.04	10.29	1.75
	88.70	33.39	73.80	-0.00	0.0670	11.66	513.1	402.69	0.0641	490.4	8.827	16.94	10.21	1.75
	89.69	33.39	73.74	-0.00	0.0670	11.66	513.1	403.05	0.0641	489.9	8.817	16.93	10.19	1.75
	90.68	33.39	73.77	0.00	0.0670	11.66	513.1	402.88	0.0640	489.4	8.809	16.91	10.18	1.75
	91.70	33.41	73.77	0.00	0.0670	11.66	512.9	402.73	0.0639	487.4	8.774	16.84	10.12	1.75
	92.70	33.38	73.77	-0.00	0.0671	11.66	512.9	402.69	0.0640	488.0	8.784	16.86	10.13	1.75
	93.69	33.41	73.77	0.00	0.0670	11.66	512.8	402.69	0.0640	489.5	8.811	16.91	10.18	1.75
	94.69	33.39	73.77	0.00	0.0670	11.65	512.8	402.63	0.0640	489.9	8.818	16.92	10.19	1.75
	95.75	33.41	73.74	0.00	0.0670	11.65	512.8	402.82	0.0642	490.0	8.821	16.94	10.20	1.75
	96.69	33.41	73.77	0.00	0.0670	11.65	512.7	402.57	0.0644	494.0	8.892	17.07	10.32	1.75
	97.70	33.41	73.74	0.00	0.0670	11.65	512.5	402.59	0.0642	491.4	8.845	16.98	10.24	1.75
	98.70	33.41	73.77	0.00	0.0670	11.64	512.3	402.28	0.0643	492.0	8.857	17.00	10.26	1.75
	99.70	33.43	73.77	-0.00	0.0670	11.64	512.3	402.34	0.0642	494.5	8.900	17.08	10.33	1.75
	100.70	33.44	73.74	0.00	0.0669	11.64	512.4	402.51	0.0646	495.9	8.927	17.14	10.38	1.75
	101.70	33.41	73.77	-0.00	0.0670	11.64	512.1	402.09	0.0644	492.6	8.866	17.02	10.28	1.75
	102.70	33.47	73.77	0.00	0.0670	11.65	512.4	402.41	0.0646	495.6	8.921	17.13	10.37	1.75
	103.69	33.43	73.74	0.00	0.0670	11.64	512.4	402.49	0.0646	496.6	8.938	17.16	10.40	1.75
	104.69	33.44	73.77	0.00	0.0669	11.64	512.2	402.27	0.0646	496.2	8.932	17.15	10.39	1.75
	105.69	33.44	73.75	0.00	0.0670	11.65	512.5	402.59	0.0646	495.4	8.917	17.12	10.36	1.75
	106.69	33.44	73.77	0.00	0.0670	11.65	512.4	402.41	0.0650	499.8	8.997	17.27	10.50	1.75
	107.69	33.41	73.74	0.00	0.0669	11.64	512.3	402.40	0.0648	498.3	8.969	17.22	10.45	1.75
	108.78	33.44	73.77	-0.00	0.0670	11.64	512.3	402.32	0.0649	498.6	8.975	17.23	10.46	1.75
	109.69	33.40	73.74	0.00	0.0669	11.64	512.1	402.27	0.0649	498.6	8.975	17.23	10.46	1.75
	110.71	33.46	73.80	-0.00	0.0669	11.64	512.2	402.15	0.0650	501.0	9.019	17.31	10.53	1.75
	111.68	33.46	73.74	0.00	0.0670	11.64	512.0	402.22	0.0654	504.6	9.082	17.44	10.64	1.75
	112.69	33.44	73.77	0.00	0.0669	11.64	512.0	402.04	0.0652	502.5	9.045	17.36	10.58	1.75
	113.71	33.43	73.74	-0.00	0.0669	11.63	511.9	402.08	0.0651	501.3	9.024	17.33	10.54	1.75
	114.69	33.48	73.74	-0.00	0.0669	11.64	512.1	402.33	0.0650	500.4	9.008	17.30	10.52	1.75
	115.71	33.48	73.75	0.00	0.0669	11.63	511.5	401.90	0.0652	502.8	9.051	17.38	10.59	1.75
	116.69	33.48	73.74	-0.00	0.0669	11.64	512.1	402.38	0.0653	501.4	9.025	17.33	10.54	1.75
	117.69	33.48	73.77	0.00	0.0669	11.63	511.7	401.91	0.0659	510.4	9.188	17.64	10.81	1.75
	118.69	33.47	73.77	0.00	0.0669	11.64	512.0	402.14	0.0653	504.6	9.083	17.44	10.64	1.75
	119.68	33.45	73.77	0.00	0.0669	11.64	512.0	402.12	0.0656	504.7	9.085	17.44	10.64	1.75
