Jul 23 2015 at 12:00:54
Frequency: 1.00Hz.
CO2
Zero:  Value:0.95  Date:18 Mar 2005	 at 07:22:33	
Span:  Value:1.00  Date:18 Mar 2005	 at 07:25:09	
H2O
Zero:  Value:0.71  Date:18 Mar 2005	 at 07:52:31	
Span:  Value:0.99  Date:18 Mar 2005	 at 11:44:01	
	Relative Time	Temperature	Pressure	Aux Input	CO2 Absorptance	CO2 mmol/m3	CO2 mg/m3	CO2 umol/mol	H2O Absorptance	H2O mmol/m3	H2O g/m3	H2O mmol/mol	H2O(°C)	Cooler Voltage
	0.84	35.60	73.77	0.00	0.0669	11.63	511.9	404.83	0.0783	653.7	11.767	22.75	14.69	1.83
	1.84	35.61	73.77	0.00	0.0669	11.62	511.3	404.37	0.0785	658.6	11.855	22.92	14.81	1.83
	2.84	35.61	73.77	0.00	0.0669	11.63	511.9	404.85	0.0787	660.2	11.884	22.97	14.85	1.83
	3.84	35.57	73.77	0.00	0.0669	11.63	511.9	404.80	0.0787	660.9	11.897	23.00	14.86	1.83
	4.85	35.56	73.74	-0.00	0.0669	11.63	511.5	404.63	0.0785	660.0	11.880	22.97	14.84	1.83
	5.83	35.55	73.77	0.00	0.0670	11.64	512.2	404.98	0.0782	656.1	11.810	22.83	14.75	1.83
	6.85	35.56	73.74	-0.00	0.0671	11.67	513.5	406.16	0.0777	648.5	11.674	22.57	14.57	1.83
	7.85	35.51	73.77	-0.00	0.0671	11.67	513.4	405.88	0.0771	639.6	11.513	22.25	14.35	1.83
	8.85	35.56	73.77	0.00	0.0671	11.65	512.7	405.43	0.0766	642.7	11.568	22.36	14.43	1.83
	9.83	35.56	73.77	0.00	0.0673	11.71	515.1	407.28	0.0748	614.6	11.063	21.38	13.74	1.83
	10.84	35.58	73.77	0.00	0.0671	11.67	513.6	406.13	0.0765	634.4	11.419	22.07	14.23	1.83
	11.84	35.58	73.77	0.00	0.0671	11.68	514.1	406.52	0.0751	614.4	11.059	21.38	13.74	1.83
	12.84	35.61	73.77	-0.00	0.0671	11.67	513.3	405.98	0.0751	619.2	11.146	21.55	13.86	1.83
	13.85	35.58	73.74	0.00	0.0671	11.67	513.3	406.03	0.0745	609.3	10.968	21.21	13.61	1.83
	14.82	35.58	73.74	0.00	0.0671	11.67	513.4	406.11	0.0735	603.1	10.856	20.99	13.45	1.83
	15.85	35.62	73.82	0.00	0.0671	11.66	513.0	405.48	0.0715	576.8	10.382	20.06	12.77	1.83
	16.86	35.60	73.75	-0.00	0.0670	11.67	513.6	406.27	0.0713	573.2	10.318	19.95	12.67	1.83
	17.85	35.65	73.80	0.00	0.0671	11.67	513.6	406.13	0.0721	580.3	10.445	20.19	12.86	1.83
	18.86	35.67	73.80	0.00	0.0670	11.66	513.1	405.74	0.0712	576.0	10.368	20.04	12.75	1.83
	19.86	35.62	73.77	-0.00	0.0670	11.66	512.9	405.62	0.0711	566.5	10.196	19.71	12.49	1.83
	20.84	35.62	73.77	0.00	0.0670	11.66	512.8	405.59	0.0718	576.7	10.381	20.07	12.77	1.83
	21.93	35.65	73.77	-0.00	0.0670	11.66	512.9	405.68	0.0714	574.8	10.346	20.00	12.72	1.83
	22.84	35.62	73.77	0.00	0.0670	11.65	512.8	405.53	0.0701	562.5	10.126	19.58	12.39	1.83
	23.85	35.64	73.74	0.00	0.0671	11.67	513.3	406.12	0.0693	546.3	9.833	19.02	11.94	1.83
	24.85	35.68	73.74	-0.00	0.0671	11.67	513.4	406.25	0.0698	553.9	9.970	19.29	12.16	1.83
	25.85	35.66	73.77	-0.00	0.0671	11.68	513.8	406.42	0.0697	552.7	9.949	19.24	12.12	1.83
	26.83	35.69	73.77	0.00	0.0670	11.66	512.9	405.72	0.0694	548.6	9.875	19.10	12.01	1.83
	27.85	35.72	73.77	0.00	0.0671	11.68	513.9	406.60	0.0694	549.2	9.885	19.12	12.03	1.83
	28.84	35.69	73.77	0.00	0.0671	11.67	513.5	406.17	0.0694	548.8	9.879	19.10	12.02	1.83
	29.84	35.71	73.80	0.00	0.0672	11.68	514.0	406.45	0.0695	550.9	9.916	19.17	12.07	1.83
	30.84	35.74	73.77	0.00	0.0672	11.70	514.6	407.13	0.0699	554.1	9.974	19.29	12.17	1.83
	31.90	35.74	73.74	0.00	0.0672	11.69	514.4	407.16	0.0698	554.7	9.985	19.32	12.18	1.83
	32.85	35.73	73.80	0.00	0.0672	11.68	514.1	406.61	0.0698	552.7	9.948	19.23	12.13	1.83
	33.84	35.75	73.77	-0.00	0.0671	11.67	513.7	406.44	0.0694	551.5	9.927	19.20	12.09	1.83
	34.84	35.71	73.77	0.00	0.0671	11.67	513.4	406.16	0.0696	551.9	9.933	19.21	12.10	1.83
	35.85	35.71	73.77	-0.00	0.0670	11.67	513.3	406.09	0.0696	552.2	9.940	19.22	12.11	1.83
	36.85	35.77	73.74	-0.00	0.0670	11.66	513.1	406.13	0.0696	551.2	9.922	19.20	12.09	1.83
	37.83	35.76	73.74	0.00	0.0670	11.66	513.1	406.10	0.0695	550.9	9.916	19.19	12.08	1.83
	38.84	35.76	73.77	-0.00	0.0671	11.68	513.7	406.50	0.0697	552.6	9.947	19.24	12.13	1.83
	39.91	35.76	73.77	0.00	0.0670	11.66	513.1	405.99	0.0695	551.9	9.934	19.21	12.11	1.83
	40.84	35.73	73.80	0.00	0.0670	11.67	513.3	406.00	0.0696	551.9	9.934	19.21	12.10	1.83
	41.84	35.77	73.82	0.00	0.0670	11.66	513.2	405.79	0.0696	552.3	9.942	19.22	12.12	1.83
	42.84	35.76	73.77	0.00	0.0670	11.66	513.3	406.11	0.0697	552.2	9.939	19.22	12.11	1.83
	43.84	35.78	73.77	0.00	0.0670	11.66	513.1	406.01	0.0698	554.0	9.972	19.29	12.16	1.83
	44.93	35.77	73.77	0.00	0.0670	11.65	512.8	405.73	0.0700	555.6	10.000	19.34	12.21	1.83
	45.83	35.76	73.77	0.00	0.0671	11.67	513.3	406.15	0.0704	561.1	10.100	19.54	12.36	1.83
	46.85	35.78	73.77	0.00	0.0671	11.68	513.8	406.58	0.0709	564.9	10.168	19.67	12.46	1.83
	47.86	35.76	73.77	-0.00	0.0671	11.68	513.7	406.48	0.0706	564.0	10.151	19.63	12.43	1.83
	48.84	35.75	73.80	0.00	0.0671	11.68	514.0	406.55	0.0705	562.2	10.119	19.56	12.38	1.83
	49.86	35.81	73.77	0.00	0.0670	11.67	513.4	406.27	0.0701	558.7	10.056	19.45	12.29	1.83
	50.84	35.75	73.77	0.00	0.0670	11.66	512.8	405.77	0.0702	558.3	10.050	19.44	12.28	1.83
	51.85	35.75	73.77	0.00	0.0671	11.67	513.5	406.31	0.0703	560.3	10.086	19.51	12.34	1.83
	52.85	35.81	73.77	0.00	0.0671	11.67	513.6	406.42	0.0702	559.7	10.074	19.49	12.32	1.83
	53.84	35.77	73.77	0.00	0.0671	11.68	513.9	406.60	0.0708	565.5	10.179	19.69	12.48	1.83
	54.91	35.81	73.77	0.00	0.0673	11.71	515.2	407.74	0.0718	575.1	10.351	20.02	12.73	1.83
	55.83	35.77	73.77	0.00	0.0672	11.70	515.0	407.51	0.0709	569.7	10.254	19.83	12.59	1.83
	56.85	35.75	73.77	-0.00	0.0671	11.68	513.8	406.56	0.0709	565.8	10.184	19.70	12.48	1.83
	57.86	35.77	73.77	-0.00	0.0672	11.68	514.0	406.69	0.0710	567.0	10.205	19.74	12.52	1.83
	58.91	35.77	73.80	0.00	0.0671	11.67	513.6	406.26	0.0709	567.5	10.214	19.75	12.53	1.83
	59.84	35.78	73.77	0.00	0.0672	11.69	514.2	406.88	0.0719	572.8	10.310	19.94	12.67	1.83
	60.83	35.77	73.80	0.00	0.0671	11.68	513.9	406.52	0.0713	569.9	10.258	19.84	12.59	1.83
	61.84	35.78	73.77	0.00	0.0671	11.66	513.1	406.03	0.0706	563.1	10.135	19.60	12.41	1.83
	62.82	35.75	73.77	0.00	0.0671	11.68	513.9	406.60	0.0710	569.6	10.253	19.83	12.59	1.83
	63.84	35.74	73.82	0.00	0.0671	11.68	513.8	406.22	0.0712	571.8	10.293	19.89	12.64	1.84
	64.83	35.83	73.80	0.00	0.0671	11.68	513.7	406.41	0.0711	569.6	10.253	19.83	12.59	1.84
	65.83	35.81	73.77	0.00	0.0671	11.68	513.8	406.57	0.0709	567.5	10.215	19.76	12.53	1.83
	66.83	35.81	73.77	0.00	0.0672	11.69	514.5	407.18	0.0711	570.6	10.270	19.87	12.61	1.83
	67.83	35.77	73.75	0.00	0.0672	11.69	514.3	407.10	0.0713	570.0	10.259	19.85	12.60	1.84
	68.83	35.85	73.74	0.00	0.0672	11.69	514.3	407.22	0.0716	573.4	10.320	19.97	12.69	1.84
	69.84	35.83	73.77	0.00	0.0670	11.66	513.0	405.99	0.0707	563.6	10.144	19.62	12.43	1.84
	70.84	35.80	73.77	0.00	0.0670	11.66	512.9	405.89	0.0704	562.5	10.125	19.59	12.40	1.83
	71.85	35.80	73.77	0.00	0.0671	11.66	513.2	406.10	0.0712	568.2	10.228	19.78	12.55	1.83
	72.85	35.83	73.80	0.00	0.0671	11.67	513.6	406.29	0.0713	570.1	10.263	19.85	12.60	1.84
	73.85	35.82	73.74	-0.00	0.0671	11.67	513.6	406.60	0.0710	568.6	10.234	19.81	12.56	1.84
	74.85	35.83	73.77	-0.00	0.0672	11.69	514.3	407.02	0.0715	572.2	10.300	19.93	12.66	1.84
	75.85	35.80	73.74	-0.00	0.0671	11.69	514.2	407.04	0.0715	574.4	10.338	20.01	12.71	1.83
	76.85	35.80	73.74	0.00	0.0671	11.68	514.0	406.90	0.0717	575.9	10.365	20.06	12.75	1.84
	77.84	35.90	73.80	0.00	0.0672	11.68	514.0	406.73	0.0717	576.6	10.379	20.08	12.78	1.84
	78.84	35.85	73.77	0.00	0.0672	11.70	514.6	407.32	0.0717	576.0	10.367	20.06	12.76	1.84
	79.92	35.85	73.77	0.00	0.0672	11.70	514.7	407.40	0.0715	575.7	10.362	20.05	12.75	1.84
	80.86	35.84	73.74	-0.00	0.0672	11.70	514.6	407.44	0.0717	575.7	10.362	20.05	12.75	1.84
	81.82	35.87	73.77	0.00	0.0672	11.69	514.5	407.28	0.0717	575.9	10.367	20.06	12.76	1.84
	82.84	35.87	73.77	0.00	0.0672	11.70	514.8	407.44	0.0719	577.2	10.390	20.10	12.79	1.83
	83.85	35.82	73.80	0.00	0.0673	11.71	515.1	407.49	0.0720	579.9	10.439	20.19	12.86	1.84
	84.85	35.84	73.74	-0.00	0.0672	11.71	515.2	407.88	0.0723	583.6	10.505	20.33	12.96	1.84
	85.83	35.84	73.77	0.00	0.0672	11.69	514.4	407.14	0.0718	578.9	10.420	20.16	12.84	1.84
	86.85	35.88	73.74	-0.00	0.0671	11.68	514.1	407.11	0.0717	578.3	10.410	20.15	12.82	1.84
	87.84	35.89	73.77	-0.00	0.0671	11.68	514.0	406.90	0.0721	581.1	10.460	20.24	12.90	1.84
	88.86	35.86	73.77	-0.00	0.0673	11.72	515.7	408.18	0.0723	583.1	10.495	20.31	12.95	1.84
	89.83	35.89	73.77	0.00	0.0673	11.72	515.7	408.19	0.0724	583.6	10.504	20.33	12.96	1.84
	90.84	35.86	73.77	0.00	0.0675	11.75	517.1	409.27	0.0729	589.3	10.608	20.52	13.11	1.84
	91.82	35.89	73.77	0.00	0.0675	11.80	519.1	410.93	0.0732	598.7	10.777	20.85	13.36	1.84
	92.84	35.92	73.77	0.00	0.0677	11.80	519.2	411.00	0.0747	610.2	10.983	21.25	13.65	1.84
	93.85	35.86	73.77	-0.00	0.0675	11.76	517.4	409.51	0.0733	595.1	10.711	20.72	13.26	1.84
	94.85	35.89	73.80	-0.00	0.0674	11.76	517.2	409.29	0.0730	592.9	10.672	20.64	13.20	1.84
	95.83	35.92	73.80	0.00	0.0676	11.80	519.2	410.85	0.0736	599.8	10.797	20.89	13.38	1.84
	96.83	35.92	73.77	0.00	0.0676	11.78	518.5	410.44	0.0733	596.5	10.736	20.78	13.30	1.84
	97.84	35.92	73.80	-0.00	0.0675	11.76	517.3	409.36	0.0729	589.8	10.617	20.54	13.13	1.84
	98.84	35.88	73.74	0.00	0.0675	11.76	517.4	409.73	0.0728	589.4	10.608	20.53	13.11	1.84
	99.84	35.95	73.77	-0.00	0.0676	11.77	517.7	409.87	0.0728	588.9	10.600	20.51	13.10	1.84
	100.86	35.93	73.80	0.00	0.0675	11.78	518.3	410.16	0.0728	589.8	10.617	20.54	13.13	1.84
	101.85	35.93	73.77	-0.00	0.0677	11.79	518.8	410.69	0.0729	590.1	10.622	20.56	13.13	1.84
	102.85	35.91	73.80	0.00	0.0677	11.81	519.6	411.15	0.0730	591.9	10.654	20.61	13.18	1.84
	103.83	35.92	73.77	0.00	0.0676	11.78	518.2	410.26	0.0728	589.5	10.611	20.53	13.12	1.84
	104.85	35.93	73.82	0.00	0.0678	11.80	519.1	410.68	0.0731	590.6	10.630	20.56	13.15	1.84
	105.85	35.94	73.77	0.00	0.0677	11.82	520.1	411.77	0.0730	592.2	10.660	20.63	13.19	1.84
	106.84	35.91	73.80	-0.00	0.0676	11.79	518.9	410.63	0.0726	588.9	10.601	20.51	13.10	1.84
	107.86	35.97	73.77	-0.00	0.0676	11.79	518.7	410.71	0.0728	588.7	10.597	20.51	13.10	1.84
	108.83	35.96	73.77	0.00	0.0676	11.79	518.6	410.57	0.0728	589.4	10.609	20.53	13.12	1.84
	109.86	35.94	73.77	-0.00	0.0676	11.79	518.9	410.80	0.0728	590.1	10.622	20.56	13.13	1.84
	110.85	35.96	73.77	-0.00	0.0677	11.82	520.2	411.89	0.0730	593.2	10.677	20.66	13.22	1.84
	111.85	35.91	73.79	-0.00	0.0678	11.81	519.6	411.22	0.0731	591.6	10.649	20.60	13.17	1.84
	112.84	35.96	73.82	0.00	0.0677	11.82	519.9	411.33	0.0730	592.1	10.659	20.61	13.19	1.84
	113.85	35.98	73.77	-0.00	0.0677	11.82	519.9	411.64	0.0730	591.6	10.648	20.61	13.18	1.84
	114.85	35.95	73.77	-0.00	0.0677	11.80	519.2	411.07	0.0729	590.7	10.632	20.58	13.15	1.84
	115.86	35.98	73.80	-0.00	0.0677	11.81	519.4	411.15	0.0731	591.8	10.653	20.61	13.18	1.84
	116.84	35.93	73.77	-0.00	0.0678	11.83	520.4	411.97	0.0733	594.4	10.700	20.71	13.25	1.84
	117.84	35.98	73.80	0.00	0.0678	11.84	520.9	412.31	0.0734	596.3	10.734	20.77	13.30	1.84
	118.83	35.94	73.77	0.00	0.0679	11.85	521.4	412.75	0.0736	598.1	10.767	20.84	13.34	1.84
