Jul 23 2015 at 12:24:33
Frequency: 1.00Hz.
CO2
Zero:  Value:0.95  Date:18 Mar 2005	 at 07:22:33	
Span:  Value:1.00  Date:18 Mar 2005	 at 07:25:09	
H2O
Zero:  Value:0.71  Date:18 Mar 2005	 at 07:52:31	
Span:  Value:0.99  Date:18 Mar 2005	 at 11:44:01	
	Relative Time	Temperature	Pressure	Aux Input	CO2 Absorptance	CO2 mmol/m3	CO2 mg/m3	CO2 umol/mol	H2O Absorptance	H2O mmol/m3	H2O g/m3	H2O mmol/mol	H2O(°C)	Cooler Voltage
	0.19	38.09	73.77	-0.00	0.0668	11.59	509.8	406.40	0.0679	541.3	9.744	18.99	11.93	1.69
	1.17	38.05	73.75	0.00	0.0666	11.59	509.9	406.55	0.0689	541.5	9.747	19.00	11.93	1.69
	2.18	38.03	73.77	-0.00	0.0664	11.55	508.0	404.90	0.0715	562.1	10.119	19.71	12.50	1.69
	3.18	38.04	73.77	0.00	0.0665	11.51	506.5	403.76	0.0707	574.0	10.332	20.13	12.82	1.69
	4.17	38.09	73.80	0.00	0.0664	11.54	507.6	404.51	0.0710	560.7	10.092	19.66	12.46	1.69
	5.18	38.03	73.74	0.00	0.0664	11.52	506.7	404.00	0.0715	571.7	10.291	20.06	12.75	1.69
	6.16	38.16	73.74	0.00	0.0664	11.53	507.1	404.50	0.0718	579.7	10.434	20.34	12.97	1.69
	7.18	38.12	73.77	0.00	0.0665	11.53	507.3	404.44	0.0720	576.9	10.384	20.24	12.90	1.69
	8.16	38.07	73.74	0.00	0.0664	11.53	507.1	404.40	0.0722	582.8	10.490	20.45	13.05	1.69
	9.17	38.08	73.80	0.00	0.0664	11.53	507.1	404.14	0.0727	586.0	10.548	20.55	13.13	1.69
	10.19	38.08	73.77	0.00	0.0665	11.54	507.7	404.71	0.0715	572.7	10.309	20.09	12.78	1.69
	11.19	38.02	73.77	-0.00	0.0665	11.53	507.5	404.48	0.0712	569.1	10.244	19.96	12.68	1.69
	12.18	38.01	73.80	-0.00	0.0664	11.53	507.3	404.22	0.0713	569.0	10.243	19.95	12.68	1.69
	13.18	38.05	73.77	-0.00	0.0664	11.52	506.9	404.05	0.0719	578.8	10.418	20.30	12.94	1.69
	14.16	38.00	73.77	0.00	0.0665	11.54	507.7	404.64	0.0715	573.1	10.316	20.10	12.79	1.69
	15.18	38.06	73.77	-0.00	0.0665	11.54	507.8	404.80	0.0705	563.4	10.141	19.76	12.53	1.69
	16.16	38.00	73.74	0.00	0.0665	11.54	507.9	404.93	0.0706	566.4	10.195	19.87	12.61	1.69
	17.24	38.03	73.77	0.00	0.0664	11.52	506.8	403.92	0.0714	574.3	10.337	20.14	12.82	1.69
	18.17	37.97	73.77	-0.00	0.0664	11.50	506.0	403.24	0.0715	571.9	10.293	20.05	12.75	1.69
	19.23	38.01	73.77	0.00	0.0664	11.51	506.4	403.59	0.0717	576.2	10.371	20.21	12.87	1.69
	20.19	38.01	73.77	0.00	0.0664	11.52	507.1	404.14	0.0719	577.7	10.399	20.26	12.91	1.69
	21.17	38.03	73.77	0.00	0.0664	11.53	507.2	404.24	0.0709	568.0	10.224	19.92	12.65	1.69
	22.18	38.01	73.77	0.00	0.0662	11.48	504.9	402.41	0.0715	574.8	10.346	20.16	12.84	1.70
	23.17	38.00	73.74	0.00	0.0662	11.47	504.5	402.24	0.0721	578.9	10.420	20.31	12.94	1.69
	24.18	37.97	73.74	0.00	0.0662	11.48	505.0	402.56	0.0724	583.3	10.499	20.46	13.06	1.69
	25.16	38.01	73.80	0.00	0.0660	11.44	503.1	400.87	0.0728	587.5	10.575	20.60	13.17	1.69
	26.18	38.01	73.77	0.00	0.0662	11.46	504.0	401.72	0.0724	584.6	10.522	20.50	13.09	1.69
	27.19	37.96	73.72	-0.00	0.0661	11.46	504.4	402.20	0.0724	585.3	10.535	20.54	13.11	1.70
	28.17	38.00	73.77	0.00	0.0661	11.44	503.3	401.10	0.0722	586.9	10.565	20.58	13.15	1.70
	29.17	37.94	73.75	0.00	0.0658	11.39	501.3	399.56	0.0731	592.8	10.670	20.79	13.30	1.70
	30.17	38.01	73.77	0.00	0.0659	11.39	501.3	399.51	0.0731	598.4	10.771	20.98	13.45	1.69
	31.18	38.03	73.77	-0.00	0.0660	11.42	502.6	400.64	0.0735	599.1	10.784	21.01	13.47	1.70
	32.18	38.03	73.77	0.00	0.0660	11.43	503.0	400.96	0.0730	591.9	10.655	20.76	13.29	1.69
	33.18	38.00	73.77	-0.00	0.0660	11.43	503.1	400.99	0.0733	598.3	10.769	20.98	13.45	1.70
	34.18	38.02	73.77	0.00	0.0660	11.42	502.6	400.58	0.0733	597.4	10.753	20.95	13.43	1.70
	35.18	38.08	73.74	-0.00	0.0660	11.43	502.9	401.03	0.0732	594.4	10.699	20.86	13.35	1.70
	36.18	38.08	73.72	-0.00	0.0660	11.42	502.6	400.92	0.0739	602.4	10.843	21.14	13.56	1.70
	37.19	38.10	73.80	-0.00	0.0659	11.42	502.3	400.32	0.0737	599.2	10.786	21.01	13.48	1.70
	38.24	38.07	73.77	0.00	0.0659	11.41	501.9	400.07	0.0737	598.3	10.770	20.99	13.45	1.70
	39.17	38.04	73.74	0.00	0.0658	11.40	501.4	399.80	0.0737	598.8	10.779	21.01	13.46	1.70
	40.17	38.08	73.75	0.00	0.0658	11.39	501.1	399.62	0.0735	595.1	10.711	20.88	13.37	1.70
	41.19	38.08	73.77	-0.00	0.0658	11.39	501.3	399.60	0.0735	599.6	10.793	21.03	13.49	1.70
	42.17	38.03	73.80	0.00	0.0657	11.37	500.3	398.67	0.0738	602.0	10.835	21.10	13.54	1.70
	43.17	38.05	73.77	0.00	0.0658	11.38	500.6	399.08	0.0736	599.9	10.799	21.04	13.49	1.70
	44.16	38.05	73.77	0.00	0.0658	11.38	500.8	399.22	0.0739	601.1	10.819	21.08	13.52	1.70
	45.16	38.05	73.72	0.00	0.0658	11.39	501.1	399.71	0.0735	595.6	10.722	20.91	13.38	1.70
	46.18	38.05	73.77	0.00	0.0655	11.34	499.1	397.84	0.0742	602.8	10.850	21.14	13.57	1.70
	47.19	38.05	73.80	-0.00	0.0652	11.26	495.6	394.95	0.0760	623.3	11.219	21.85	14.08	1.70
	48.19	38.01	73.80	0.00	0.0653	11.27	496.1	395.22	0.0754	623.3	11.220	21.85	14.08	1.70
	49.19	38.03	73.74	0.00	0.0653	11.31	497.7	396.85	0.0756	612.9	11.033	21.50	13.82	1.70
	50.19	38.03	73.77	-0.00	0.0652	11.29	496.7	395.92	0.0761	619.6	11.153	21.73	13.99	1.70
	51.18	38.03	73.77	0.00	0.0653	11.29	496.6	395.81	0.0758	619.1	11.144	21.71	13.98	1.70
	52.18	38.00	73.77	-0.00	0.0651	11.25	495.1	394.60	0.0760	623.1	11.215	21.85	14.07	1.70
	53.26	38.02	73.77	-0.00	0.0653	11.28	496.3	395.56	0.0747	615.8	11.085	21.60	13.89	1.70
	54.26	38.01	73.80	-0.00	0.0652	11.24	494.6	394.03	0.0758	624.3	11.237	21.88	14.10	1.70
	55.26	38.04	73.74	-0.00	0.0652	11.24	494.6	394.37	0.0756	626.4	11.275	21.98	14.16	1.70
	56.18	38.02	73.80	0.00	0.0653	11.27	495.9	395.10	0.0748	615.9	11.086	21.59	13.89	1.70
	57.17	38.04	73.80	0.00	0.0654	11.29	496.6	395.68	0.0751	616.9	11.105	21.63	13.92	1.70
	58.17	38.07	73.77	0.00	0.0654	11.29	496.8	396.06	0.0737	605.4	10.897	21.23	13.63	1.70
	59.17	38.08	73.77	0.00	0.0656	11.33	498.4	397.32	0.0733	597.0	10.746	20.94	13.42	1.70
	60.17	38.04	73.77	0.00	0.0655	11.33	498.5	397.33	0.0737	600.1	10.802	21.05	13.50	1.70
	61.18	38.06	73.77	0.00	0.0655	11.31	497.8	396.80	0.0732	594.1	10.693	20.84	13.34	1.70
	62.17	38.05	73.77	0.00	0.0655	11.31	497.6	396.67	0.0739	603.5	10.863	21.17	13.58	1.70
	63.18	38.04	73.75	-0.00	0.0655	11.32	498.0	397.10	0.0738	600.1	10.802	21.05	13.50	1.70
	64.18	38.02	73.75	0.00	0.0655	11.32	498.1	397.14	0.0744	606.3	10.913	21.27	13.65	1.70
	65.24	38.03	73.74	0.00	0.0653	11.27	496.1	395.54	0.0761	626.6	11.278	21.98	14.16	1.70
	66.19	38.01	73.77	-0.00	0.0650	11.20	492.6	392.61	0.0779	653.7	11.767	22.92	14.82	1.70
	67.16	38.02	73.75	0.00	0.0650	11.20	492.6	392.77	0.0769	645.7	11.623	22.65	14.63	1.70
	68.19	38.04	73.80	-0.00	0.0651	11.23	494.1	393.72	0.0755	629.4	11.328	22.07	14.23	1.70
	69.23	38.05	73.77	0.00	0.0652	11.26	495.3	394.82	0.0750	612.1	11.018	21.47	13.80	1.70
	70.17	38.01	73.74	0.00	0.0652	11.25	495.2	394.78	0.0755	624.2	11.235	21.90	14.10	1.70
	71.18	38.09	73.77	-0.00	0.0652	11.24	494.7	394.39	0.0744	611.4	11.004	21.44	13.78	1.70
	72.17	38.10	73.77	0.00	0.0653	11.26	495.5	395.04	0.0751	617.3	11.112	21.66	13.93	1.70
	73.17	38.05	73.77	0.00	0.0651	11.24	494.4	394.12	0.0756	624.6	11.242	21.91	14.11	1.70
	74.18	38.10	73.77	-0.00	0.0653	11.26	495.5	395.06	0.0746	609.2	10.966	21.37	13.73	1.71
	75.18	38.08	73.77	-0.00	0.0652	11.25	495.2	394.75	0.0750	614.2	11.056	21.54	13.86	1.70
	76.18	38.08	73.77	0.00	0.0652	11.26	495.3	394.87	0.0754	619.9	11.157	21.74	14.00	1.70
	77.19	38.09	73.77	-0.00	0.0652	11.26	495.2	394.82	0.0757	621.4	11.185	21.80	14.04	1.70
	78.27	38.03	73.77	-0.00	0.0652	11.25	495.0	394.58	0.0761	625.7	11.263	21.94	14.14	1.70
	79.19	38.12	73.77	0.00	0.0652	11.24	494.7	394.39	0.0758	625.0	11.249	21.92	14.13	1.71
	80.19	38.09	73.77	0.00	0.0652	11.24	494.6	394.31	0.0754	623.0	11.213	21.85	14.07	1.71
	81.17	38.10	73.77	0.00	0.0652	11.24	494.6	394.31	0.0757	624.3	11.237	21.90	14.11	1.70
	82.18	38.11	73.77	0.00	0.0652	11.23	494.3	394.08	0.0749	617.7	11.119	21.67	13.94	1.70
	83.20	38.09	73.77	-0.00	0.0652	11.26	495.6	395.10	0.0745	608.6	10.955	21.35	13.71	1.70
	84.18	38.07	73.77	0.00	0.0652	11.26	495.4	394.94	0.0741	605.4	10.897	21.23	13.63	1.70
	85.18	38.07	73.80	0.00	0.0652	11.26	495.3	394.69	0.0751	608.8	10.958	21.35	13.72	1.71
	86.17	38.11	73.74	-0.00	0.0652	11.26	495.5	395.19	0.0750	616.1	11.090	21.62	13.90	1.71
	87.17	38.08	73.77	0.00	0.0652	11.25	495.1	394.70	0.0753	617.2	11.109	21.65	13.93	1.70
	88.19	38.09	73.77	-0.00	0.0651	11.24	494.4	394.14	0.0757	623.9	11.230	21.88	14.10	1.71
	89.19	38.10	73.74	0.00	0.0651	11.23	494.0	393.99	0.0757	622.7	11.208	21.85	14.07	1.71
	90.18	38.10	73.77	-0.00	0.0651	11.24	494.4	394.18	0.0759	625.7	11.262	21.95	14.14	1.71
	91.17	38.07	73.77	0.00	0.0651	11.22	493.7	393.57	0.0770	639.7	11.515	22.44	14.48	1.71
	92.18	38.10	73.77	-0.00	0.0651	11.21	493.2	393.23	0.0768	637.2	11.470	22.35	14.42	1.71
	93.16	38.05	73.77	0.00	0.0650	11.21	493.1	393.04	0.0767	635.5	11.439	22.29	14.38	1.71
	94.16	38.09	73.77	0.00	0.0650	11.21	493.1	393.08	0.0770	641.1	11.540	22.49	14.52	1.71
	95.18	38.10	73.77	0.00	0.0650	11.21	493.2	393.22	0.0768	637.7	11.478	22.37	14.44	1.71
	96.16	38.09	73.75	0.00	0.0648	11.17	491.4	391.89	0.0780	655.2	11.794	22.99	14.85	1.71
	97.17	38.09	73.77	0.00	0.0647	11.16	491.2	391.63	0.0783	649.4	11.689	22.78	14.72	1.71
	98.16	38.10	73.74	0.00	0.0649	11.18	492.0	392.34	0.0764	637.8	11.480	22.38	14.44	1.71
	99.17	38.13	73.72	0.00	0.0649	11.19	492.5	393.00	0.0760	625.6	11.261	21.96	14.14	1.71
	100.17	38.10	73.77	0.00	0.0649	11.18	491.7	392.04	0.0775	650.6	11.710	22.82	14.75	1.71
	101.25	38.10	73.75	-0.00	0.0650	11.21	493.0	393.21	0.0771	644.1	11.594	22.60	14.59	1.71
	102.17	38.10	73.77	0.00	0.0647	11.15	490.7	391.22	0.0784	656.2	11.811	23.02	14.88	1.71
	103.18	38.17	73.77	-0.00	0.0649	11.18	492.0	392.31	0.0774	652.9	11.752	22.91	14.80	1.71
	104.16	38.11	73.77	0.00	0.0649	11.17	491.7	391.99	0.0778	650.2	11.703	22.81	14.74	1.71
	105.18	38.15	73.77	0.00	0.0649	11.19	492.4	392.61	0.0778	649.1	11.685	22.77	14.71	1.71
	106.17	38.12	73.74	-0.00	0.0649	11.19	492.3	392.67	0.0777	647.6	11.657	22.73	14.68	1.71
	107.19	38.12	73.77	-0.00	0.0648	11.17	491.4	391.78	0.0779	650.4	11.707	22.82	14.74	1.71
	108.17	38.11	73.77	0.00	0.0646	11.14	490.1	390.72	0.0787	658.9	11.860	23.11	14.94	1.71
	109.19	38.14	73.77	0.00	0.0647	11.17	491.4	391.84	0.0781	646.0	11.628	22.66	14.64	1.71
	110.17	38.11	73.77	0.00	0.0649	11.18	491.7	392.04	0.0762	631.1	11.360	22.14	14.28	1.71
	111.18	38.15	73.77	-0.00	0.0647	11.14	490.3	390.96	0.0776	652.2	11.740	22.88	14.79	1.71
	112.18	38.06	73.74	0.00	0.0645	11.10	488.6	389.61	0.0795	668.3	12.030	23.45	15.16	1.71
	113.16	38.12	73.74	0.00	0.0646	11.08	487.4	388.73	0.0788	675.8	12.165	23.72	15.34	1.71
	114.19	38.09	73.77	-0.00	0.0644	11.08	487.4	388.58	0.0799	673.0	12.114	23.61	15.27	1.71
	115.18	38.12	73.77	-0.00	0.0645	11.10	488.5	389.50	0.0792	668.9	12.040	23.47	15.18	1.71
	116.19	38.12	73.77	-0.00	0.0647	11.13	489.8	390.51	0.0788	662.6	11.926	23.24	15.03	1.71
	117.19	38.16	73.77	-0.00	0.0648	11.16	490.9	391.42	0.0784	657.2	11.830	23.06	14.91	1.71
	118.19	38.09	73.77	-0.00	0.0648	11.16	490.9	391.38	0.0772	650.0	11.701	22.80	14.73	1.71
	119.19	38.15	73.74	-0.00	0.0648	11.17	491.6	392.11	0.0769	638.2	11.488	22.40	14.45	1.71
	120.17	38.13	73.77	0.00	0.0648	11.16	491.0	391.47	0.0773	645.4	11.617	22.64	14.62	1.71
	121.18	38.15	73.77	-0.00	0.0648	11.16	491.1	391.60	0.0770	639.9	11.519	22.45	14.49	1.71
	122.20	38.17	73.80	0.00	0.0649	11.17	491.5	391.82	0.0762	631.2	11.362	22.14	14.28	1.71
	123.18	38.22	73.77	-0.00	0.0648	11.17	491.5	392.01	0.0766	634.8	11.426	22.28	14.37	1.71
