Jul 23 2015 at 10:18:43
Frequency: 1.00Hz.
CO2
Zero:  Value:0.95  Date:18 Mar 2005	 at 07:22:33	
Span:  Value:1.00  Date:18 Mar 2005	 at 07:25:09	
H2O
Zero:  Value:0.71  Date:18 Mar 2005	 at 07:52:31	
Span:  Value:0.99  Date:18 Mar 2005	 at 11:44:01	
	Relative Time	Temperature	Pressure	Aux Input	CO2 Absorptance	CO2 mmol/m3	CO2 mg/m3	CO2 umol/mol	H2O Absorptance	H2O mmol/m3	H2O g/m3	H2O mmol/mol	H2O(°C)	Cooler Voltage
	0.62	29.68	73.72	-0.00	0.0682	11.93	524.8	407.38	0.0674	528.4	9.511	18.05	11.15	1.69
	1.61	29.64	73.74	-0.00	0.0680	11.90	523.4	406.11	0.0679	532.2	9.579	18.17	11.25	1.68
	2.60	29.64	73.72	0.00	0.0680	11.90	523.5	406.26	0.0679	532.9	9.593	18.20	11.27	1.68
	3.60	29.63	73.77	-0.00	0.0681	11.90	523.6	406.06	0.0680	533.1	9.595	18.19	11.28	1.68
	4.62	29.66	73.74	-0.00	0.0680	11.89	523.2	405.97	0.0682	536.1	9.650	18.30	11.36	1.68
	5.60	29.63	73.75	0.00	0.0680	11.87	522.2	405.11	0.0685	540.7	9.733	18.46	11.49	1.68
	6.61	29.66	73.75	-0.00	0.0679	11.86	522.0	405.05	0.0689	543.4	9.782	18.55	11.57	1.68
	7.61	29.64	73.77	-0.00	0.0679	11.86	522.0	404.88	0.0689	542.3	9.762	18.51	11.54	1.68
	8.60	29.66	73.72	0.00	0.0679	11.86	521.8	405.02	0.0688	542.9	9.772	18.54	11.55	1.68
	9.59	29.68	73.77	0.00	0.0679	11.84	521.1	404.22	0.0694	550.2	9.903	18.78	11.76	1.68
	10.59	29.65	73.77	0.00	0.0678	11.85	521.6	404.55	0.0692	549.7	9.894	18.76	11.74	1.68
	11.59	29.66	73.74	0.00	0.0679	11.83	520.7	404.03	0.0692	546.0	9.828	18.64	11.64	1.68
	12.61	29.66	73.72	-0.00	0.0678	11.85	521.3	404.63	0.0694	550.0	9.900	18.78	11.75	1.68
	13.59	29.70	73.74	0.00	0.0678	11.84	521.1	404.40	0.0698	554.5	9.982	18.93	11.88	1.68
	14.60	29.65	73.74	0.00	0.0678	11.82	519.9	403.37	0.0700	557.1	10.028	19.02	11.95	1.68
	15.58	29.70	73.72	0.00	0.0677	11.81	519.8	403.48	0.0699	555.0	9.991	18.96	11.89	1.68
	16.61	29.70	73.72	-0.00	0.0678	11.83	520.6	404.09	0.0699	555.0	9.990	18.96	11.89	1.68
	17.58	29.69	73.75	0.00	0.0677	11.80	519.2	402.87	0.0704	558.9	10.061	19.08	12.00	1.68
	18.61	29.70	73.74	-0.00	0.0675	11.77	518.0	401.93	0.0706	564.7	10.165	19.28	12.15	1.68
	19.59	29.70	73.74	-0.00	0.0676	11.78	518.4	402.30	0.0706	564.6	10.163	19.28	12.15	1.68
	20.61	29.71	73.75	-0.00	0.0675	11.78	518.2	402.13	0.0708	564.8	10.167	19.29	12.16	1.68
	21.59	29.72	73.72	-0.00	0.0674	11.75	517.0	401.33	0.0715	572.0	10.296	19.54	12.35	1.68
	22.59	29.72	73.74	0.00	0.0674	11.74	516.4	400.78	0.0716	573.8	10.328	19.59	12.40	1.68
	23.60	29.73	73.74	0.00	0.0674	11.75	516.9	401.19	0.0716	574.3	10.337	19.61	12.41	1.68
	24.60	29.73	73.72	0.00	0.0674	11.74	516.6	401.06	0.0718	578.9	10.420	19.77	12.53	1.68
	25.61	29.73	73.74	-0.00	0.0673	11.72	515.6	400.14	0.0721	582.9	10.492	19.90	12.64	1.68
	26.61	29.80	73.74	-0.00	0.0673	11.71	515.4	400.07	0.0725	584.3	10.517	19.96	12.68	1.68
	27.60	29.73	73.72	0.00	0.0672	11.71	515.1	399.87	0.0720	579.0	10.423	19.78	12.54	1.68
	28.61	29.75	73.75	0.00	0.0673	11.70	514.8	399.57	0.0720	579.1	10.424	19.78	12.54	1.68
	29.61	29.75	73.75	-0.00	0.0673	11.74	516.4	400.78	0.0717	575.8	10.365	19.66	12.45	1.68
	30.62	29.73	73.77	-0.00	0.0673	11.72	515.9	400.24	0.0720	576.3	10.374	19.67	12.46	1.68
	31.61	29.76	73.77	-0.00	0.0672	11.71	515.2	399.71	0.0715	573.4	10.322	19.58	12.39	1.68
	32.60	29.78	73.74	0.00	0.0671	11.69	514.4	399.28	0.0719	578.6	10.415	19.76	12.53	1.68
	33.60	29.75	73.74	-0.00	0.0670	11.66	513.1	398.24	0.0723	583.7	10.507	19.93	12.66	1.68
	34.60	29.73	73.74	0.00	0.0669	11.63	511.7	397.11	0.0732	591.3	10.643	20.19	12.86	1.68
	35.60	29.75	73.74	0.00	0.0668	11.60	510.6	396.25	0.0731	597.1	10.747	20.39	13.00	1.68
	36.60	29.75	73.74	0.00	0.0668	11.63	511.5	397.00	0.0731	587.8	10.580	20.07	12.77	1.68
	37.69	29.78	73.74	-0.00	0.0668	11.60	510.5	396.27	0.0731	594.1	10.693	20.29	12.93	1.68
	38.59	29.75	73.74	0.00	0.0667	11.61	511.0	396.58	0.0733	592.1	10.658	20.22	12.88	1.68
	39.59	29.75	73.72	0.00	0.0665	11.57	509.0	395.18	0.0739	595.6	10.720	20.35	12.97	1.68
	40.61	29.79	73.74	0.00	0.0666	11.55	508.3	394.55	0.0736	602.5	10.845	20.58	13.15	1.68
	41.59	29.77	73.74	0.00	0.0666	11.55	508.4	394.59	0.0736	600.5	10.809	20.51	13.09	1.68
	42.60	29.77	73.77	0.00	0.0665	11.55	508.1	394.21	0.0739	603.2	10.857	20.59	13.16	1.68
	43.60	29.82	73.77	-0.00	0.0665	11.53	507.3	393.64	0.0742	605.4	10.897	20.67	13.22	1.68
	44.60	29.77	73.74	-0.00	0.0663	11.51	506.4	393.09	0.0746	609.6	10.973	20.82	13.33	1.68
	45.58	29.81	73.74	0.00	0.0664	11.54	507.6	394.08	0.0741	603.9	10.871	20.63	13.18	1.68
	46.61	29.79	73.75	-0.00	0.0662	11.50	506.0	392.77	0.0749	611.4	11.005	20.88	13.37	1.68
	47.60	29.75	73.74	-0.00	0.0660	11.44	503.4	390.67	0.0752	617.1	11.109	21.07	13.51	1.68
	48.59	29.81	73.77	0.00	0.0660	11.45	503.8	390.98	0.0751	619.4	11.149	21.15	13.57	1.68
	49.67	29.83	73.74	0.00	0.0660	11.43	502.8	390.35	0.0756	621.3	11.183	21.22	13.62	1.68
	50.59	29.80	73.74	0.00	0.0659	11.42	502.3	389.93	0.0757	622.7	11.209	21.27	13.65	1.68
	51.60	29.81	73.77	0.00	0.0661	11.42	502.6	390.04	0.0753	621.8	11.192	21.23	13.63	1.68
	52.62	29.81	73.75	-0.00	0.0662	11.47	504.7	391.76	0.0747	613.8	11.049	20.97	13.43	1.68
	53.60	29.79	73.72	0.00	0.0661	11.47	504.8	391.97	0.0747	611.3	11.003	20.88	13.37	1.68
	54.60	29.84	73.74	0.00	0.0660	11.44	503.4	390.77	0.0755	619.6	11.152	21.16	13.58	1.68
	55.60	29.83	73.74	0.00	0.0660	11.41	502.3	389.91	0.0754	624.8	11.246	21.34	13.70	1.68
	56.60	29.83	73.72	0.00	0.0659	11.43	502.8	390.44	0.0759	625.6	11.260	21.38	13.72	1.68
	57.59	29.85	73.77	0.00	0.0658	11.40	501.4	389.17	0.0760	629.1	11.323	21.48	13.81	1.68
	58.61	29.83	73.74	0.00	0.0658	11.39	501.3	389.15	0.0760	629.4	11.329	21.50	13.82	1.68
	59.59	29.83	73.74	0.00	0.0658	11.38	500.6	388.66	0.0763	630.8	11.354	21.55	13.85	1.68
	60.68	29.85	73.77	-0.00	0.0658	11.40	501.4	389.16	0.0760	628.2	11.308	21.45	13.79	1.68
	61.60	29.85	73.74	-0.00	0.0657	11.37	500.3	388.42	0.0766	632.7	11.388	21.61	13.90	1.68
	62.62	29.88	73.75	-0.00	0.0654	11.33	498.6	387.10	0.0774	642.7	11.568	21.96	14.14	1.68
	63.60	29.88	73.72	-0.00	0.0655	11.30	497.2	386.21	0.0774	643.9	11.591	22.01	14.17	1.68
	64.60	29.90	73.74	0.00	0.0654	11.30	497.3	386.15	0.0777	647.8	11.660	22.13	14.26	1.68
	65.60	29.85	73.72	0.00	0.0652	11.27	496.0	385.22	0.0782	651.9	11.734	22.28	14.36	1.68
	66.61	29.91	73.77	0.00	0.0652	11.26	495.2	384.42	0.0783	656.7	11.821	22.43	14.48	1.68
	67.69	29.87	73.72	-0.00	0.0651	11.23	494.1	383.74	0.0786	658.2	11.848	22.49	14.51	1.68
	68.59	29.86	73.72	0.00	0.0651	11.22	493.5	383.32	0.0784	657.4	11.833	22.46	14.49	1.68
	69.59	29.87	73.77	0.00	0.0654	11.24	494.7	383.94	0.0777	657.8	11.840	22.46	14.50	1.68
	70.61	29.87	73.74	-0.00	0.0651	11.23	494.2	383.68	0.0786	657.1	11.828	22.45	14.49	1.68
	71.60	29.87	73.74	-0.00	0.0651	11.25	494.9	384.22	0.0785	657.6	11.837	22.47	14.50	1.68
	72.60	29.89	73.77	-0.00	0.0650	11.21	493.0	382.69	0.0792	666.0	11.988	22.75	14.69	1.68
	73.59	29.89	73.72	0.00	0.0651	11.24	494.4	383.99	0.0786	656.9	11.825	22.45	14.48	1.68
	74.60	29.89	73.77	0.00	0.0650	11.20	492.7	382.41	0.0789	661.8	11.913	22.60	14.60	1.68
	75.60	29.89	73.75	-0.00	0.0651	11.19	492.2	382.17	0.0786	665.0	11.970	22.72	14.67	1.68
	76.61	29.88	73.74	0.00	0.0651	11.20	492.9	382.69	0.0787	661.8	11.912	22.61	14.59	1.68
	77.58	29.92	73.74	0.00	0.0649	11.19	492.4	382.34	0.0792	669.5	12.051	22.88	14.78	1.68
	78.61	29.89	73.77	0.00	0.0651	11.15	490.6	380.81	0.0792	674.4	12.139	23.03	14.89	1.68
	79.59	29.91	73.72	0.00	0.0652	11.23	494.3	383.97	0.0787	663.7	11.947	22.68	14.64	1.68
	80.61	29.89	73.74	0.00	0.0649	11.21	493.2	382.99	0.0791	666.6	11.999	22.78	14.71	1.68
	81.68	29.93	73.74	-0.00	0.0649	11.19	492.4	382.41	0.0794	667.1	12.008	22.79	14.72	1.68
	82.60	29.91	73.77	0.00	0.0649	11.20	493.0	382.68	0.0794	669.3	12.047	22.86	14.77	1.68
	83.60	29.91	73.77	0.00	0.0648	11.18	491.8	381.79	0.0799	676.3	12.173	23.10	14.93	1.68
	84.61	29.93	73.77	-0.00	0.0647	11.16	490.8	381.06	0.0802	678.5	12.213	23.18	14.99	1.68
	85.60	29.97	73.74	0.00	0.0646	11.12	489.3	379.99	0.0801	678.4	12.211	23.18	14.98	1.68
	86.67	29.92	73.77	0.00	0.0647	11.14	490.2	380.52	0.0798	674.0	12.131	23.02	14.88	1.68
	87.61	29.95	73.74	-0.00	0.0646	11.11	488.9	379.67	0.0802	681.3	12.263	23.28	15.05	1.68
	88.61	29.92	73.74	0.00	0.0645	11.12	489.3	379.98	0.0802	679.6	12.232	23.22	15.01	1.68
	89.61	29.93	73.74	-0.00	0.0645	11.09	487.8	378.85	0.0805	685.6	12.342	23.43	15.15	1.68
	90.61	29.95	73.77	0.00	0.0643	11.08	487.6	378.56	0.0808	684.4	12.320	23.38	15.12	1.68
	91.59	29.93	73.75	0.00	0.0645	11.08	487.4	378.47	0.0802	688.3	12.389	23.52	15.21	1.68
	92.60	29.97	73.74	0.00	0.0645	11.11	489.0	379.81	0.0801	677.2	12.189	23.14	14.96	1.68
	93.58	29.97	73.74	0.00	0.0645	11.10	488.5	379.45	0.0803	680.2	12.244	23.25	15.03	1.68
	94.61	29.92	73.77	-0.00	0.0643	11.06	486.6	377.77	0.0807	688.0	12.384	23.50	15.20	1.68
	95.60	29.95	73.74	-0.00	0.0645	11.10	488.4	379.29	0.0804	680.3	12.245	23.25	15.03	1.68
	96.60	29.94	73.72	0.00	0.0645	11.07	487.1	378.42	0.0805	688.7	12.397	23.54	15.22	1.68
	97.59	29.97	73.77	0.00	0.0645	11.10	488.5	379.30	0.0803	680.5	12.249	23.25	15.03	1.68
	98.59	29.95	73.72	0.00	0.0644	11.08	487.7	378.89	0.0806	684.4	12.319	23.40	15.12	1.68
	99.59	29.99	73.77	0.00	0.0644	11.05	486.2	377.48	0.0807	691.7	12.450	23.63	15.29	1.68
	100.61	29.93	73.74	-0.00	0.0646	11.13	489.7	380.30	0.0804	680.5	12.250	23.25	15.03	1.68
	101.59	29.95	73.74	0.00	0.0646	11.10	488.2	379.14	0.0802	687.3	12.372	23.49	15.19	1.68
	102.60	29.97	73.74	0.00	0.0645	11.12	489.5	380.16	0.0804	679.2	12.225	23.21	15.00	1.68
	103.58	29.99	73.74	0.00	0.0643	11.04	485.6	377.15	0.0812	694.3	12.498	23.73	15.35	1.68
	104.60	29.99	73.74	0.00	0.0645	11.09	488.2	379.17	0.0808	685.5	12.339	23.43	15.15	1.68
	105.60	29.99	73.80	0.00	0.0646	11.12	489.3	379.75	0.0806	684.3	12.317	23.37	15.12	1.68
	106.59	29.96	73.72	0.00	0.0644	11.09	487.9	379.02	0.0810	689.3	12.408	23.56	15.23	1.68
	107.59	29.99	73.74	0.00	0.0641	11.00	484.0	375.90	0.0815	696.9	12.544	23.82	15.40	1.68
	108.61	29.98	73.74	0.00	0.0646	11.12	489.4	380.13	0.0804	682.5	12.286	23.33	15.08	1.68
	109.61	29.99	73.72	-0.00	0.0645	11.09	487.9	379.09	0.0808	689.2	12.406	23.56	15.23	1.68
	110.62	30.01	73.74	-0.00	0.0645	11.14	490.0	380.61	0.0808	684.3	12.318	23.39	15.12	1.68
	111.60	30.01	73.74	0.00	0.0644	11.07	487.3	378.51	0.0814	692.7	12.468	23.68	15.31	1.68
	112.60	30.01	73.74	0.00	0.0641	11.01	484.6	376.40	0.0820	701.9	12.633	23.99	15.52	1.68
	113.60	29.99	73.74	0.00	0.0643	11.07	487.0	378.25	0.0810	690.7	12.432	23.60	15.26	1.68
	114.61	30.01	73.74	-0.00	0.0643	11.07	487.2	378.47	0.0812	692.7	12.468	23.67	15.31	1.68
	115.60	30.03	73.75	0.00	0.0642	11.01	484.6	376.47	0.0819	701.9	12.635	23.99	15.52	1.68
	116.61	30.01	73.74	-0.00	0.0643	11.05	486.2	377.64	0.0811	692.1	12.458	23.66	15.30	1.68
	117.61	30.01	73.74	-0.00	0.0642	11.04	486.0	377.48	0.0812	693.5	12.484	23.70	15.33	1.67
	118.61	30.01	73.72	-0.00	0.0643	11.06	486.8	378.31	0.0811	690.0	12.419	23.59	15.25	1.68
	119.59	30.00	73.74	0.00	0.0644	11.06	486.7	378.04	0.0810	690.2	12.423	23.59	15.25	1.68
	120.60	30.00	73.75	0.00	0.0642	11.04	485.8	377.38	0.0814	693.6	12.486	23.71	15.33	1.68
