Jul 23 2015 at 10:13:27
Frequency: 1.00Hz.
CO2
Zero:  Value:0.95  Date:18 Mar 2005	 at 07:22:33	
Span:  Value:1.00  Date:18 Mar 2005	 at 07:25:09	
H2O
Zero:  Value:0.71  Date:18 Mar 2005	 at 07:52:31	
Span:  Value:0.99  Date:18 Mar 2005	 at 11:44:01	
	Relative Time	Temperature	Pressure	Aux Input	CO2 Absorptance	CO2 mmol/m3	CO2 mg/m3	CO2 umol/mol	H2O Absorptance	H2O mmol/m3	H2O g/m3	H2O mmol/mol	H2O(°C)	Cooler Voltage
	0.81	29.15	73.74	0.00	0.0697	12.25	539.2	417.63	0.0743	605.2	10.893	20.63	13.18	1.69
	1.84	29.18	73.77	-0.00	0.0698	12.28	540.4	418.47	0.0744	608.0	10.944	20.72	13.25	1.69
	2.84	29.16	73.74	-0.00	0.0693	12.18	536.0	415.22	0.0751	615.2	11.074	20.97	13.43	1.69
	3.84	29.20	73.74	-0.00	0.0694	12.17	535.4	414.75	0.0739	609.2	10.965	20.76	13.28	1.69
	4.84	29.17	73.74	0.00	0.0698	12.26	539.6	417.95	0.0702	567.4	10.213	19.34	12.20	1.69
	5.83	29.16	73.74	-0.00	0.0697	12.26	539.6	417.96	0.0712	568.7	10.237	19.38	12.23	1.69
	6.83	29.20	73.75	0.00	0.0692	12.14	534.3	413.89	0.0731	593.3	10.679	20.22	12.88	1.69
	7.83	29.16	73.74	-0.00	0.0689	12.10	532.5	412.48	0.0739	601.2	10.822	20.49	13.08	1.69
	8.85	29.16	73.72	-0.00	0.0684	11.98	526.9	408.29	0.0762	625.2	11.253	21.32	13.68	1.69
	9.81	29.21	73.74	0.00	0.0685	11.98	526.9	408.24	0.0761	630.3	11.346	21.49	13.81	1.69
	10.83	29.20	73.72	0.00	0.0686	11.99	527.8	409.01	0.0760	628.4	11.311	21.43	13.76	1.69
	11.81	29.16	73.72	0.00	0.0690	12.11	532.9	412.93	0.0745	609.8	10.977	20.79	13.30	1.69
	12.82	29.15	73.75	0.00	0.0687	12.06	530.5	410.94	0.0740	606.7	10.921	20.68	13.22	1.69
	13.82	29.18	73.72	0.00	0.0689	12.05	530.1	410.82	0.0728	594.6	10.703	20.27	12.91	1.69
	14.82	29.16	73.72	0.00	0.0687	12.07	531.0	411.48	0.0736	592.7	10.669	20.21	12.86	1.69
	15.82	29.16	73.74	0.00	0.0689	12.10	532.4	412.37	0.0735	595.7	10.723	20.30	12.94	1.69
	16.83	29.18	73.74	-0.00	0.0688	12.07	531.1	411.42	0.0741	602.6	10.847	20.54	13.12	1.69
	17.82	29.18	73.72	0.00	0.0685	11.98	527.3	408.64	0.0755	620.6	11.171	21.16	13.57	1.69
	18.83	29.16	73.75	-0.00	0.0686	12.00	528.1	409.06	0.0749	616.5	11.098	21.01	13.47	1.69
	19.83	29.16	73.74	0.00	0.0687	12.04	529.9	410.43	0.0749	614.7	11.064	20.95	13.42	1.70
	20.83	29.16	73.72	-0.00	0.0688	12.06	530.5	411.04	0.0752	619.3	11.147	21.11	13.53	1.69
	21.82	29.16	73.74	-0.00	0.0687	12.04	529.9	410.48	0.0729	592.9	10.673	20.21	12.87	1.69
	22.82	29.18	73.72	0.00	0.0687	12.04	529.7	410.48	0.0738	598.9	10.780	20.42	13.02	1.69
	23.81	29.18	73.77	0.00	0.0687	12.03	529.3	409.92	0.0736	599.5	10.791	20.43	13.04	1.69
	24.84	29.20	73.74	0.00	0.0687	12.03	529.3	410.06	0.0735	598.5	10.773	20.40	13.01	1.70
	25.80	29.16	73.74	0.00	0.0687	12.04	529.9	410.44	0.0722	585.3	10.536	19.95	12.67	1.70
	26.82	29.17	73.74	0.00	0.0688	12.06	530.8	411.18	0.0706	567.4	10.213	19.34	12.20	1.69
	27.88	29.23	73.77	0.00	0.0688	12.07	531.0	411.27	0.0700	557.5	10.035	19.00	11.93	1.69
	28.81	29.17	73.69	0.00	0.0688	12.07	531.0	411.62	0.0695	550.6	9.910	18.78	11.74	1.69
	29.83	29.20	73.77	-0.00	0.0687	12.05	530.0	410.48	0.0701	556.4	10.015	18.96	11.90	1.70
	30.81	29.17	73.77	0.00	0.0688	12.05	530.4	410.70	0.0701	558.4	10.051	19.03	11.96	1.70
	31.82	29.20	73.69	0.00	0.0688	12.07	531.1	411.75	0.0702	558.8	10.059	19.06	11.97	1.70
	32.81	29.17	73.74	0.00	0.0688	12.07	530.9	411.28	0.0701	558.9	10.061	19.05	11.97	1.70
	33.84	29.18	73.72	-0.00	0.0688	12.06	530.5	411.11	0.0696	553.2	9.957	18.86	11.81	1.70
	34.90	29.20	73.72	0.00	0.0688	12.06	530.6	411.22	0.0690	546.1	9.829	18.62	11.62	1.69
	35.82	29.22	73.77	0.00	0.0688	12.07	530.9	411.15	0.0684	539.4	9.709	18.38	11.43	1.70
	36.83	29.18	73.72	-0.00	0.0688	12.07	530.9	411.39	0.0676	529.8	9.537	18.07	11.16	1.70
	37.81	29.21	73.72	0.00	0.0689	12.08	531.7	412.06	0.0674	528.1	9.506	18.01	11.12	1.70
	38.83	29.20	73.72	0.00	0.0689	12.09	532.1	412.36	0.0672	525.1	9.452	17.90	11.03	1.70
	39.83	29.20	73.72	-0.00	0.0689	12.09	531.9	412.20	0.0671	523.8	9.428	17.86	10.99	1.70
	40.83	29.21	73.74	0.00	0.0690	12.09	532.1	412.28	0.0672	524.4	9.440	17.88	11.01	1.70
	41.84	29.20	73.74	0.00	0.0690	12.10	532.5	412.51	0.0672	525.3	9.455	17.91	11.03	1.70
	42.82	29.21	73.77	0.00	0.0690	12.11	532.7	412.52	0.0673	525.7	9.463	17.92	11.05	1.70
	43.91	29.20	73.74	-0.00	0.0689	12.10	532.3	412.40	0.0673	526.7	9.481	17.95	11.07	1.70
	44.84	29.18	73.74	0.00	0.0689	12.08	531.5	411.71	0.0673	526.6	9.479	17.95	11.07	1.70
	45.85	29.17	73.77	-0.00	0.0688	12.07	531.2	411.31	0.0670	523.6	9.424	17.84	10.98	1.70
	46.82	29.20	73.80	0.00	0.0688	12.07	531.1	411.12	0.0664	516.5	9.297	17.59	10.78	1.70
	47.83	29.20	73.77	-0.00	0.0689	12.07	531.3	411.43	0.0661	512.6	9.227	17.47	10.67	1.70
	48.83	29.20	73.77	0.00	0.0688	12.07	530.9	411.14	0.0656	508.8	9.159	17.34	10.55	1.70
	49.81	29.19	73.77	0.00	0.0688	12.06	530.4	410.77	0.0655	506.0	9.107	17.24	10.47	1.70
	50.83	29.19	73.75	0.00	0.0689	12.08	531.6	411.84	0.0659	509.5	9.170	17.37	10.57	1.70
	51.82	29.20	73.77	0.00	0.0690	12.11	532.9	412.70	0.0661	513.0	9.234	17.48	10.68	1.70
	52.82	29.19	73.74	0.00	0.0690	12.10	532.3	412.37	0.0659	509.6	9.173	17.37	10.58	1.70
	53.82	29.20	73.74	-0.00	0.0689	12.09	532.1	412.21	0.0657	507.5	9.135	17.30	10.52	1.70
	54.84	29.20	73.74	-0.00	0.0690	12.11	533.0	412.95	0.0662	512.8	9.230	17.48	10.67	1.70
	55.90	29.21	73.75	0.00	0.0691	12.13	533.8	413.52	0.0668	519.5	9.351	17.71	10.87	1.70
	56.83	29.20	73.74	-0.00	0.0692	12.15	534.6	414.17	0.0672	523.5	9.423	17.85	10.98	1.70
	57.81	29.21	73.77	-0.00	0.0692	12.15	534.5	413.94	0.0673	525.3	9.455	17.90	11.03	1.70
	58.83	29.21	73.72	-0.00	0.0691	12.13	533.8	413.71	0.0673	525.0	9.450	17.90	11.03	1.70
	59.91	29.21	73.69	-0.00	0.0690	12.12	533.1	413.33	0.0671	524.1	9.434	17.88	11.00	1.70
	60.81	29.19	73.74	0.00	0.0690	12.10	532.6	412.56	0.0668	520.5	9.369	17.74	10.90	1.70
	61.84	29.21	73.72	-0.00	0.0690	12.09	531.9	412.23	0.0666	518.2	9.327	17.67	10.83	1.70
	62.81	29.24	73.72	0.00	0.0689	12.09	531.9	412.26	0.0665	517.2	9.310	17.64	10.80	1.70
	63.84	29.21	73.74	-0.00	0.0689	12.09	531.8	412.02	0.0664	516.3	9.293	17.60	10.77	1.70
	64.82	29.21	73.72	-0.00	0.0689	12.07	531.2	411.72	0.0663	513.7	9.246	17.52	10.70	1.70
	65.82	29.21	73.72	0.00	0.0689	12.08	531.6	412.02	0.0666	516.6	9.299	17.62	10.78	1.70
	66.83	29.20	73.74	-0.00	0.0691	12.12	533.4	413.23	0.0673	525.0	9.451	17.90	11.03	1.70
	67.83	29.24	73.74	-0.00	0.0690	12.11	533.0	412.97	0.0677	530.0	9.540	18.07	11.17	1.70
	68.83	29.21	73.72	0.00	0.0690	12.12	533.1	413.18	0.0679	532.5	9.584	18.16	11.24	1.70
	69.81	29.21	73.77	0.00	0.0691	12.12	533.4	413.11	0.0679	532.9	9.591	18.16	11.25	1.70
	70.84	29.20	73.74	-0.00	0.0690	12.12	533.2	413.10	0.0677	530.3	9.546	18.08	11.18	1.70
	71.82	29.21	73.72	-0.00	0.0690	12.11	532.8	412.92	0.0674	528.1	9.507	18.01	11.12	1.70
	72.84	29.23	73.74	-0.00	0.0689	12.09	532.2	412.32	0.0673	526.5	9.477	17.95	11.07	1.70
	73.82	29.23	73.72	0.00	0.0688	12.07	531.1	411.62	0.0670	522.9	9.413	17.83	10.97	1.70
	74.82	29.23	73.74	0.00	0.0688	12.06	530.5	411.03	0.0668	519.8	9.357	17.72	10.88	1.70
	75.85	29.23	73.72	-0.00	0.0688	12.05	530.3	411.03	0.0667	519.2	9.346	17.71	10.86	1.70
	76.83	29.23	73.69	0.00	0.0688	12.06	530.4	411.26	0.0666	518.6	9.334	17.69	10.84	1.71
	77.81	29.23	73.74	0.00	0.0688	12.06	530.8	411.27	0.0668	519.4	9.349	17.71	10.86	1.70
	78.81	29.23	73.74	0.00	0.0689	12.07	531.2	411.59	0.0669	521.1	9.380	17.76	10.91	1.70
	79.81	29.26	73.74	0.00	0.0689	12.09	531.7	412.03	0.0671	523.5	9.423	17.85	10.98	1.70
	80.82	29.26	73.74	0.00	0.0690	12.10	532.2	412.37	0.0673	525.5	9.458	17.92	11.04	1.70
	81.81	29.25	73.74	0.00	0.0689	12.08	531.6	411.94	0.0671	524.2	9.435	17.87	11.00	1.70
	82.82	29.25	73.75	0.00	0.0688	12.06	530.7	411.20	0.0669	521.8	9.392	17.79	10.94	1.71
	83.80	29.23	73.74	0.00	0.0688	12.06	530.4	410.97	0.0669	521.3	9.383	17.77	10.92	1.71
	84.83	29.23	73.74	-0.00	0.0690	12.09	532.1	412.27	0.0675	527.6	9.497	17.99	11.10	1.71
	85.83	29.23	73.74	-0.00	0.0690	12.11	532.7	412.74	0.0679	532.2	9.579	18.14	11.23	1.71
	86.83	29.25	73.72	-0.00	0.0690	12.10	532.5	412.74	0.0681	534.1	9.613	18.21	11.29	1.71
	87.83	29.25	73.74	0.00	0.0691	12.11	533.0	413.00	0.0684	537.4	9.673	18.32	11.38	1.71
	88.81	29.25	73.72	0.00	0.0691	12.14	533.9	413.87	0.0687	541.4	9.745	18.46	11.49	1.71
	89.84	29.25	73.74	-0.00	0.0691	12.14	534.0	413.79	0.0689	543.8	9.789	18.54	11.56	1.71
	90.81	29.28	73.77	0.00	0.0691	12.13	533.8	413.51	0.0690	545.2	9.813	18.58	11.60	1.71
	91.82	29.25	73.74	0.00	0.0691	12.12	533.5	413.35	0.0690	544.9	9.808	18.58	11.59	1.71
	92.82	29.28	73.74	-0.00	0.0691	12.12	533.3	413.29	0.0689	543.9	9.790	18.55	11.56	1.71
	93.82	29.27	73.72	0.00	0.0691	12.13	533.6	413.63	0.0687	542.3	9.761	18.50	11.52	1.71
	94.90	29.25	73.74	0.00	0.0691	12.13	533.8	413.62	0.0685	540.7	9.732	18.43	11.47	1.71
	95.85	29.30	73.77	-0.00	0.0691	12.12	533.5	413.29	0.0684	539.5	9.711	18.39	11.44	1.71
	96.91	29.30	73.74	-0.00	0.0691	12.12	533.2	413.18	0.0684	537.6	9.677	18.33	11.39	1.71
	97.81	29.27	73.75	0.00	0.0691	12.12	533.5	413.39	0.0683	537.7	9.678	18.33	11.39	1.71
	98.84	29.27	73.74	-0.00	0.0691	12.14	534.1	413.84	0.0686	539.9	9.718	18.41	11.45	1.71
	99.81	29.27	73.74	0.00	0.0692	12.15	534.6	414.29	0.0689	543.7	9.786	18.54	11.56	1.71
	100.84	29.27	73.74	-0.00	0.0692	12.16	534.9	414.50	0.0690	546.3	9.834	18.63	11.63	1.71
	101.82	29.27	73.74	0.00	0.0692	12.15	534.7	414.36	0.0690	545.4	9.817	18.60	11.60	1.71
	102.82	29.28	73.74	0.00	0.0692	12.15	534.5	414.19	0.0690	545.2	9.813	18.59	11.60	1.71
	103.82	29.27	73.77	0.00	0.0692	12.15	534.8	414.27	0.0691	546.1	9.830	18.61	11.62	1.71
	104.82	29.30	73.74	0.00	0.0692	12.16	534.9	414.56	0.0691	546.1	9.831	18.62	11.63	1.71
	105.82	29.28	73.75	0.00	0.0692	12.14	534.4	414.08	0.0689	544.0	9.792	18.55	11.57	1.71
	106.83	29.27	73.77	-0.00	0.0692	12.15	534.4	413.96	0.0688	543.6	9.785	18.53	11.55	1.71
	107.84	29.27	73.74	-0.00	0.0692	12.14	534.3	414.00	0.0689	544.2	9.795	18.55	11.57	1.71
	108.89	29.27	73.74	0.00	0.0692	12.14	534.3	413.99	0.0690	544.7	9.805	18.57	11.59	1.71
	109.81	29.30	73.72	0.00	0.0692	12.16	534.9	414.68	0.0692	546.7	9.841	18.65	11.64	1.71
	110.82	29.32	73.74	-0.00	0.0692	12.16	535.2	414.77	0.0692	547.2	9.850	18.66	11.66	1.71
	111.84	29.29	73.77	-0.00	0.0692	12.16	534.8	414.32	0.0691	546.6	9.838	18.63	11.64	1.71
	112.82	29.27	73.82	0.00	0.0692	12.15	534.8	413.96	0.0691	546.4	9.835	18.61	11.63	1.71
	113.80	29.29	73.74	0.00	0.0692	12.15	534.7	414.35	0.0691	546.5	9.836	18.63	11.63	1.71
	114.82	29.28	73.75	0.00	0.0692	12.15	534.5	414.17	0.0690	545.8	9.824	18.61	11.61	1.71
	115.80	29.27	73.77	0.00	0.0692	12.16	535.0	414.40	0.0691	546.4	9.836	18.62	11.63	1.71
	116.81	29.29	73.72	0.00	0.0692	12.15	534.8	414.58	0.0691	545.9	9.825	18.62	11.62	1.71
	117.83	29.29	73.74	0.00	0.0692	12.16	535.0	414.58	0.0692	547.3	9.851	18.66	11.66	1.71
	118.81	29.30	73.74	0.00	0.0693	12.17	535.3	414.84	0.0693	548.9	9.880	18.72	11.70	1.71
	119.83	29.29	73.74	0.00	0.0693	12.17	535.4	414.89	0.0693	549.1	9.883	18.72	11.71	1.71
	120.81	29.31	73.74	0.00	0.0692	12.16	535.0	414.60	0.0693	548.6	9.875	18.71	11.70	1.71
	121.84	29.29	73.74	-0.00	0.0692	12.14	534.4	414.10	0.0691	546.5	9.837	18.63	11.64	1.71
	122.83	29.31	73.74	-0.00	0.0692	12.14	534.3	414.11	0.0690	545.2	9.814	18.59	11.60	1.71
	123.83	29.34	73.74	-0.00	0.0692	12.15	534.8	414.51	0.0691	546.7	9.840	18.64	11.64	1.72
	124.89	29.31	73.74	0.00	0.0692	12.14	534.2	414.03	0.0691	545.7	9.823	18.61	11.62	1.71
	125.81	29.27	73.74	0.00	0.0691	12.12	533.5	413.36	0.0688	543.3	9.780	18.53	11.55	1.71
	126.83	29.30	73.74	-0.00	0.0691	12.12	533.3	413.31	0.0688	542.6	9.767	18.50	11.53	1.72
	127.81	29.33	73.75	0.00	0.0691	12.13	533.9	413.76	0.0690	544.6	9.803	18.57	11.58	1.72
	128.83	29.32	73.77	0.00	0.0691	12.14	533.9	413.68	0.0691	546.4	9.836	18.63	11.64	1.72
