Jul 23 2015 at 11:58:08
Frequency: 1.00Hz.
CO2
Zero:  Value:0.95  Date:18 Mar 2005	 at 07:22:33	
Span:  Value:1.00  Date:18 Mar 2005	 at 07:25:09	
H2O
Zero:  Value:0.71  Date:18 Mar 2005	 at 07:52:31	
Span:  Value:0.99  Date:18 Mar 2005	 at 11:44:01	
	Relative Time	Temperature	Pressure	Aux Input	CO2 Absorptance	CO2 mmol/m3	CO2 mg/m3	CO2 umol/mol	H2O Absorptance	H2O mmol/m3	H2O g/m3	H2O mmol/mol	H2O(°C)	Cooler Voltage
	0.69	34.98	73.77	0.00	0.0671	11.68	514.0	405.70	0.0756	625.1	11.252	21.71	13.97	1.82
	1.69	34.96	73.74	-0.00	0.0671	11.68	514.0	405.81	0.0758	630.4	11.347	21.90	14.10	1.82
	2.70	35.00	73.80	-0.00	0.0673	11.71	515.5	406.71	0.0734	600.7	10.813	20.85	13.36	1.82
	3.70	34.94	73.74	-0.00	0.0675	11.76	517.4	408.41	0.0713	576.1	10.370	20.01	12.72	1.82
	4.68	34.92	73.74	0.00	0.0673	11.74	516.4	407.65	0.0712	571.9	10.294	19.86	12.60	1.82
	5.68	34.93	73.77	0.00	0.0674	11.73	516.2	407.35	0.0695	550.1	9.901	19.10	12.01	1.82
	6.68	34.95	73.80	0.00	0.0675	11.75	516.9	407.76	0.0676	534.2	9.616	18.54	11.57	1.82
	7.69	34.92	73.77	0.00	0.0674	11.74	516.6	407.62	0.0689	542.6	9.766	18.84	11.81	1.82
	8.69	35.03	73.77	0.00	0.0674	11.76	517.4	408.40	0.0668	514.5	9.262	17.87	11.01	1.82
	9.70	34.99	73.75	0.00	0.0673	11.73	516.2	407.58	0.0696	520.4	9.368	18.08	11.18	1.81
	10.70	34.96	73.80	0.00	0.0673	11.72	515.6	406.76	0.0683	551.2	9.922	19.13	12.05	1.82
	11.69	35.05	73.80	0.00	0.0673	11.73	516.0	407.15	0.0686	544.5	9.801	18.91	11.87	1.82
	12.70	35.06	73.77	0.00	0.0673	11.73	516.2	407.51	0.0692	549.8	9.896	19.10	12.01	1.82
	13.71	34.99	73.77	-0.00	0.0673	11.72	515.7	407.00	0.0683	540.5	9.729	18.77	11.75	1.82
	14.71	34.99	73.77	-0.00	0.0673	11.73	516.2	407.43	0.0690	534.4	9.620	18.56	11.58	1.82
	15.71	34.99	73.77	-0.00	0.0673	11.72	515.5	406.85	0.0708	567.5	10.215	19.71	12.49	1.82
	16.69	34.99	73.77	0.00	0.0673	11.72	515.9	407.16	0.0678	540.2	9.724	18.76	11.74	1.81
	17.71	35.03	73.74	-0.00	0.0674	11.73	516.1	407.50	0.0671	528.3	9.510	18.36	11.41	1.82
	18.69	34.99	73.77	-0.00	0.0673	11.72	515.5	406.88	0.0668	519.7	9.354	18.05	11.16	1.82
	19.70	35.02	73.82	0.00	0.0672	11.71	515.2	406.39	0.0676	526.5	9.477	18.27	11.36	1.82
	20.70	35.00	73.77	0.00	0.0672	11.70	514.9	406.38	0.0696	548.9	9.880	19.06	11.98	1.82
	21.68	34.99	73.74	0.00	0.0673	11.72	515.6	407.08	0.0669	522.9	9.412	18.17	11.25	1.82
	22.76	35.04	73.72	0.00	0.0673	11.72	515.7	407.37	0.0670	522.3	9.401	18.15	11.24	1.82
	23.68	35.06	73.80	0.00	0.0672	11.71	515.2	406.61	0.0670	522.6	9.406	18.15	11.24	1.82
	24.76	35.08	73.74	0.00	0.0672	11.68	513.9	405.88	0.0678	528.7	9.517	18.37	11.42	1.82
	25.71	35.10	73.77	-0.00	0.0672	11.69	514.6	406.29	0.0677	531.3	9.564	18.46	11.50	1.82
	26.69	35.05	73.77	-0.00	0.0672	11.69	514.6	406.21	0.0674	527.1	9.489	18.31	11.38	1.82
	27.71	35.05	73.77	-0.00	0.0672	11.70	514.8	406.41	0.0674	527.1	9.488	18.31	11.37	1.82
	28.69	35.03	73.77	-0.00	0.0673	11.70	515.0	406.52	0.0680	531.6	9.568	18.46	11.50	1.82
	29.70	35.01	73.77	-0.00	0.0672	11.69	514.3	405.93	0.0675	528.2	9.507	18.34	11.40	1.82
	30.69	35.08	73.80	-0.00	0.0671	11.69	514.3	405.89	0.0674	526.7	9.480	18.29	11.36	1.82
	31.68	35.06	73.77	0.00	0.0672	11.69	514.3	406.02	0.0674	526.8	9.482	18.30	11.37	1.82
	32.68	35.05	73.77	0.00	0.0672	11.71	515.2	406.73	0.0680	534.0	9.612	18.55	11.57	1.82
	33.70	35.04	73.80	0.00	0.0672	11.70	515.0	406.37	0.0681	533.8	9.608	18.53	11.56	1.82
	34.68	35.04	73.77	0.00	0.0672	11.69	514.5	406.13	0.0680	534.2	9.615	18.55	11.58	1.81
	35.69	35.01	73.74	-0.00	0.0672	11.69	514.4	406.16	0.0681	534.2	9.616	18.56	11.57	1.82
	36.68	35.03	73.77	0.00	0.0672	11.69	514.4	406.03	0.0679	533.1	9.596	18.52	11.54	1.82
	37.78	35.07	73.77	-0.00	0.0671	11.69	514.2	405.98	0.0678	531.4	9.565	18.46	11.50	1.82
	38.70	35.11	73.80	0.00	0.0673	11.70	514.7	406.24	0.0686	538.2	9.687	18.69	11.69	1.82
	39.70	35.08	73.77	0.00	0.0672	11.70	514.8	406.47	0.0685	540.4	9.727	18.77	11.75	1.82
	40.69	35.05	73.74	0.00	0.0671	11.68	514.1	406.01	0.0683	538.0	9.684	18.69	11.68	1.82
	41.70	35.07	73.77	0.00	0.0671	11.69	514.5	406.21	0.0685	539.9	9.718	18.75	11.74	1.82
	42.71	35.12	73.80	-0.00	0.0672	11.69	514.3	405.97	0.0691	546.3	9.834	18.97	11.92	1.82
	43.70	35.12	73.74	0.00	0.0672	11.69	514.2	406.15	0.0692	546.2	9.831	18.98	11.92	1.82
	44.70	35.12	73.77	0.00	0.0671	11.68	513.9	405.81	0.0691	546.8	9.842	19.00	11.93	1.82
	45.69	35.17	73.77	-0.00	0.0672	11.68	513.9	405.81	0.0694	550.0	9.901	19.11	12.02	1.82
	46.69	35.16	73.77	0.00	0.0671	11.67	513.6	405.60	0.0699	555.3	9.995	19.29	12.17	1.82
	47.70	35.19	73.77	0.00	0.0671	11.67	513.5	405.55	0.0701	557.2	10.030	19.36	12.22	1.82
	48.69	35.18	73.77	0.00	0.0671	11.68	514.0	405.93	0.0702	557.9	10.043	19.39	12.24	1.82
	49.70	35.16	73.74	0.00	0.0671	11.68	514.0	406.02	0.0702	561.0	10.097	19.50	12.32	1.82
	50.69	35.16	73.80	0.00	0.0671	11.68	513.9	405.69	0.0704	560.0	10.079	19.45	12.30	1.82
	51.70	35.19	73.80	-0.00	0.0671	11.67	513.6	405.47	0.0704	561.0	10.099	19.49	12.33	1.82
	52.71	35.16	73.77	-0.00	0.0671	11.68	513.8	405.75	0.0704	561.0	10.098	19.49	12.32	1.82
	53.68	35.16	73.77	0.00	0.0670	11.67	513.3	405.35	0.0702	559.6	10.073	19.45	12.29	1.82
	54.71	35.18	73.77	-0.00	0.0670	11.65	512.6	404.80	0.0701	556.9	10.023	19.35	12.21	1.82
	55.76	35.24	73.80	0.00	0.0670	11.66	513.0	405.06	0.0703	560.5	10.088	19.47	12.31	1.82
	56.69	35.23	73.80	0.00	0.0670	11.66	513.0	405.03	0.0703	560.9	10.095	19.49	12.32	1.82
	57.67	35.19	73.77	0.00	0.0670	11.66	512.9	405.08	0.0704	560.7	10.092	19.48	12.32	1.82
	58.69	35.21	73.80	0.00	0.0671	11.67	513.3	405.32	0.0707	563.3	10.139	19.57	12.39	1.82
	59.76	35.23	73.80	0.00	0.0671	11.67	513.4	405.39	0.0711	567.9	10.222	19.73	12.51	1.82
	60.69	35.18	73.77	0.00	0.0670	11.67	513.5	405.51	0.0711	570.4	10.267	19.82	12.58	1.82
	61.70	35.19	73.74	0.00	0.0671	11.68	513.7	405.88	0.0712	571.7	10.290	19.87	12.61	1.82
	62.70	35.21	73.77	-0.00	0.0670	11.66	513.0	405.19	0.0714	572.2	10.300	19.89	12.63	1.82
	63.68	35.19	73.77	0.00	0.0671	11.67	513.6	405.63	0.0716	575.2	10.354	19.99	12.71	1.82
	64.69	35.20	73.77	0.00	0.0671	11.66	513.0	405.15	0.0716	574.1	10.333	19.95	12.68	1.82
	65.69	35.23	73.80	-0.00	0.0670	11.66	513.2	405.20	0.0718	575.9	10.367	20.01	12.73	1.82
	66.69	35.23	73.74	0.00	0.0670	11.66	513.2	405.51	0.0717	578.5	10.412	20.11	12.80	1.82
	67.70	35.23	73.74	-0.00	0.0671	11.66	513.2	405.50	0.0713	569.3	10.248	19.79	12.55	1.82
	68.70	35.26	73.80	0.00	0.0670	11.65	512.7	404.89	0.0715	577.1	10.387	20.05	12.76	1.82
	69.70	35.25	73.77	0.00	0.0670	11.66	513.0	405.20	0.0712	569.7	10.255	19.80	12.56	1.82
	70.70	35.26	73.80	0.00	0.0671	11.66	513.1	405.22	0.0717	576.0	10.367	20.01	12.73	1.82
	71.70	35.23	73.75	0.00	0.0670	11.66	512.9	405.26	0.0717	576.4	10.376	20.04	12.74	1.82
	72.70	35.20	73.77	0.00	0.0670	11.66	513.1	405.29	0.0718	578.4	10.412	20.10	12.79	1.82
	73.71	35.23	73.77	-0.00	0.0670	11.66	512.8	405.09	0.0718	578.6	10.414	20.11	12.80	1.82
	74.76	35.14	73.74	0.00	0.0669	11.62	511.4	403.98	0.0718	577.2	10.390	20.06	12.76	1.82
	75.71	35.11	73.74	0.00	0.0668	11.62	511.5	403.98	0.0720	579.3	10.427	20.13	12.81	1.82
	76.71	35.17	73.80	-0.00	0.0669	11.63	511.6	403.92	0.0722	578.9	10.421	20.11	12.80	1.82
	77.70	35.09	73.77	-0.00	0.0670	11.64	512.0	404.23	0.0723	582.2	10.480	20.23	12.89	1.82
	78.69	35.03	73.77	0.00	0.0669	11.64	512.2	404.33	0.0724	584.9	10.529	20.32	12.96	1.82
	79.70	35.02	73.80	-0.00	0.0669	11.65	512.5	404.42	0.0730	592.0	10.657	20.55	13.14	1.82
	80.68	34.99	73.74	0.00	0.0670	11.64	512.2	404.39	0.0731	592.2	10.659	20.57	13.14	1.82
	81.78	35.03	73.77	0.00	0.0669	11.64	512.1	404.23	0.0728	589.5	10.611	20.47	13.07	1.82
	82.70	35.13	73.77	-0.00	0.0669	11.63	511.9	404.20	0.0729	590.6	10.631	20.52	13.11	1.82
	83.71	35.12	73.74	-0.00	0.0670	11.64	512.3	404.65	0.0731	592.0	10.655	20.57	13.14	1.82
	84.69	35.16	73.77	-0.00	0.0670	11.66	512.8	404.98	0.0733	595.1	10.713	20.68	13.23	1.82
	85.77	35.16	73.77	-0.00	0.0670	11.65	512.4	404.64	0.0731	593.4	10.681	20.62	13.18	1.82
	86.69	35.16	73.77	-0.00	0.0670	11.65	512.5	404.69	0.0728	590.0	10.620	20.50	13.09	1.82
	87.69	35.14	73.77	0.00	0.0670	11.64	512.3	404.51	0.0732	593.3	10.680	20.61	13.18	1.82
	88.69	35.25	73.82	0.00	0.0669	11.64	512.0	404.14	0.0733	594.6	10.702	20.65	13.22	1.82
	89.76	35.15	73.77	0.00	0.0670	11.64	512.1	404.39	0.0734	596.2	10.732	20.72	13.25	1.82
	90.70	35.19	73.77	-0.00	0.0669	11.64	512.0	404.34	0.0735	597.4	10.753	20.76	13.29	1.82
	91.68	35.16	73.77	-0.00	0.0669	11.64	512.0	404.30	0.0739	599.4	10.789	20.83	13.33	1.82
	92.70	35.21	73.77	-0.00	0.0670	11.64	512.4	404.68	0.0740	602.5	10.845	20.94	13.42	1.82
	93.69	35.21	73.77	-0.00	0.0669	11.64	512.0	404.42	0.0739	602.1	10.837	20.92	13.41	1.82
	94.68	35.20	73.74	0.00	0.0669	11.63	511.8	404.38	0.0739	603.1	10.856	20.97	13.43	1.82
	95.69	35.21	73.77	0.00	0.0669	11.62	511.4	403.89	0.0739	601.1	10.820	20.89	13.38	1.82
	96.69	35.23	73.77	-0.00	0.0669	11.65	512.5	404.78	0.0739	603.4	10.861	20.97	13.44	1.82
	97.69	35.23	73.77	-0.00	0.0669	11.63	511.6	404.15	0.0739	603.4	10.862	20.97	13.44	1.82
	98.70	35.21	73.77	0.00	0.0669	11.63	511.6	404.06	0.0741	605.0	10.890	21.03	13.48	1.82
	99.75	35.21	73.77	0.00	0.0669	11.63	511.9	404.33	0.0743	607.9	10.943	21.13	13.56	1.82
	100.70	35.24	73.77	0.00	0.0669	11.64	512.0	404.41	0.0743	607.4	10.933	21.11	13.54	1.82
	101.70	35.19	73.77	0.00	0.0669	11.63	511.8	404.22	0.0743	608.0	10.945	21.13	13.56	1.82
	102.70	35.21	73.80	0.00	0.0669	11.63	511.9	404.17	0.0743	607.9	10.942	21.12	13.55	1.82
	103.68	35.18	73.74	0.00	0.0668	11.62	511.2	403.87	0.0744	608.6	10.956	21.16	13.57	1.82
	104.69	35.17	73.75	0.00	0.0669	11.63	511.7	404.22	0.0744	608.8	10.958	21.16	13.57	1.82
	105.71	35.21	73.77	-0.00	0.0669	11.63	511.5	404.02	0.0748	611.8	11.012	21.26	13.65	1.82
	106.70	35.20	73.77	-0.00	0.0669	11.63	511.5	404.03	0.0750	612.6	11.027	21.29	13.67	1.82
	107.70	35.18	73.77	-0.00	0.0669	11.64	512.0	404.36	0.0749	615.5	11.080	21.39	13.74	1.82
	108.70	35.18	73.77	-0.00	0.0669	11.64	512.2	404.51	0.0747	612.6	11.027	21.29	13.67	1.82
	109.69	35.20	73.77	0.00	0.0670	11.65	512.5	404.80	0.0747	611.7	11.011	21.26	13.65	1.82
	110.70	35.23	73.77	0.00	0.0669	11.65	512.5	404.78	0.0748	613.6	11.044	21.33	13.70	1.82
	111.68	35.28	73.77	0.00	0.0670	11.64	512.1	404.56	0.0750	614.0	11.051	21.34	13.71	1.82
	112.69	35.30	73.82	0.00	0.0669	11.63	511.8	404.09	0.0748	614.7	11.065	21.35	13.73	1.83
	113.69	35.34	73.77	-0.00	0.0669	11.62	511.4	404.08	0.0749	614.7	11.065	21.37	13.73	1.82
	114.69	35.31	73.75	0.00	0.0669	11.62	511.2	404.03	0.0753	619.7	11.155	21.55	13.86	1.82
	115.69	35.35	73.75	-0.00	0.0668	11.61	510.8	403.73	0.0752	615.9	11.086	21.42	13.76	1.82
	116.69	35.30	73.77	0.00	0.0669	11.64	512.1	404.63	0.0760	628.2	11.308	21.84	14.07	1.82
	117.70	35.34	73.74	-0.00	0.0669	11.63	511.9	404.63	0.0759	626.3	11.274	21.78	14.02	1.82
	118.69	35.34	73.77	-0.00	0.0669	11.63	511.8	404.40	0.0759	626.9	11.284	21.79	14.03	1.83
	119.68	35.36	73.74	0.00	0.0669	11.63	511.6	404.40	0.0759	626.6	11.280	21.80	14.03	1.82
	120.68	35.33	73.74	-0.00	0.0669	11.63	511.9	404.60	0.0760	627.6	11.298	21.83	14.05	1.82
	121.70	35.30	73.80	-0.00	0.0669	11.63	511.8	404.24	0.0760	627.7	11.298	21.81	14.05	1.82
	122.69	35.34	73.77	0.00	0.0669	11.64	512.1	404.61	0.0762	631.5	11.367	21.96	14.15	1.82
	123.69	35.34	73.77	-0.00	0.0669	11.64	511.9	404.53	0.0767	634.5	11.421	22.06	14.22	1.83
	124.75	35.36	73.74	0.00	0.0669	11.63	511.8	404.55	0.0766	636.4	11.455	22.13	14.27	1.83
