Jul 25 2015 at 9:26:39
Frequency: 1.00Hz.
CO2
Zero:  Value:0.95  Date:18 Mar 2005	 at 07:22:33	
Span:  Value:1.00  Date:18 Mar 2005	 at 07:25:09	
H2O
Zero:  Value:0.71  Date:18 Mar 2005	 at 07:52:31	
Span:  Value:0.99  Date:18 Mar 2005	 at 11:44:01	
	Relative Time	Temperature	Pressure	Aux Input	CO2 Absorptance	CO2 mmol/m3	CO2 mg/m3	CO2 umol/mol	H2O Absorptance	H2O mmol/m3	H2O g/m3	H2O mmol/mol	H2O(°C)	Cooler Voltage
	0.84	15.37	67.78	0.00	0.0623	10.83	476.7	383.38	0.0560	414.6	7.464	14.67	6.84	1.50
	1.86	15.39	67.83	-0.00	0.0624	10.87	478.3	384.47	0.0562	420.0	7.559	14.85	7.02	1.50
	2.84	15.42	67.79	0.00	0.0622	10.85	477.6	384.16	0.0564	424.6	7.643	15.03	7.19	1.50
	3.85	15.44	67.81	-0.00	0.0622	10.86	477.8	384.24	0.0571	431.3	7.764	15.26	7.42	1.50
	4.85	15.45	67.79	-0.00	0.0620	10.83	476.6	383.42	0.0567	426.3	7.673	15.09	7.25	1.50
	5.85	15.44	67.81	-0.00	0.0620	10.80	475.4	382.30	0.0568	429.2	7.726	15.19	7.35	1.50
	6.83	15.45	67.81	0.00	0.0620	10.81	475.4	382.36	0.0571	428.9	7.720	15.18	7.34	1.50
	7.86	15.43	67.81	-0.00	0.0618	10.76	473.6	380.90	0.0575	435.6	7.842	15.42	7.56	1.50
	8.85	15.43	67.81	0.00	0.0618	10.78	474.3	381.43	0.0573	432.9	7.793	15.32	7.47	1.50
	9.86	15.40	67.81	0.00	0.0618	10.75	472.9	380.29	0.0574	436.4	7.855	15.44	7.59	1.50
	10.84	15.42	67.81	0.00	0.0617	10.76	473.4	380.66	0.0574	434.7	7.825	15.38	7.53	1.50
	11.84	15.40	67.81	0.00	0.0618	10.77	473.8	380.94	0.0572	432.1	7.778	15.29	7.44	1.50
	12.84	15.39	67.79	-0.00	0.0617	10.73	472.3	379.88	0.0571	430.9	7.756	15.25	7.40	1.50
	13.84	15.39	67.81	0.00	0.0617	10.73	472.0	379.53	0.0569	429.4	7.729	15.19	7.35	1.50
	14.84	15.37	67.83	0.00	0.0617	10.75	472.9	380.07	0.0569	430.8	7.754	15.23	7.39	1.50
	15.83	15.34	67.81	0.00	0.0616	10.71	471.1	378.74	0.0569	429.4	7.729	15.19	7.35	1.50
	16.85	15.34	67.81	-0.00	0.0617	10.73	472.3	379.69	0.0570	430.4	7.746	15.22	7.38	1.50
	17.85	15.35	67.83	-0.00	0.0616	10.72	471.5	378.96	0.0571	430.6	7.750	15.23	7.39	1.50
	18.86	15.35	67.78	-0.00	0.0617	10.72	471.8	379.43	0.0571	431.3	7.764	15.26	7.41	1.50
	19.84	15.35	67.81	0.00	0.0616	10.72	471.8	379.35	0.0572	431.4	7.765	15.26	7.42	1.50
	20.84	15.34	67.81	0.00	0.0616	10.72	471.7	379.16	0.0572	432.9	7.792	15.31	7.46	1.50
	21.84	15.34	67.81	0.00	0.0617	10.73	472.0	379.43	0.0573	433.6	7.806	15.34	7.49	1.50
	22.92	15.34	67.81	-0.00	0.0617	10.73	471.9	379.40	0.0574	433.4	7.802	15.33	7.48	1.50
	23.85	15.35	67.81	-0.00	0.0617	10.73	472.0	379.48	0.0573	432.1	7.778	15.29	7.44	1.50
	24.85	15.34	67.81	-0.00	0.0617	10.75	473.0	380.22	0.0573	432.7	7.788	15.30	7.46	1.50
	25.83	15.34	67.81	0.00	0.0618	10.75	473.1	380.33	0.0573	432.9	7.791	15.31	7.46	1.50
	26.85	15.34	67.81	-0.00	0.0615	10.69	470.4	378.16	0.0573	432.3	7.781	15.29	7.44	1.50
	27.83	15.32	67.81	0.00	0.0616	10.72	471.8	379.23	0.0575	434.1	7.814	15.36	7.51	1.50
	28.94	15.34	67.81	-0.00	0.0616	10.71	471.4	379.01	0.0575	434.7	7.825	15.38	7.53	1.50
	29.86	15.32	67.81	-0.00	0.0616	10.71	471.4	378.92	0.0574	434.3	7.818	15.36	7.51	1.50
	30.84	15.35	67.81	0.00	0.0615	10.72	471.7	379.22	0.0575	435.5	7.839	15.40	7.55	1.50
	31.86	15.34	67.81	0.00	0.0614	10.71	471.5	378.98	0.0577	437.8	7.880	15.48	7.63	1.50
	32.84	15.34	67.78	0.00	0.0615	10.69	470.3	378.25	0.0578	438.5	7.893	15.52	7.65	1.51
	33.85	15.34	67.81	0.00	0.0616	10.71	471.2	378.83	0.0577	437.9	7.883	15.49	7.63	1.51
	34.84	15.34	67.81	-0.00	0.0615	10.70	470.9	378.51	0.0577	438.2	7.887	15.50	7.64	1.50
	35.83	15.35	67.81	0.00	0.0617	10.71	471.4	378.97	0.0577	436.7	7.861	15.45	7.59	1.50
	36.86	15.35	67.81	-0.00	0.0616	10.73	472.3	379.73	0.0577	437.8	7.880	15.49	7.63	1.50
	37.92	15.35	67.86	-0.00	0.0616	10.71	471.3	378.62	0.0577	437.0	7.866	15.45	7.60	1.51
	38.84	15.32	67.78	0.00	0.0616	10.72	471.6	379.27	0.0577	437.4	7.874	15.48	7.62	1.51
	39.86	15.35	67.79	-0.00	0.0617	10.73	472.1	379.65	0.0577	437.8	7.880	15.49	7.63	1.51
	40.86	15.35	67.83	0.00	0.0616	10.71	471.1	378.65	0.0578	437.7	7.879	15.48	7.63	1.50
	41.84	15.35	67.81	0.00	0.0616	10.72	471.7	379.21	0.0577	437.8	7.881	15.49	7.63	1.51
	42.85	15.35	67.78	-0.00	0.0617	10.73	472.3	379.82	0.0578	438.6	7.894	15.52	7.66	1.51
	43.84	15.37	67.81	0.00	0.0618	10.75	473.2	380.42	0.0578	438.6	7.894	15.51	7.66	1.51
	44.84	15.37	67.81	0.00	0.0617	10.73	472.1	379.53	0.0578	437.9	7.881	15.49	7.63	1.51
	45.83	15.37	67.81	0.00	0.0616	10.69	470.2	378.08	0.0578	437.4	7.874	15.47	7.62	1.51
	46.85	15.37	67.81	-0.00	0.0615	10.69	470.5	378.23	0.0580	440.8	7.934	15.59	7.73	1.51
	47.84	15.39	67.81	0.00	0.0614	10.67	469.6	377.55	0.0578	438.3	7.889	15.51	7.65	1.51
	48.84	15.39	67.81	-0.00	0.0614	10.67	469.5	377.54	0.0578	439.0	7.901	15.53	7.67	1.51
	49.84	15.37	67.81	-0.00	0.0615	10.73	472.0	379.46	0.0578	439.4	7.909	15.54	7.68	1.51
	50.84	15.39	67.81	0.00	0.0614	10.67	469.3	377.32	0.0577	437.6	7.877	15.48	7.63	1.51
	51.85	15.39	67.81	-0.00	0.0615	10.69	470.4	378.26	0.0579	439.7	7.915	15.56	7.70	1.51
	52.91	15.37	67.76	-0.00	0.0613	10.69	470.2	378.33	0.0579	439.8	7.916	15.57	7.70	1.51
	53.85	15.39	67.79	0.00	0.0614	10.67	469.5	377.64	0.0581	441.9	7.955	15.64	7.77	1.51
	54.85	15.40	67.81	-0.00	0.0612	10.64	468.2	376.52	0.0581	443.6	7.984	15.69	7.83	1.51
	55.86	15.39	67.81	-0.00	0.0612	10.61	466.9	375.37	0.0585	446.1	8.030	15.78	7.91	1.51
	56.85	15.39	67.81	-0.00	0.0615	10.69	470.6	378.34	0.0585	446.1	8.030	15.78	7.91	1.51
	57.86	15.39	67.81	-0.00	0.0615	10.71	471.1	378.80	0.0583	445.2	8.013	15.75	7.88	1.51
	58.84	15.40	67.81	-0.00	0.0616	10.71	471.4	379.06	0.0585	446.0	8.027	15.78	7.90	1.51
	59.83	15.40	67.81	0.00	0.0615	10.69	470.5	378.36	0.0586	446.8	8.042	15.81	7.93	1.51
	60.84	15.40	67.78	0.00	0.0612	10.64	467.9	376.42	0.0586	448.2	8.067	15.86	7.98	1.51
	61.84	15.42	67.81	0.00	0.0614	10.68	470.0	377.91	0.0586	447.2	8.049	15.82	7.94	1.51
	62.84	15.42	67.81	-0.00	0.0614	10.67	469.5	377.52	0.0586	447.4	8.053	15.83	7.95	1.51
	63.85	15.40	67.81	-0.00	0.0614	10.67	469.6	377.63	0.0587	447.8	8.061	15.84	7.97	1.51
	64.85	15.42	67.81	0.00	0.0613	10.65	468.8	376.97	0.0586	447.0	8.047	15.82	7.94	1.51
	65.85	15.42	67.81	-0.00	0.0612	10.64	468.3	376.62	0.0586	447.5	8.055	15.83	7.96	1.51
	66.85	15.40	67.81	-0.00	0.0612	10.65	468.4	376.65	0.0585	447.6	8.057	15.84	7.96	1.51
	67.86	15.40	67.78	-0.00	0.0612	10.64	468.1	376.56	0.0586	447.9	8.062	15.85	7.97	1.51
	68.86	15.42	67.78	-0.00	0.0611	10.62	467.2	375.88	0.0584	446.1	8.031	15.79	7.91	1.51
	69.84	15.40	67.81	-0.00	0.0612	10.63	467.9	376.23	0.0586	446.8	8.042	15.81	7.93	1.51
	70.84	15.40	67.80	0.00	0.0610	10.59	466.0	374.74	0.0585	446.3	8.033	15.79	7.92	1.51
	71.85	15.43	67.81	-0.00	0.0611	10.61	466.6	375.26	0.0593	454.1	8.174	16.07	8.17	1.51
	72.90	15.40	67.78	0.00	0.0611	10.61	467.0	375.69	0.0590	451.8	8.132	15.99	8.09	1.51
	73.85	15.43	67.81	-0.00	0.0612	10.61	467.0	375.54	0.0588	449.6	8.094	15.91	8.03	1.51
	74.85	15.44	67.81	0.00	0.0610	10.60	466.3	374.99	0.0588	450.4	8.108	15.94	8.05	1.51
	75.85	15.44	67.81	-0.00	0.0611	10.60	466.5	375.18	0.0588	449.6	8.093	15.91	8.03	1.51
	76.85	15.44	67.81	-0.00	0.0612	10.62	467.3	375.81	0.0589	449.8	8.096	15.91	8.03	1.51
	77.92	15.45	67.76	0.00	0.0612	10.62	467.4	376.19	0.0588	448.8	8.079	15.89	8.00	1.51
	78.84	15.44	67.81	0.00	0.0610	10.58	465.7	374.53	0.0585	446.9	8.045	15.81	7.94	1.51
	79.86	15.45	67.81	-0.00	0.0612	10.62	467.2	375.71	0.0587	448.7	8.076	15.88	8.00	1.51
	80.84	15.45	67.81	0.00	0.0612	10.63	467.5	375.99	0.0588	449.9	8.098	15.92	8.04	1.51
	81.84	15.45	67.81	0.00	0.0613	10.64	468.1	376.43	0.0588	448.8	8.079	15.88	8.00	1.51
	82.85	15.45	67.78	-0.00	0.0611	10.61	466.7	375.45	0.0586	447.4	8.054	15.84	7.96	1.51
	83.83	15.45	67.81	0.00	0.0611	10.62	467.2	375.72	0.0587	448.7	8.076	15.88	8.00	1.51
	84.85	15.44	67.81	-0.00	0.0612	10.61	466.7	375.33	0.0587	448.9	8.080	15.88	8.00	1.51
	85.83	15.47	67.81	-0.00	0.0611	10.62	467.1	375.68	0.0588	449.7	8.095	15.92	8.03	1.51
	86.83	15.47	67.81	0.00	0.0611	10.60	466.4	375.14	0.0588	449.7	8.094	15.91	8.03	1.51
	87.83	15.45	67.81	0.00	0.0612	10.61	466.9	375.53	0.0590	450.8	8.115	15.95	8.07	1.51
	88.84	15.48	67.78	-0.00	0.0612	10.62	467.3	375.96	0.0590	450.8	8.115	15.96	8.07	1.51
	89.84	15.48	67.83	0.00	0.0612	10.61	466.7	375.21	0.0590	451.1	8.119	15.96	8.08	1.51
	90.86	15.50	67.83	0.00	0.0611	10.59	466.2	374.85	0.0590	451.1	8.120	15.96	8.08	1.51
	91.84	15.48	67.81	0.00	0.0611	10.60	466.4	375.17	0.0590	451.2	8.121	15.97	8.08	1.51
	92.87	15.47	67.83	-0.00	0.0611	10.59	466.1	374.76	0.0591	452.6	8.147	16.01	8.12	1.51
	93.83	15.48	67.81	0.00	0.0609	10.55	464.1	373.33	0.0589	450.6	8.110	15.95	8.06	1.51
	94.86	15.48	67.80	-0.00	0.0610	10.57	464.9	373.93	0.0591	451.0	8.117	15.96	8.07	1.51
	95.91	15.48	67.81	0.00	0.0610	10.59	466.0	374.82	0.0592	452.9	8.152	16.03	8.14	1.51
	96.83	15.50	67.78	-0.00	0.0611	10.60	466.4	375.28	0.0592	453.6	8.165	16.06	8.16	1.51
	97.84	15.48	67.78	0.00	0.0610	10.57	465.3	374.37	0.0592	453.5	8.163	16.06	8.16	1.51
	98.83	15.50	67.81	0.00	0.0610	10.59	465.9	374.71	0.0593	455.2	8.193	16.11	8.21	1.51
	99.84	15.50	67.81	0.00	0.0611	10.58	465.6	374.51	0.0594	454.9	8.189	16.10	8.20	1.51
	100.85	15.47	67.79	-0.00	0.0611	10.58	465.7	374.66	0.0594	454.5	8.182	16.09	8.19	1.51
	101.84	15.50	67.81	0.00	0.0610	10.58	465.3	374.28	0.0593	454.5	8.180	16.08	8.19	1.51
	102.85	15.52	67.81	-0.00	0.0611	10.61	466.9	375.57	0.0593	455.2	8.193	16.11	8.21	1.51
	103.85	15.53	67.81	-0.00	0.0610	10.57	465.2	374.21	0.0593	454.4	8.180	16.08	8.19	1.51
	104.85	15.52	67.81	-0.00	0.0608	10.56	464.5	373.62	0.0592	455.1	8.192	16.11	8.21	1.51
	105.85	15.53	67.81	-0.00	0.0610	10.57	465.2	374.21	0.0594	455.6	8.201	16.13	8.23	1.51
	106.92	15.50	67.80	-0.00	0.0611	10.60	466.3	375.14	0.0595	456.4	8.215	16.15	8.25	1.51
	107.83	15.52	67.81	0.00	0.0610	10.60	466.2	375.05	0.0593	454.6	8.183	16.09	8.19	1.51
	108.84	15.53	67.83	-0.00	0.0610	10.58	465.5	374.35	0.0593	454.8	8.186	16.09	8.20	1.51
	109.84	15.52	67.81	0.00	0.0611	10.60	466.5	375.24	0.0594	455.9	8.207	16.14	8.24	1.51
	110.84	15.53	67.81	0.00	0.0611	10.62	467.2	375.81	0.0593	455.5	8.199	16.12	8.22	1.51
	111.85	15.53	67.81	-0.00	0.0610	10.57	465.1	374.20	0.0593	454.6	8.183	16.09	8.19	1.51
	112.83	15.56	67.78	0.00	0.0611	10.60	466.3	375.30	0.0593	454.8	8.187	16.11	8.20	1.52
	113.86	15.60	67.81	-0.00	0.0611	10.60	466.4	375.29	0.0593	455.5	8.199	16.13	8.23	1.52
	114.85	15.58	67.78	-0.00	0.0610	10.60	466.2	375.23	0.0592	455.4	8.197	16.13	8.22	1.52
	115.85	15.60	67.78	0.00	0.0611	10.59	466.0	375.07	0.0593	454.9	8.187	16.11	8.20	1.51
	116.83	15.60	67.83	0.00	0.0609	10.57	465.2	374.18	0.0591	453.6	8.164	16.05	8.16	1.52
	117.86	15.61	67.81	-0.00	0.0609	10.56	464.6	373.86	0.0591	452.7	8.148	16.03	8.13	1.52
	118.90	15.63	67.81	0.00	0.0610	10.58	465.6	374.67	0.0592	453.6	8.165	16.06	8.17	1.52
	119.84	15.60	67.79	0.00	0.0610	10.58	465.6	374.74	0.0591	453.3	8.160	16.06	8.16	1.52
