Jul 25 2015 at 11:00:24
Frequency: 1.00Hz.
CO2
Zero:  Value:0.95  Date:18 Mar 2005	 at 07:22:33	
Span:  Value:1.00  Date:18 Mar 2005	 at 07:25:09	
H2O
Zero:  Value:0.71  Date:18 Mar 2005	 at 07:52:31	
Span:  Value:0.99  Date:18 Mar 2005	 at 11:44:01	
	Relative Time	Temperature	Pressure	Aux Input	CO2 Absorptance	CO2 mmol/m3	CO2 mg/m3	CO2 umol/mol	H2O Absorptance	H2O mmol/m3	H2O g/m3	H2O mmol/mol	H2O(°C)	Cooler Voltage
	0.06	23.10	67.81	0.00	0.0634	11.16	491.2	405.51	0.0499	351.4	6.325	12.77	4.83	1.63
	1.01	23.12	67.81	0.00	0.0626	10.96	482.1	398.07	0.0559	414.9	7.468	15.07	7.23	1.63
	2.00	23.12	67.81	-0.00	0.0622	10.86	477.8	394.51	0.0568	437.6	7.878	15.90	8.02	1.63
	3.00	23.14	67.81	0.00	0.0621	10.83	476.5	393.46	0.0570	381.4	6.866	13.86	6.01	1.63
	4.06	23.12	67.81	0.00	0.0623	10.82	476.1	393.10	0.0544	426.2	7.672	15.48	7.63	1.63
	5.01	23.10	67.83	-0.00	0.0621	10.79	474.9	391.92	0.0576	421.0	7.577	15.29	7.44	1.63
	5.99	23.10	67.85	0.00	0.0623	10.91	480.2	396.14	0.0535	359.8	6.476	13.06	5.17	1.63
	7.00	23.08	67.81	-0.00	0.0622	10.84	477.0	393.76	0.0561	431.1	7.760	15.66	7.79	1.63
	8.00	23.07	67.81	0.00	0.0619	10.78	474.2	391.45	0.0544	399.6	7.193	14.51	6.68	1.63
	8.98	23.03	67.81	0.00	0.0619	10.78	474.5	391.64	0.0555	431.9	7.775	15.69	7.82	1.63
	10.00	23.05	67.81	-0.00	0.0618	10.78	474.1	391.34	0.0565	401.5	7.227	14.58	6.75	1.63
	10.98	23.07	67.81	-0.00	0.0618	10.77	473.7	391.06	0.0576	433.2	7.798	15.74	7.86	1.63
	11.98	23.03	67.81	0.00	0.0619	10.78	474.4	391.55	0.0524	389.3	7.007	14.14	6.30	1.63
	12.98	23.05	67.81	-0.00	0.0619	10.80	475.0	392.05	0.0555	391.2	7.042	14.21	6.37	1.63
	14.01	23.05	67.81	-0.00	0.0619	10.79	474.7	391.84	0.0538	406.4	7.314	14.76	6.93	1.63
	14.99	23.05	67.81	0.00	0.0618	10.77	474.0	391.26	0.0561	410.8	7.395	14.92	7.09	1.63
	15.99	23.07	67.81	0.00	0.0620	10.80	475.3	392.33	0.0557	422.8	7.610	15.36	7.51	1.63
	17.00	23.05	67.81	-0.00	0.0620	10.81	475.6	392.59	0.0562	423.9	7.630	15.40	7.54	1.63
	18.00	23.05	67.83	-0.00	0.0615	10.72	471.5	389.04	0.0573	424.7	7.645	15.42	7.57	1.63
	18.98	23.05	67.81	0.00	0.0613	10.69	470.4	388.28	0.0572	444.9	8.009	16.16	8.25	1.63
	19.98	23.05	67.81	0.00	0.0615	10.69	470.3	388.21	0.0574	429.1	7.724	15.58	7.72	1.63
	21.00	23.07	67.83	-0.00	0.0613	10.64	468.3	386.39	0.0589	450.1	8.102	16.34	8.43	1.63
	21.98	23.07	67.83	0.00	0.0609	10.58	465.3	383.95	0.0617	464.1	8.353	16.85	8.88	1.63
	22.99	23.05	67.81	-0.00	0.0607	10.57	465.0	383.81	0.0623	483.9	8.711	17.58	9.50	1.63
	23.99	23.08	67.81	0.00	0.0609	10.57	464.9	383.77	0.0619	482.0	8.675	17.51	9.44	1.63
	24.99	23.08	67.81	0.00	0.0607	10.50	461.9	381.26	0.0636	493.7	8.886	17.93	9.80	1.63
	25.99	23.08	67.78	0.00	0.0608	10.54	463.9	383.08	0.0627	476.3	8.573	17.31	9.26	1.63
	26.97	23.10	67.81	0.00	0.0608	10.54	463.8	382.89	0.0621	486.9	8.763	17.68	9.59	1.63
	27.99	23.10	67.83	0.00	0.0610	10.54	463.9	382.86	0.0604	453.9	8.171	16.48	8.55	1.63
	28.98	23.10	67.81	-0.00	0.0607	10.52	462.9	382.10	0.0627	505.0	9.090	18.34	10.14	1.63
	29.98	23.10	67.81	0.00	0.0606	10.55	464.1	383.09	0.0630	486.1	8.749	17.66	9.57	1.63
	31.07	23.12	67.81	-0.00	0.0605	10.44	459.3	379.17	0.0656	521.4	9.385	18.94	10.62	1.63
	32.00	23.14	67.81	-0.00	0.0600	10.36	455.9	376.40	0.0664	535.8	9.645	19.47	11.03	1.63
	32.99	23.13	67.81	0.00	0.0602	10.41	458.2	378.32	0.0657	521.1	9.380	18.93	10.61	1.63
	33.98	23.15	67.83	0.00	0.0598	10.30	453.1	374.02	0.0699	569.7	10.254	20.69	11.95	1.63
	34.99	23.15	67.81	0.00	0.0598	10.28	452.3	373.50	0.0675	557.5	10.036	20.26	11.63	1.63
	36.05	23.17	67.78	0.00	0.0600	10.33	454.5	375.41	0.0662	533.1	9.595	19.38	10.95	1.63
	36.97	23.17	67.81	0.00	0.0601	10.36	456.0	376.51	0.0688	551.5	9.927	20.04	11.46	1.63
	37.99	23.19	67.81	-0.00	0.0599	10.32	454.2	375.08	0.0674	557.4	10.033	20.25	11.63	1.63
	38.98	23.19	67.81	0.00	0.0598	10.35	455.4	376.10	0.0669	532.7	9.589	19.36	10.94	1.63
	40.00	23.17	67.81	0.00	0.0597	10.33	454.4	375.26	0.0695	573.3	10.320	20.83	12.05	1.63
	40.98	23.17	67.83	0.00	0.0596	10.28	452.4	373.45	0.0692	566.3	10.194	20.57	11.87	1.63
	42.01	23.17	67.81	-0.00	0.0594	10.25	450.9	372.31	0.0715	580.5	10.449	21.09	12.24	1.63
	42.98	23.17	67.81	0.00	0.0596	10.25	451.1	372.51	0.0716	598.5	10.773	21.75	12.71	1.63
	43.99	23.17	67.81	-0.00	0.0597	10.29	452.9	373.98	0.0694	556.6	10.019	20.22	11.60	1.63
	44.99	23.15	67.81	-0.00	0.0600	10.32	454.1	375.00	0.0679	562.2	10.119	20.42	11.75	1.63
	45.99	23.14	67.83	0.00	0.0596	10.29	452.8	373.72	0.0705	587.0	10.567	21.32	12.41	1.63
	47.00	23.15	67.81	-0.00	0.0597	10.30	453.4	374.37	0.0700	576.3	10.373	20.94	12.13	1.63
	48.00	23.14	67.81	0.00	0.0600	10.33	454.3	375.11	0.0672	561.1	10.099	20.38	11.72	1.63
	49.02	23.17	67.81	-0.00	0.0605	10.45	460.0	379.85	0.0651	521.4	9.385	18.94	10.62	1.63
	49.98	23.15	67.81	0.00	0.0598	10.34	455.1	375.78	0.0686	548.3	9.870	19.92	11.38	1.63
	50.98	23.15	67.81	0.00	0.0596	10.27	451.7	373.01	0.0711	591.4	10.644	21.48	12.52	1.63
	52.06	23.19	67.81	0.00	0.0594	10.21	449.4	371.12	0.0697	585.9	10.546	21.29	12.38	1.63
	52.99	23.19	67.81	-0.00	0.0593	10.20	448.8	370.58	0.0713	589.4	10.609	21.41	12.47	1.63
	53.99	23.21	67.81	0.00	0.0592	10.21	449.1	370.87	0.0717	602.7	10.849	21.90	12.81	1.63
	54.97	23.19	67.81	0.00	0.0590	10.14	446.2	368.47	0.0716	598.0	10.764	21.73	12.69	1.63
	56.00	23.15	67.83	-0.00	0.0593	10.20	448.6	370.27	0.0711	588.0	10.584	21.35	12.43	1.63
	56.99	23.14	67.81	-0.00	0.0591	10.13	445.7	367.98	0.0711	599.1	10.785	21.77	12.72	1.63
	58.00	23.14	67.83	-0.00	0.0592	10.16	446.9	368.89	0.0717	608.4	10.952	22.10	12.96	1.63
	58.98	23.08	67.81	-0.00	0.0593	10.20	448.7	370.41	0.0717	603.8	10.868	21.93	12.83	1.63
	59.98	23.10	67.81	0.00	0.0592	10.20	448.7	370.41	0.0717	604.2	10.876	21.95	12.85	1.63
	60.98	23.08	67.81	-0.00	0.0590	10.14	446.2	368.37	0.0734	619.7	11.154	22.51	13.23	1.63
	61.99	23.06	67.81	-0.00	0.0591	10.16	447.1	369.07	0.0709	588.7	10.596	21.38	12.45	1.63
	62.99	23.05	67.81	-0.00	0.0591	10.13	445.6	367.84	0.0728	591.3	10.644	21.48	12.52	1.63
	64.01	23.03	67.81	-0.00	0.0589	10.12	445.2	367.47	0.0735	623.9	11.230	22.66	13.33	1.63
	64.99	23.03	67.81	0.00	0.0589	10.11	444.7	367.08	0.0717	599.1	10.784	21.76	12.71	1.63
	66.00	23.06	67.83	-0.00	0.0588	10.09	443.9	366.28	0.0741	627.4	11.293	22.78	13.42	1.63
	66.99	23.03	67.83	0.00	0.0586	10.05	442.1	364.75	0.0737	610.4	10.987	22.16	13.00	1.63
	68.06	23.02	67.81	0.00	0.0590	10.13	445.6	367.79	0.0719	603.9	10.870	21.93	12.84	1.63
	69.00	23.03	67.81	-0.00	0.0583	9.98	439.0	362.34	0.0746	625.9	11.267	22.73	13.38	1.63
	69.98	22.98	67.81	0.00	0.0581	9.92	436.5	360.17	0.0757	648.9	11.681	23.56	13.94	1.63
	70.98	23.03	67.81	0.00	0.0588	10.05	442.1	364.92	0.0719	615.0	11.070	22.33	13.11	1.63
	71.98	23.04	67.81	0.00	0.0584	9.98	439.3	362.61	0.0742	630.0	11.340	22.88	13.48	1.63
	72.99	23.02	67.81	-0.00	0.0584	9.99	439.5	362.73	0.0751	638.3	11.489	23.18	13.68	1.63
	74.07	23.02	67.81	-0.00	0.0582	9.96	438.2	361.68	0.0749	638.9	11.500	23.20	13.70	1.63
	74.99	23.05	67.81	0.00	0.0583	10.01	440.4	363.54	0.0760	653.2	11.758	23.72	14.04	1.63
	75.99	23.07	67.81	-0.00	0.0578	9.88	434.5	358.69	0.0759	653.5	11.763	23.73	14.05	1.63
	77.00	23.08	67.81	0.00	0.0580	9.94	437.3	361.04	0.0748	634.4	11.420	23.04	13.59	1.63
	78.00	23.07	67.81	-0.00	0.0578	9.89	435.1	359.14	0.0764	661.3	11.904	24.02	14.23	1.63
	79.06	23.08	67.81	0.00	0.0577	9.85	433.3	357.73	0.0755	647.5	11.655	23.52	13.91	1.63
	79.98	23.08	67.81	0.00	0.0576	9.81	431.6	356.26	0.0761	660.3	11.885	23.98	14.21	1.63
	81.00	23.10	67.83	-0.00	0.0577	9.84	432.8	357.18	0.0778	677.5	12.196	24.60	14.61	1.63
	81.99	23.10	67.83	-0.00	0.0579	9.93	436.9	360.58	0.0755	648.9	11.679	23.56	13.94	1.63
	82.99	23.12	67.81	0.00	0.0579	9.89	435.4	359.44	0.0753	642.2	11.559	23.33	13.78	1.63
	83.99	23.14	67.81	-0.00	0.0580	9.90	435.8	359.84	0.0759	646.3	11.633	23.48	13.88	1.63
	84.97	23.16	67.81	0.00	0.0581	9.95	437.7	361.38	0.0763	658.8	11.859	23.94	14.18	1.63
	85.99	23.15	67.81	0.00	0.0577	9.86	434.0	358.35	0.0769	663.9	11.951	24.12	14.30	1.63
	86.99	23.14	67.81	-0.00	0.0576	9.84	432.8	357.35	0.0769	668.9	12.040	24.30	14.41	1.63
	87.98	23.15	67.83	0.00	0.0576	9.83	432.7	357.10	0.0777	679.2	12.225	24.66	14.65	1.63
	88.97	23.17	67.81	0.00	0.0575	9.83	432.5	357.15	0.0784	682.4	12.284	24.79	14.72	1.63
	90.00	23.17	67.81	0.00	0.0575	9.80	431.4	356.20	0.0773	665.1	11.972	24.17	14.33	1.63
	91.00	23.18	67.81	0.00	0.0574	9.82	431.9	356.67	0.0785	684.8	12.326	24.88	14.78	1.63
	92.07	23.19	67.81	0.00	0.0575	9.80	431.0	355.94	0.0774	675.1	12.152	24.53	14.56	1.63
	92.99	23.19	67.81	-0.00	0.0576	9.81	431.5	356.32	0.0772	668.8	12.038	24.30	14.41	1.63
	93.99	23.19	67.81	0.00	0.0577	9.79	430.8	355.69	0.0779	691.2	12.442	25.11	14.92	1.63
	94.99	23.19	67.78	0.00	0.0571	9.76	429.4	354.70	0.0806	708.2	12.748	25.74	15.30	1.63
	95.99	23.19	67.81	-0.00	0.0573	9.77	429.8	354.96	0.0800	706.5	12.717	25.67	15.26	1.63
	96.98	23.17	67.81	0.00	0.0571	9.74	428.5	353.85	0.0799	706.9	12.724	25.68	15.27	1.63
	97.98	23.20	67.81	-0.00	0.0570	9.69	426.3	352.09	0.0810	716.8	12.902	26.05	15.49	1.63
	99.00	23.21	67.81	-0.00	0.0569	9.68	425.7	351.61	0.0807	718.9	12.940	26.12	15.54	1.63
	99.98	23.22	67.79	0.00	0.0572	9.75	429.0	354.41	0.0802	708.0	12.744	25.74	15.30	1.63
	101.00	23.22	67.81	-0.00	0.0570	9.69	426.2	351.99	0.0819	731.5	13.167	26.58	15.81	1.63
	101.98	23.21	67.78	0.00	0.0570	9.70	426.9	352.67	0.0804	712.1	12.818	25.89	15.39	1.63
	102.99	23.22	67.81	0.00	0.0571	9.71	427.2	352.81	0.0808	712.5	12.826	25.89	15.40	1.63
	103.99	23.22	67.81	-0.00	0.0572	9.72	427.5	353.11	0.0796	709.6	12.772	25.79	15.33	1.63
	104.97	23.22	67.81	0.00	0.0570	9.71	427.1	352.78	0.0810	715.5	12.879	26.00	15.46	1.63
	106.06	23.22	67.78	-0.00	0.0568	9.66	425.2	351.35	0.0818	733.5	13.204	26.67	15.85	1.63
	106.98	23.22	67.83	0.00	0.0571	9.75	428.9	354.09	0.0813	716.8	12.902	26.04	15.49	1.63
	107.98	23.24	67.79	-0.00	0.0570	9.69	426.5	352.38	0.0808	717.3	12.911	26.07	15.50	1.63
	108.98	23.24	67.81	0.00	0.0565	9.61	422.9	349.28	0.0826	742.6	13.366	26.99	16.04	1.63
	109.98	23.22	67.81	0.00	0.0564	9.58	421.4	348.06	0.0830	735.2	13.234	26.72	15.89	1.63
	110.98	23.24	67.83	-0.00	0.0563	9.55	420.1	346.82	0.0824	747.1	13.447	27.14	16.14	1.63
	111.98	23.24	67.81	0.00	0.0569	9.62	423.3	349.60	0.0817	736.4	13.256	26.76	15.91	1.63
	112.98	23.22	67.81	0.00	0.0564	9.61	422.7	349.13	0.0829	743.6	13.385	27.02	16.07	1.63
	113.99	23.22	67.81	0.00	0.0562	9.54	419.6	346.57	0.0833	753.2	13.557	27.37	16.26	1.63
	115.07	23.22	67.81	-0.00	0.0565	9.60	422.3	348.76	0.0830	748.0	13.464	27.18	16.16	1.63
	116.00	23.22	67.81	-0.00	0.0566	9.61	422.8	349.17	0.0832	750.2	13.504	27.26	16.20	1.63
	116.98	23.24	67.83	0.00	0.0565	9.61	423.0	349.20	0.0836	751.3	13.524	27.29	16.23	1.63
	118.00	23.24	67.81	0.00	0.0562	9.55	420.4	347.18	0.0844	760.3	13.685	27.63	16.41	1.63
	119.00	23.22	67.78	-0.00	0.0563	9.55	420.0	347.01	0.0844	765.6	13.781	27.83	16.52	1.63
	120.00	23.24	67.83	-0.00	0.0563	9.54	419.6	346.41	0.0848	771.8	13.893	28.04	16.65	1.63
	120.98	23.28	67.83	0.00	0.0560	9.50	417.8	345.01	0.0844	774.9	13.948	28.15	16.72	1.63
	122.01	23.29	67.81	-0.00	0.0558	9.47	416.5	344.06	0.0852	781.3	14.063	28.40	16.85	1.63
