Jul 25 2015 at 16:11:57
Frequency: 1.00Hz.
CO2
Zero:  Value:0.95  Date:18 Mar 2005	 at 07:22:33	
Span:  Value:1.00  Date:18 Mar 2005	 at 07:25:09	
H2O
Zero:  Value:0.71  Date:18 Mar 2005	 at 07:52:31	
Span:  Value:0.99  Date:18 Mar 2005	 at 11:44:01	
	Relative Time	Temperature	Pressure	Aux Input	CO2 Absorptance	CO2 mmol/m3	CO2 mg/m3	CO2 umol/mol	H2O Absorptance	H2O mmol/m3	H2O g/m3	H2O mmol/mol	H2O(°C)	Cooler Voltage
	0.58	33.29	67.70	0.00	0.0621	10.83	476.7	407.73	0.0613	475.9	8.566	17.91	9.75	1.66
	1.56	33.32	67.70	0.00	0.0621	10.83	476.6	407.67	0.0615	478.0	8.604	17.99	9.82	1.66
	2.57	33.31	67.70	0.00	0.0621	10.84	476.8	407.86	0.0618	484.0	8.712	18.22	10.01	1.66
	3.56	33.31	67.68	0.00	0.0621	10.82	476.1	407.41	0.0616	482.3	8.682	18.16	9.96	1.66
	4.57	33.32	67.68	-0.00	0.0620	10.81	475.5	406.85	0.0619	479.8	8.636	18.06	9.88	1.66
	5.58	33.27	67.68	0.00	0.0619	10.80	475.2	406.54	0.0626	490.7	8.833	18.47	10.21	1.66
	6.57	33.27	67.70	-0.00	0.0620	10.80	475.3	406.52	0.0644	512.2	9.219	19.27	10.85	1.66
	7.57	33.32	67.68	-0.00	0.0618	10.77	474.0	405.63	0.0649	512.2	9.220	19.29	10.86	1.66
	8.58	33.27	67.70	-0.00	0.0618	10.77	474.0	405.39	0.0646	521.7	9.391	19.63	11.13	1.66
	9.56	33.27	67.70	0.00	0.0615	10.71	471.3	403.04	0.0644	517.8	9.321	19.49	11.02	1.66
	10.56	33.27	67.68	-0.00	0.0615	10.69	470.2	402.24	0.0634	500.3	9.006	18.83	10.50	1.66
	11.57	33.22	67.68	-0.00	0.0615	10.71	471.1	402.96	0.0632	501.3	9.023	18.87	10.53	1.66
	12.57	33.22	67.65	0.00	0.0616	10.70	470.9	402.98	0.0647	505.2	9.093	19.02	10.65	1.66
	13.63	33.22	67.67	0.00	0.0618	10.76	473.5	405.04	0.0658	526.2	9.471	19.80	11.26	1.66
	14.57	33.23	67.70	0.00	0.0617	10.75	473.2	404.65	0.0655	524.4	9.439	19.73	11.21	1.66
	15.57	33.20	67.70	0.00	0.0617	10.74	472.4	403.95	0.0660	524.3	9.437	19.72	11.20	1.66
	16.57	33.25	67.70	-0.00	0.0616	10.74	472.5	404.08	0.0654	529.0	9.522	19.91	11.34	1.67
	17.57	33.20	67.70	0.00	0.0617	10.73	472.0	403.57	0.0653	521.5	9.387	19.62	11.12	1.66
	18.58	33.20	67.70	-0.00	0.0618	10.75	473.1	404.54	0.0658	527.4	9.494	19.84	11.29	1.66
	19.58	33.14	67.68	-0.00	0.0617	10.73	472.2	403.83	0.0659	528.9	9.519	19.90	11.33	1.66
	20.58	33.10	67.70	0.00	0.0615	10.72	471.5	403.03	0.0652	525.1	9.452	19.75	11.22	1.66
	21.56	33.17	67.72	0.00	0.0617	10.74	472.5	403.79	0.0658	528.3	9.509	19.87	11.32	1.66
	22.56	33.18	67.70	0.00	0.0613	10.67	469.5	401.44	0.0647	520.2	9.363	19.57	11.08	1.66
	23.57	33.18	67.68	0.00	0.0616	10.70	470.9	402.75	0.0662	527.9	9.502	19.87	11.31	1.66
	24.55	33.16	67.65	0.00	0.0617	10.72	471.7	403.59	0.0664	536.2	9.651	20.18	11.54	1.66
	25.55	33.19	67.70	0.00	0.0615	10.70	470.9	402.63	0.0663	536.0	9.648	20.17	11.54	1.66
	26.57	33.21	67.68	0.00	0.0614	10.69	470.2	402.24	0.0661	535.1	9.631	20.14	11.51	1.66
	27.58	33.18	67.70	-0.00	0.0615	10.66	469.2	401.19	0.0668	532.3	9.582	20.03	11.43	1.67
	28.56	33.18	67.68	0.00	0.0615	10.71	471.2	403.02	0.0669	543.8	9.788	20.46	11.75	1.67
	29.58	33.20	67.70	-0.00	0.0614	10.69	470.2	402.03	0.0664	540.0	9.720	20.32	11.65	1.66
	30.58	33.23	67.68	-0.00	0.0615	10.68	469.9	401.98	0.0664	538.9	9.699	20.28	11.62	1.66
	31.56	33.19	67.68	0.00	0.0613	10.66	469.0	401.12	0.0670	541.2	9.741	20.37	11.68	1.66
	32.57	33.20	67.68	-0.00	0.0614	10.67	469.4	401.45	0.0669	545.9	9.826	20.54	11.81	1.66
	33.65	33.20	67.68	-0.00	0.0614	10.68	470.1	402.09	0.0666	540.5	9.729	20.34	11.66	1.66
	34.63	33.23	67.68	0.00	0.0614	10.67	469.6	401.72	0.0668	542.7	9.769	20.43	11.73	1.67
	35.58	33.18	67.70	-0.00	0.0614	10.68	469.8	401.73	0.0671	544.3	9.798	20.48	11.77	1.66
	36.57	33.18	67.70	0.00	0.0614	10.68	469.8	401.68	0.0667	540.1	9.721	20.32	11.65	1.66
	37.64	33.18	67.72	0.00	0.0615	10.66	469.2	401.02	0.0673	542.6	9.766	20.40	11.72	1.66
	38.56	33.26	67.72	0.00	0.0613	10.66	469.2	401.09	0.0675	548.9	9.880	20.65	11.90	1.66
	39.56	33.23	67.70	0.00	0.0613	10.68	469.9	401.81	0.0674	548.8	9.879	20.65	11.90	1.67
	40.58	33.20	67.67	-0.00	0.0612	10.66	469.1	401.24	0.0668	545.4	9.818	20.53	11.80	1.66
	41.57	33.23	67.68	-0.00	0.0612	10.64	468.3	400.58	0.0671	546.6	9.840	20.58	11.84	1.66
	42.57	33.22	67.68	-0.00	0.0613	10.65	468.6	400.86	0.0682	555.5	9.999	20.91	12.08	1.66
	43.59	33.18	67.67	-0.00	0.0612	10.65	468.5	400.74	0.0680	557.2	10.030	20.97	12.12	1.66
	44.57	33.21	67.70	-0.00	0.0613	10.65	468.8	400.82	0.0679	554.5	9.981	20.86	12.05	1.66
	45.55	33.16	67.67	0.00	0.0610	10.64	467.9	400.23	0.0673	554.0	9.972	20.85	12.04	1.66
	46.58	33.19	67.68	-0.00	0.0611	10.60	466.6	399.05	0.0678	551.6	9.929	20.76	11.97	1.66
	47.56	33.17	67.67	-0.00	0.0612	10.63	467.7	400.04	0.0688	565.3	10.176	21.28	12.34	1.66
	48.58	33.13	67.70	-0.00	0.0613	10.65	468.5	400.54	0.0692	570.2	10.264	21.45	12.47	1.66
	49.58	33.13	67.72	0.00	0.0611	10.60	466.5	398.61	0.0687	561.5	10.107	21.11	12.24	1.66
	50.58	33.14	67.70	-0.00	0.0613	10.64	468.0	400.07	0.0691	567.8	10.221	21.36	12.41	1.66
	51.57	33.14	67.68	-0.00	0.0611	10.62	467.4	399.68	0.0690	569.6	10.253	21.43	12.46	1.66
	52.56	33.20	67.68	0.00	0.0610	10.59	465.8	398.44	0.0689	566.5	10.196	21.32	12.37	1.66
	53.57	33.12	67.68	0.00	0.0611	10.60	466.6	399.00	0.0698	576.6	10.378	21.69	12.64	1.66
	54.57	33.12	67.72	0.00	0.0612	10.62	467.1	399.14	0.0701	579.5	10.431	21.79	12.72	1.66
	55.55	33.14	67.68	0.00	0.0612	10.63	467.5	399.81	0.0702	581.3	10.463	21.87	12.77	1.66
	56.58	33.10	67.68	-0.00	0.0610	10.59	465.9	398.37	0.0701	578.9	10.421	21.78	12.70	1.66
	57.56	33.12	67.70	0.00	0.0611	10.59	466.1	398.40	0.0699	577.3	10.391	21.71	12.66	1.66
	58.56	33.12	67.68	0.00	0.0611	10.59	466.0	398.47	0.0700	578.3	10.409	21.76	12.69	1.66
	59.56	33.10	67.70	0.00	0.0611	10.60	466.4	398.66	0.0702	582.0	10.475	21.89	12.78	1.66
	60.56	33.08	67.70	0.00	0.0612	10.61	466.7	398.90	0.0707	590.4	10.626	22.20	13.00	1.66
	61.56	33.08	67.68	0.00	0.0611	10.61	466.7	398.97	0.0705	588.0	10.584	22.12	12.94	1.66
	62.57	33.07	67.72	-0.00	0.0611	10.60	466.5	398.60	0.0710	590.4	10.628	22.20	13.00	1.66
	63.57	33.13	67.70	-0.00	0.0611	10.62	467.2	399.39	0.0713	594.3	10.698	22.36	13.10	1.66
	64.57	33.15	67.65	0.00	0.0610	10.59	466.0	398.63	0.0710	592.9	10.672	22.32	13.07	1.66
	65.57	33.17	67.72	0.00	0.0610	10.58	465.7	398.02	0.0712	594.4	10.699	22.35	13.11	1.66
	66.58	33.19	67.70	-0.00	0.0611	10.59	466.1	398.54	0.0714	593.5	10.683	22.33	13.09	1.66
	67.56	33.16	67.70	0.00	0.0611	10.60	466.4	398.71	0.0709	591.2	10.642	22.24	13.03	1.66
	68.58	33.16	67.67	0.00	0.0611	10.59	465.9	398.48	0.0710	594.2	10.696	22.36	13.10	1.66
	69.58	33.21	67.68	-0.00	0.0610	10.57	465.3	397.98	0.0703	582.4	10.483	21.92	12.80	1.66
	70.58	33.17	67.70	-0.00	0.0608	10.54	463.7	396.48	0.0712	593.1	10.675	22.31	13.07	1.66
	71.57	33.20	67.70	0.00	0.0608	10.55	464.4	397.07	0.0719	603.9	10.871	22.72	13.35	1.66
	72.57	33.20	67.68	-0.00	0.0609	10.56	464.8	397.59	0.0718	601.8	10.833	22.65	13.30	1.66
	73.57	33.23	67.70	-0.00	0.0609	10.55	464.0	396.77	0.0719	601.0	10.819	22.61	13.28	1.66
	74.57	33.21	67.67	0.00	0.0608	10.55	464.2	397.13	0.0719	602.2	10.840	22.67	13.31	1.66
	75.57	33.16	67.70	0.00	0.0609	10.55	464.2	396.88	0.0719	600.0	10.801	22.57	13.25	1.66
	76.55	33.13	67.68	0.00	0.0609	10.55	464.0	396.75	0.0720	600.2	10.804	22.58	13.26	1.66
	77.58	33.18	67.68	0.00	0.0610	10.57	465.0	397.71	0.0720	606.8	10.922	22.84	13.42	1.66
	78.58	33.21	67.68	0.00	0.0608	10.55	464.3	397.17	0.0718	602.7	10.848	22.68	13.32	1.66
	79.56	33.23	67.68	0.00	0.0608	10.52	463.0	396.04	0.0716	599.3	10.787	22.56	13.24	1.67
	80.56	33.23	67.70	0.00	0.0607	10.53	463.4	396.23	0.0719	603.5	10.862	22.71	13.34	1.67
	81.59	33.23	67.68	-0.00	0.0608	10.54	463.8	396.72	0.0720	606.1	10.910	22.81	13.41	1.66
	82.57	33.28	67.68	0.00	0.0608	10.54	463.7	396.70	0.0722	608.8	10.959	22.92	13.48	1.66
	83.57	33.25	67.68	0.00	0.0607	10.52	462.7	395.85	0.0722	606.6	10.919	22.83	13.42	1.66
	84.58	33.27	67.70	-0.00	0.0608	10.55	464.3	397.09	0.0725	613.1	11.036	23.07	13.59	1.66
	85.57	33.25	67.70	-0.00	0.0606	10.51	462.6	395.59	0.0720	605.4	10.896	22.78	13.39	1.67
	86.56	33.25	67.68	-0.00	0.0606	10.52	463.0	396.05	0.0719	607.3	10.931	22.86	13.44	1.66
	87.58	33.27	67.70	-0.00	0.0608	10.52	462.9	395.90	0.0723	606.9	10.924	22.84	13.43	1.66
	88.56	33.22	67.68	0.00	0.0607	10.53	463.2	396.23	0.0725	611.0	10.998	23.00	13.53	1.66
	89.62	33.22	67.68	0.00	0.0607	10.52	462.8	395.86	0.0728	612.6	11.026	23.05	13.57	1.66
	90.56	33.27	67.68	0.00	0.0608	10.54	463.8	396.82	0.0730	617.8	11.120	23.26	13.70	1.66
	91.56	33.20	67.70	0.00	0.0607	10.53	463.2	396.03	0.0733	621.4	11.185	23.38	13.79	1.67
	92.56	33.22	67.70	0.00	0.0607	10.51	462.3	395.29	0.0733	620.5	11.169	23.35	13.77	1.67
	93.58	33.22	67.70	-0.00	0.0607	10.52	462.7	395.64	0.0732	615.0	11.069	23.14	13.63	1.66
	94.57	33.18	67.70	0.00	0.0606	10.51	462.5	395.44	0.0717	601.5	10.826	22.63	13.29	1.66
	95.57	33.20	67.68	0.00	0.0607	10.52	463.0	396.01	0.0734	621.1	11.180	23.38	13.78	1.66
	96.56	33.16	67.68	0.00	0.0608	10.52	463.0	396.02	0.0729	612.1	11.018	23.03	13.56	1.67
	97.58	33.17	67.70	-0.00	0.0607	10.52	462.9	395.75	0.0721	603.6	10.865	22.71	13.34	1.67
	98.56	33.17	67.70	0.00	0.0607	10.52	462.8	395.66	0.0726	612.8	11.031	23.05	13.58	1.67
	99.58	33.12	67.70	-0.00	0.0607	10.51	462.5	395.36	0.0725	610.8	10.994	22.97	13.52	1.66
	100.56	33.14	67.70	0.00	0.0607	10.51	462.4	395.32	0.0726	615.3	11.075	23.14	13.64	1.66
	101.56	33.14	67.70	0.00	0.0606	10.51	462.3	395.19	0.0726	611.0	10.998	22.98	13.53	1.66
	102.57	33.16	67.68	0.00	0.0606	10.50	462.0	395.11	0.0729	612.6	11.026	23.05	13.57	1.67
	103.55	33.19	67.70	0.00	0.0607	10.50	462.1	395.15	0.0736	624.3	11.237	23.49	13.86	1.67
	104.55	33.13	67.67	0.00	0.0606	10.50	462.1	395.19	0.0737	625.5	11.260	23.54	13.89	1.66
	105.57	33.13	67.70	0.00	0.0606	10.49	461.4	394.39	0.0738	625.4	11.258	23.52	13.89	1.67
	106.56	33.14	67.68	0.00	0.0605	10.47	460.9	394.14	0.0735	628.4	11.311	23.65	13.96	1.67
	107.55	33.12	67.70	0.00	0.0606	10.50	461.9	394.86	0.0745	636.9	11.464	23.96	14.17	1.66
	108.56	33.16	67.68	0.00	0.0606	10.48	461.3	394.53	0.0743	634.8	11.427	23.89	14.12	1.67
	109.58	33.15	67.68	-0.00	0.0605	10.48	460.9	394.19	0.0746	637.4	11.473	23.98	14.18	1.67
	110.56	33.12	67.70	-0.00	0.0605	10.46	460.3	393.51	0.0743	634.0	11.411	23.85	14.10	1.67
	111.56	33.08	67.70	0.00	0.0604	10.46	460.3	393.44	0.0744	635.4	11.437	23.90	14.13	1.67
	112.59	33.07	67.68	-0.00	0.0603	10.43	459.0	392.42	0.0746	633.9	11.410	23.85	14.09	1.66
	113.57	33.10	67.70	-0.00	0.0603	10.44	459.4	392.65	0.0743	636.2	11.451	23.93	14.15	1.67
	114.58	33.15	67.70	-0.00	0.0605	10.47	460.7	393.84	0.0755	648.2	11.668	24.38	14.44	1.67
	115.57	33.11	67.70	0.00	0.0603	10.43	459.0	392.39	0.0748	641.2	11.541	24.12	14.27	1.67
	116.56	33.13	67.70	0.00	0.0604	10.44	459.6	392.88	0.0754	646.6	11.639	24.32	14.40	1.66
	117.58	33.14	67.68	-0.00	0.0605	10.47	460.6	393.87	0.0755	647.7	11.658	24.37	14.43	1.67
	118.56	33.14	67.68	0.00	0.0605	10.47	460.6	393.86	0.0754	648.1	11.666	24.39	14.44	1.67
	119.56	33.18	67.68	0.00	0.0605	10.47	460.6	393.97	0.0754	645.8	11.625	24.30	14.39	1.67
	120.64	33.21	67.70	0.00	0.0605	10.47	460.5	393.81	0.0756	651.2	11.721	24.50	14.51	1.67
	121.56	33.23	67.68	0.00	0.0605	10.47	460.6	393.98	0.0753	649.1	11.684	24.43	14.47	1.67
