Jul 25 2015 at 13:55:02
Frequency: 1.00Hz.
CO2
Zero:  Value:0.95  Date:18 Mar 2005	 at 07:22:33	
Span:  Value:1.00  Date:18 Mar 2005	 at 07:25:09	
H2O
Zero:  Value:0.71  Date:18 Mar 2005	 at 07:52:31	
Span:  Value:0.99  Date:18 Mar 2005	 at 11:44:01	
	Relative Time	Temperature	Pressure	Aux Input	CO2 Absorptance	CO2 mmol/m3	CO2 mg/m3	CO2 umol/mol	H2O Absorptance	H2O mmol/m3	H2O g/m3	H2O mmol/mol	H2O(°C)	Cooler Voltage
	0.09	33.39	70.20	0.00	0.0628	10.84	477.1	393.67	0.0731	604.4	10.880	21.94	13.38	1.77
	1.11	33.41	70.18	-0.00	0.0629	10.89	479.0	395.37	0.0731	607.0	10.926	22.05	13.44	1.77
	2.11	33.43	70.23	0.00	0.0628	10.89	479.0	395.16	0.0732	609.1	10.964	22.11	13.50	1.77
	3.10	33.41	70.20	0.00	0.0630	10.92	480.3	396.33	0.0733	609.0	10.962	22.11	13.49	1.77
	4.12	33.46	70.20	-0.00	0.0630	10.91	480.1	396.23	0.0732	607.5	10.934	22.06	13.46	1.77
	5.12	33.46	70.23	-0.00	0.0627	10.85	477.4	393.83	0.0724	598.7	10.776	21.73	13.23	1.77
	6.18	33.43	70.20	0.00	0.0630	10.92	480.6	396.55	0.0730	604.6	10.883	21.95	13.38	1.77
	7.11	33.43	70.23	-0.00	0.0630	10.93	481.0	396.73	0.0732	607.7	10.939	22.06	13.46	1.77
	8.10	33.44	70.23	0.00	0.0632	10.94	481.5	397.20	0.0735	612.9	11.032	22.24	13.59	1.77
	9.11	33.40	70.23	-0.00	0.0630	10.92	480.4	396.19	0.0731	608.2	10.948	22.07	13.47	1.77
	10.11	33.38	70.23	-0.00	0.0631	10.93	480.9	396.63	0.0734	606.1	10.910	22.00	13.42	1.77
	11.12	33.35	70.25	-0.00	0.0630	10.91	479.9	395.65	0.0734	609.4	10.969	22.10	13.50	1.77
	12.11	33.35	70.26	-0.00	0.0630	10.91	480.2	395.84	0.0728	602.1	10.838	21.84	13.31	1.77
	13.10	33.38	70.25	0.00	0.0629	10.91	479.9	395.69	0.0745	625.8	11.264	22.70	13.91	1.77
	14.10	33.30	70.25	-0.00	0.0629	10.89	479.2	394.97	0.0738	618.5	11.133	22.43	13.72	1.77
	15.12	33.33	70.25	0.00	0.0628	10.88	478.6	394.56	0.0739	618.2	11.128	22.42	13.72	1.77
	16.18	33.36	70.20	-0.00	0.0627	10.84	476.9	393.44	0.0758	638.0	11.484	23.16	14.21	1.77
	17.11	33.35	70.25	0.00	0.0627	10.84	477.2	393.37	0.0772	650.2	11.703	23.58	14.50	1.77
	18.10	33.33	70.25	0.00	0.0625	10.82	476.1	392.42	0.0769	653.6	11.764	23.71	14.58	1.77
	19.11	33.36	70.18	0.00	0.0626	10.81	475.7	392.60	0.0777	658.3	11.850	23.91	14.69	1.77
	20.11	33.34	70.20	0.00	0.0625	10.82	475.9	392.62	0.0829	710.3	12.786	25.78	15.87	1.77
	21.11	33.33	70.23	0.00	0.0625	10.80	475.2	391.84	0.0810	714.2	12.856	25.91	15.96	1.77
	22.11	33.35	70.20	0.00	0.0625	10.81	475.7	392.43	0.0813	721.4	12.985	26.19	16.12	1.77
	23.10	33.31	70.23	0.00	0.0627	10.83	476.4	392.83	0.0760	643.7	11.586	23.35	14.34	1.77
	24.12	33.28	70.23	-0.00	0.0625	10.81	475.5	392.06	0.0821	722.0	12.997	26.19	16.13	1.77
	25.10	33.29	70.23	-0.00	0.0627	10.84	477.0	393.29	0.0791	689.5	12.412	25.02	15.41	1.77
	26.10	33.27	70.20	0.00	0.0625	10.80	475.4	392.08	0.0828	730.1	13.142	26.50	16.30	1.77
	27.10	33.25	70.23	0.00	0.0625	10.80	475.2	391.79	0.0799	685.5	12.339	24.87	15.31	1.77
	28.10	33.25	70.18	0.00	0.0625	10.81	475.7	392.42	0.0794	693.4	12.481	25.17	15.49	1.77
	29.11	33.25	70.23	-0.00	0.0624	10.79	474.6	391.25	0.0817	727.0	13.087	26.37	16.23	1.77
	30.11	33.29	70.20	-0.00	0.0624	10.80	475.1	391.86	0.0814	709.9	12.778	25.76	15.86	1.77
	31.09	33.32	70.23	0.00	0.0623	10.77	473.7	390.58	0.0820	721.6	12.988	26.18	16.12	1.77
	32.12	33.32	70.25	0.00	0.0623	10.77	474.1	390.77	0.0812	703.5	12.663	25.52	15.72	1.77
	33.10	33.28	70.20	0.00	0.0624	10.77	474.0	390.96	0.0791	672.2	12.099	24.39	15.01	1.77
	34.12	33.31	70.23	-0.00	0.0623	10.78	474.2	390.95	0.0813	703.0	12.655	25.51	15.71	1.77
	35.18	33.33	70.20	0.00	0.0619	10.69	470.2	387.91	0.0848	753.7	13.566	27.36	16.80	1.77
	36.10	33.30	70.20	0.00	0.0622	10.71	471.1	388.56	0.0821	731.4	13.166	26.55	16.33	1.77
	37.11	33.34	70.23	-0.00	0.0622	10.74	472.5	389.65	0.0825	724.2	13.036	26.28	16.18	1.77
	38.11	33.29	70.23	-0.00	0.0617	10.65	468.7	386.42	0.0856	764.9	13.769	27.75	17.03	1.77
	39.11	33.28	70.18	-0.00	0.0618	10.64	468.3	386.40	0.0855	768.7	13.837	27.91	17.11	1.77
	40.09	33.29	70.23	0.00	0.0617	10.61	466.7	384.76	0.0868	786.9	14.165	28.55	17.48	1.77
	41.09	33.36	70.23	0.00	0.0616	10.61	466.8	385.00	0.0883	794.7	14.305	28.84	17.64	1.77
	42.10	33.31	70.20	0.00	0.0617	10.63	467.7	385.78	0.0873	790.2	14.223	28.68	17.55	1.77
	43.10	33.31	70.23	-0.00	0.0613	10.54	463.8	382.46	0.0925	854.5	15.381	31.00	18.80	1.77
	44.21	33.32	70.23	0.00	0.0611	10.50	462.1	381.07	0.0920	857.4	15.433	31.11	18.85	1.76
	45.12	33.35	70.23	0.00	0.0611	10.51	462.4	381.27	0.0942	885.8	15.945	32.14	19.37	1.77
	46.13	33.39	70.23	-0.00	0.0610	10.50	461.9	380.97	0.0928	871.6	15.688	31.63	19.12	1.77
	47.11	33.38	70.23	0.00	0.0611	10.47	460.5	379.82	0.0930	880.8	15.854	31.96	19.28	1.77
	48.14	33.40	70.23	-0.00	0.0608	10.45	459.6	379.10	0.0942	894.8	16.107	32.47	19.54	1.77
	49.11	33.40	70.25	-0.00	0.0610	10.49	461.5	380.51	0.0915	858.7	15.456	31.15	18.88	1.77
	50.11	33.35	70.20	0.00	0.0611	10.49	461.6	380.81	0.0901	839.2	15.106	30.46	18.51	1.77
	51.11	33.33	70.23	0.00	0.0611	10.52	462.7	381.58	0.0906	832.1	14.978	30.19	18.37	1.77
	52.10	33.31	70.25	0.00	0.0612	10.52	463.0	381.65	0.0920	839.7	15.115	30.46	18.52	1.77
	53.10	33.31	70.23	-0.00	0.0612	10.52	462.9	381.67	0.0897	833.6	15.004	30.24	18.40	1.77
	54.12	33.31	70.25	-0.00	0.0611	10.51	462.5	381.25	0.0922	847.8	15.261	30.75	18.67	1.77
	55.08	33.31	70.25	0.00	0.0612	10.54	463.6	382.15	0.0932	864.1	15.554	31.34	18.97	1.77
	56.10	33.29	70.23	0.00	0.0609	10.46	460.3	379.54	0.0934	884.6	15.922	32.09	19.35	1.77
	57.17	33.36	70.23	0.00	0.0612	10.50	462.2	381.16	0.0895	848.2	15.268	30.78	18.68	1.77
	58.11	33.32	70.23	0.00	0.0609	10.47	460.8	380.02	0.0918	860.9	15.496	31.24	18.92	1.77
	59.16	33.38	70.23	-0.00	0.0608	10.45	459.6	379.05	0.0933	878.1	15.806	31.87	19.24	1.77
	60.11	33.35	70.23	0.00	0.0610	10.44	459.5	378.96	0.0932	883.0	15.894	32.04	19.32	1.77
	61.12	33.36	70.18	-0.00	0.0607	10.43	458.7	378.58	0.0943	892.2	16.060	32.40	19.49	1.77
	62.12	33.38	70.25	-0.00	0.0608	10.45	459.8	379.10	0.0935	872.9	15.712	31.67	19.14	1.77
	63.10	33.36	70.23	0.00	0.0608	10.43	459.1	378.62	0.0946	899.2	16.185	32.63	19.62	1.77
	64.13	33.37	70.25	-0.00	0.0607	10.40	457.7	377.37	0.0948	906.6	16.318	32.89	19.75	1.77
	65.11	33.35	70.28	-0.00	0.0608	10.43	458.8	378.11	0.0945	896.2	16.131	32.50	19.56	1.77
	66.08	33.40	70.22	0.00	0.0607	10.42	458.6	378.29	0.0947	901.7	16.230	32.72	19.66	1.77
	67.13	33.42	70.25	-0.00	0.0606	10.37	456.3	376.21	0.0947	908.9	16.360	32.98	19.79	1.77
	68.09	33.39	70.23	0.00	0.0606	10.39	457.0	376.95	0.0960	910.2	16.384	33.03	19.81	1.77
	69.11	33.42	70.20	0.00	0.0606	10.35	455.2	375.64	0.0959	918.5	16.533	33.35	19.96	1.77
	70.09	33.39	70.18	0.00	0.0605	10.36	455.7	376.12	0.0966	928.8	16.718	33.73	20.14	1.77
	71.11	33.41	70.23	0.00	0.0605	10.34	455.0	375.29	0.0977	933.2	16.798	33.87	20.22	1.77
	72.09	33.44	70.23	0.00	0.0603	10.36	455.7	375.92	0.0964	931.1	16.761	33.80	20.18	1.77
	73.12	33.41	70.20	-0.00	0.0604	10.36	455.7	375.98	0.0958	897.8	16.161	32.60	19.59	1.77
	74.10	33.41	70.23	0.00	0.0603	10.33	454.3	374.74	0.0971	926.2	16.672	33.62	20.10	1.77
	75.10	33.38	70.18	0.00	0.0603	10.29	452.8	373.72	0.0986	958.6	17.256	34.81	20.65	1.77
	76.18	33.45	70.25	0.00	0.0602	10.29	452.8	373.41	0.0975	950.4	17.107	34.48	20.52	1.77
	77.14	33.39	70.23	-0.00	0.0602	10.30	453.3	373.86	0.0972	945.7	17.022	34.32	20.43	1.77
	78.11	33.41	70.25	0.00	0.0602	10.31	453.8	374.17	0.0979	948.3	17.070	34.40	20.48	1.77
	79.11	33.43	70.20	-0.00	0.0600	10.27	452.0	373.01	0.0980	949.6	17.093	34.48	20.50	1.77
	80.11	33.46	70.23	-0.00	0.0602	10.29	452.6	373.37	0.0982	949.1	17.084	34.45	20.49	1.77
	81.11	33.41	70.20	0.00	0.0601	10.27	451.8	372.76	0.0976	946.3	17.034	34.36	20.44	1.77
	82.10	33.45	70.23	0.00	0.0601	10.29	452.6	373.39	0.0976	949.7	17.094	34.47	20.50	1.77
	83.10	33.43	70.23	0.00	0.0601	10.26	451.6	372.49	0.0984	958.2	17.248	34.78	20.65	1.77
	84.10	33.45	70.20	-0.00	0.0602	10.29	452.7	373.60	0.0962	922.2	16.599	33.48	20.03	1.77
	85.10	33.47	70.20	0.00	0.0602	10.28	452.5	373.43	0.0977	940.1	16.921	34.13	20.34	1.77
	86.10	33.48	70.25	0.00	0.0602	10.28	452.5	373.21	0.0993	961.5	17.306	34.89	20.71	1.77
	87.10	33.47	70.23	0.00	0.0601	10.25	451.2	372.24	0.1000	983.0	17.695	35.68	21.07	1.77
	88.11	33.47	70.25	-0.00	0.0599	10.24	450.5	371.49	0.0981	946.6	17.040	34.35	20.45	1.77
	89.11	33.47	70.23	-0.00	0.0598	10.22	449.8	371.09	0.0977	952.4	17.142	34.57	20.55	1.77
	90.12	33.49	70.23	-0.00	0.0600	10.28	452.2	373.08	0.0971	932.8	16.790	33.86	20.21	1.77
	91.12	33.52	70.23	-0.00	0.0600	10.26	451.2	372.35	0.0985	957.6	17.237	34.77	20.64	1.77
	92.12	33.50	70.20	-0.00	0.0600	10.26	451.6	372.77	0.0980	953.5	17.163	34.63	20.57	1.77
	93.12	33.50	70.23	-0.00	0.0599	10.22	449.8	371.09	0.0988	955.7	17.203	34.70	20.61	1.77
	94.12	33.52	70.23	-0.00	0.0599	10.21	449.3	370.71	0.0996	967.1	17.407	35.11	20.80	1.77
	95.11	33.47	70.23	-0.00	0.0598	10.21	449.4	370.75	0.0998	984.5	17.721	35.74	21.09	1.77
	96.10	33.47	70.21	0.00	0.0596	10.16	447.2	369.07	0.0994	967.2	17.409	35.12	20.80	1.77
	97.11	33.52	70.20	0.00	0.0598	10.22	449.8	371.30	0.1009	986.4	17.756	35.83	21.12	1.77
	98.09	33.55	70.23	0.00	0.0599	10.23	450.1	371.39	0.1002	987.1	17.768	35.84	21.14	1.77
	99.11	33.55	70.23	0.00	0.0598	10.21	449.0	370.55	0.1009	994.9	17.908	36.12	21.26	1.77
	100.11	33.52	70.20	-0.00	0.0596	10.17	447.5	369.35	0.1012	1001.0	18.019	36.35	21.36	1.77
	101.10	33.52	70.23	-0.00	0.0596	10.17	447.3	369.09	0.1015	1003.8	18.068	36.44	21.41	1.77
	102.10	33.55	70.23	-0.00	0.0596	10.14	446.3	368.26	0.1013	999.3	17.988	36.28	21.34	1.77
	103.10	33.55	70.20	0.00	0.0595	10.15	446.5	368.62	0.1014	1001.0	18.018	36.36	21.37	1.77
	104.08	33.61	70.25	0.00	0.0593	10.10	444.6	366.80	0.1002	981.7	17.670	35.64	21.05	1.77
	105.10	33.58	70.26	0.00	0.0594	10.12	445.3	367.34	0.1014	1002.6	18.047	36.39	21.39	1.77
	106.13	33.57	70.22	-0.00	0.0595	10.14	446.2	368.24	0.1022	1017.5	18.315	36.95	21.63	1.77
	107.11	33.60	70.23	0.00	0.0594	10.13	445.5	367.71	0.1024	1014.9	18.268	36.85	21.59	1.77
	108.11	33.61	70.23	0.00	0.0593	10.11	444.8	367.14	0.1029	1029.0	18.522	37.37	21.82	1.77
	109.17	33.61	70.25	0.00	0.0592	10.08	443.6	366.02	0.1032	1029.4	18.530	37.37	21.83	1.77
	110.11	33.60	70.25	0.00	0.0592	10.06	442.6	365.21	0.1034	1033.8	18.608	37.53	21.89	1.77
	111.10	33.56	70.23	-0.00	0.0591	10.04	441.9	364.71	0.1037	1038.1	18.686	37.69	21.96	1.77
	112.10	33.56	70.20	0.00	0.0591	10.05	442.1	364.94	0.1038	1036.7	18.660	37.66	21.94	1.77
	113.08	33.59	70.25	0.00	0.0589	10.03	441.3	364.07	0.1041	1042.6	18.767	37.85	22.03	1.77
	114.11	33.56	70.20	-0.00	0.0590	10.04	442.0	364.85	0.1037	1049.9	18.899	38.14	22.15	1.77
	115.11	33.55	70.23	-0.00	0.0589	10.02	441.0	363.93	0.1044	1048.1	18.866	38.06	22.12	1.77
	116.10	33.56	70.25	0.00	0.0591	10.06	442.7	365.17	0.1045	1056.6	19.019	38.35	22.25	1.77
	117.09	33.61	70.23	0.00	0.0591	10.05	442.1	364.92	0.1051	1063.0	19.134	38.60	22.35	1.77
	118.09	33.61	70.20	0.00	0.0592	10.08	443.3	366.01	0.1049	1060.9	19.097	38.54	22.32	1.77
	119.11	33.58	70.25	-0.00	0.0591	10.06	442.8	365.27	0.1039	1041.2	18.741	37.79	22.01	1.77
	120.11	33.60	70.26	-0.00	0.0590	10.03	441.3	364.09	0.1033	1036.9	18.665	37.64	21.94	1.77
	121.09	33.61	70.23	0.00	0.0590	10.04	441.7	364.53	0.1031	1032.0	18.576	37.48	21.87	1.77
	122.13	33.64	70.25	-0.00	0.0590	10.04	441.8	364.54	0.1030	1030.4	18.547	37.41	21.84	1.77
	123.10	33.60	70.20	0.00	0.0592	10.09	443.8	366.44	0.1043	1049.6	18.893	38.13	22.14	1.77
	124.11	33.58	70.23	0.00	0.0593	10.09	443.9	366.33	0.1044	1052.0	18.937	38.20	22.18	1.77
