Jul 25 2015 at 13:36:36
Frequency: 1.00Hz.
CO2
Zero:  Value:0.95  Date:18 Mar 2005	 at 07:22:33	
Span:  Value:1.00  Date:18 Mar 2005	 at 07:25:09	
H2O
Zero:  Value:0.71  Date:18 Mar 2005	 at 07:52:31	
Span:  Value:0.99  Date:18 Mar 2005	 at 11:44:01	
	Relative Time	Temperature	Pressure	Aux Input	CO2 Absorptance	CO2 mmol/m3	CO2 mg/m3	CO2 umol/mol	H2O Absorptance	H2O mmol/m3	H2O g/m3	H2O mmol/mol	H2O(°C)	Cooler Voltage
	0.36	31.35	70.28	-0.00	0.0634	11.06	486.7	398.43	0.0565	420.6	7.570	15.15	7.83	1.70
	1.26	31.35	70.28	0.00	0.0633	11.02	485.1	397.12	0.0564	421.1	7.579	15.17	7.85	1.69
	2.28	31.32	70.25	0.00	0.0632	10.96	482.1	394.76	0.0568	415.4	7.476	14.97	7.65	1.69
	3.29	31.35	70.28	0.00	0.0634	10.98	483.1	395.52	0.0580	429.2	7.726	15.46	8.13	1.69
	4.27	31.35	70.28	0.00	0.0632	10.92	480.4	393.26	0.0574	422.3	7.602	15.21	7.89	1.69
	5.27	31.35	70.28	0.00	0.0631	10.93	480.9	393.65	0.0571	425.8	7.664	15.34	8.01	1.69
	6.27	31.37	70.28	0.00	0.0628	10.89	479.2	392.35	0.0566	419.1	7.544	15.10	7.78	1.70
	7.27	31.39	70.28	0.00	0.0627	10.86	477.8	391.21	0.0560	415.2	7.473	14.96	7.65	1.69
	8.27	31.37	70.28	-0.00	0.0625	10.81	475.6	389.40	0.0561	411.5	7.407	14.82	7.52	1.69
	9.28	31.39	70.28	0.00	0.0627	10.84	477.1	390.60	0.0563	414.5	7.460	14.93	7.62	1.69
	10.28	31.35	70.28	-0.00	0.0626	10.82	476.3	389.91	0.0558	410.6	7.390	14.79	7.48	1.69
	11.28	31.41	70.31	0.00	0.0624	10.81	475.4	389.17	0.0555	408.3	7.349	14.70	7.40	1.70
	12.28	31.37	70.28	0.00	0.0624	10.77	474.1	388.14	0.0552	407.1	7.328	14.67	7.36	1.70
	13.28	31.37	70.28	0.00	0.0623	10.77	474.0	388.05	0.0554	406.9	7.325	14.66	7.35	1.69
	14.27	31.32	70.26	-0.00	0.0624	10.78	474.5	388.52	0.0556	408.8	7.359	14.73	7.42	1.70
	15.27	31.34	70.26	0.00	0.0624	10.76	473.5	387.79	0.0557	410.6	7.390	14.79	7.48	1.69
	16.27	31.39	70.28	0.00	0.0623	10.77	473.7	387.88	0.0554	409.2	7.365	14.74	7.43	1.70
	17.27	31.36	70.30	0.00	0.0623	10.76	473.3	387.36	0.0557	410.8	7.394	14.79	7.49	1.70
	18.27	31.41	70.25	0.00	0.0623	10.75	472.9	387.36	0.0558	410.2	7.383	14.78	7.47	1.70
	19.27	31.41	70.25	0.00	0.0623	10.76	473.5	387.84	0.0559	411.7	7.410	14.84	7.52	1.69
	20.26	31.43	70.30	0.00	0.0622	10.76	473.6	387.73	0.0557	411.7	7.410	14.83	7.52	1.69
	21.26	31.38	70.30	0.00	0.0623	10.76	473.3	387.38	0.0560	413.4	7.441	14.89	7.58	1.69
	22.26	31.38	70.28	0.00	0.0623	10.74	472.7	387.05	0.0561	413.3	7.439	14.89	7.58	1.70
	23.29	31.39	70.28	-0.00	0.0623	10.76	473.4	387.60	0.0558	410.8	7.394	14.80	7.49	1.70
	24.29	31.40	70.28	-0.00	0.0622	10.74	472.6	386.94	0.0557	412.2	7.419	14.85	7.54	1.70
	25.29	31.39	70.28	0.00	0.0621	10.72	471.7	386.25	0.0556	409.9	7.378	14.77	7.46	1.69
	26.29	31.35	70.28	-0.00	0.0623	10.76	473.6	387.69	0.0559	411.1	7.399	14.81	7.50	1.70
	27.28	31.41	70.25	0.00	0.0623	10.74	472.5	387.04	0.0559	412.7	7.428	14.87	7.56	1.70
	28.27	31.39	70.30	0.00	0.0622	10.72	471.9	386.24	0.0560	414.7	7.465	14.94	7.63	1.70
	29.30	31.41	70.28	-0.00	0.0621	10.73	472.0	386.46	0.0559	412.8	7.430	14.87	7.56	1.70
	30.26	31.39	70.28	0.00	0.0621	10.69	470.5	385.23	0.0561	414.4	7.459	14.93	7.62	1.70
	31.36	31.37	70.30	-0.00	0.0621	10.73	471.9	386.25	0.0564	417.9	7.522	15.05	7.74	1.70
	32.29	31.41	70.28	-0.00	0.0623	10.74	472.5	386.96	0.0572	425.5	7.660	15.33	8.01	1.70
	33.27	31.43	70.30	0.00	0.0623	10.75	472.9	387.16	0.0575	426.0	7.668	15.34	8.03	1.70
	34.29	31.45	70.25	-0.00	0.0622	10.76	473.3	387.73	0.0568	428.1	7.706	15.43	8.10	1.70
	35.27	31.45	70.28	0.00	0.0621	10.72	471.6	386.24	0.0569	425.5	7.659	15.33	8.01	1.70
	36.28	31.45	70.28	-0.00	0.0620	10.69	470.5	385.30	0.0566	416.6	7.500	15.01	7.70	1.70
	37.27	31.49	70.30	-0.00	0.0621	10.71	471.4	385.96	0.0576	428.4	7.711	15.43	8.11	1.70
	38.28	31.45	70.30	-0.00	0.0621	10.73	472.0	386.43	0.0574	427.4	7.692	15.39	8.07	1.70
	39.34	31.45	70.28	0.00	0.0622	10.74	472.5	386.94	0.0573	429.4	7.729	15.47	8.14	1.70
	40.30	31.43	70.26	-0.00	0.0622	10.73	472.2	386.80	0.0572	429.2	7.726	15.47	8.14	1.70
	41.28	31.43	70.23	0.00	0.0622	10.75	472.8	387.45	0.0573	427.8	7.701	15.43	8.09	1.70
	42.29	31.39	70.25	-0.00	0.0622	10.72	471.6	386.29	0.0578	427.4	7.694	15.40	8.07	1.70
	43.27	31.41	70.28	-0.00	0.0623	10.75	473.2	387.45	0.0582	441.6	7.950	15.91	8.56	1.70
	44.27	31.45	70.25	0.00	0.0623	10.74	472.7	387.30	0.0580	429.1	7.724	15.47	8.13	1.70
	45.26	31.43	70.28	0.00	0.0622	10.74	472.7	387.14	0.0587	439.4	7.908	15.83	8.48	1.70
	46.27	31.47	70.28	0.00	0.0623	10.76	473.6	387.86	0.0584	441.1	7.941	15.90	8.54	1.70
	47.27	31.45	70.25	-0.00	0.0622	10.74	472.6	387.19	0.0594	444.8	8.006	16.03	8.66	1.70
	48.28	31.44	70.28	-0.00	0.0622	10.74	472.7	387.11	0.0597	451.4	8.125	16.26	8.88	1.70
	49.27	31.45	70.28	0.00	0.0623	10.76	473.3	387.61	0.0598	451.8	8.132	16.28	8.89	1.70
	50.28	31.45	70.30	-0.00	0.0621	10.74	472.4	386.75	0.0587	445.2	8.013	16.04	8.68	1.70
	51.29	31.47	70.30	-0.00	0.0622	10.75	473.1	387.35	0.0590	448.8	8.078	16.17	8.80	1.70
	52.29	31.45	70.25	-0.00	0.0624	10.78	474.2	388.51	0.0595	451.3	8.124	16.27	8.88	1.70
	53.27	31.44	70.30	0.00	0.0623	10.77	474.0	388.01	0.0594	447.4	8.052	16.11	8.75	1.70
	54.37	31.47	70.28	0.00	0.0623	10.76	473.3	387.61	0.0598	453.4	8.161	16.34	8.95	1.70
	55.29	31.45	70.28	0.00	0.0624	10.78	474.1	388.30	0.0596	453.1	8.157	16.33	8.94	1.70
	56.28	31.49	70.28	0.00	0.0622	10.75	473.1	387.46	0.0586	439.9	7.918	15.85	8.50	1.70
	57.27	31.46	70.28	0.00	0.0622	10.74	472.8	387.17	0.0586	441.9	7.954	15.92	8.57	1.70
	58.28	31.46	70.28	0.00	0.0623	10.76	473.6	387.86	0.0589	443.2	7.978	15.97	8.61	1.70
	59.26	31.46	70.28	0.00	0.0622	10.74	472.7	387.12	0.0589	443.6	7.985	15.99	8.62	1.70
	60.28	31.44	70.25	0.00	0.0622	10.73	472.2	386.88	0.0592	447.8	8.060	16.14	8.76	1.70
	61.28	31.45	70.25	-0.00	0.0619	10.67	469.7	384.79	0.0586	440.3	7.925	15.87	8.51	1.70
	62.27	31.45	70.28	-0.00	0.0621	10.71	471.3	385.98	0.0589	444.0	7.992	16.00	8.64	1.70
	63.27	31.49	70.28	0.00	0.0620	10.69	470.6	385.42	0.0586	441.3	7.944	15.90	8.55	1.70
	64.27	31.49	70.28	-0.00	0.0620	10.71	471.1	385.90	0.0595	450.7	8.112	16.24	8.86	1.70
	65.29	31.47	70.28	-0.00	0.0620	10.69	470.5	385.35	0.0594	449.2	8.085	16.19	8.81	1.70
	66.28	31.40	70.28	0.00	0.0619	10.67	469.5	384.45	0.0588	442.9	7.973	15.96	8.60	1.70
	67.27	31.41	70.28	0.00	0.0619	10.68	470.0	384.89	0.0587	441.5	7.947	15.91	8.55	1.70
	68.34	31.43	70.28	0.00	0.0620	10.69	470.4	385.20	0.0597	448.9	8.080	16.18	8.80	1.70
	69.28	31.47	70.31	0.00	0.0621	10.71	471.4	385.92	0.0606	461.7	8.311	16.63	9.22	1.71
	70.28	31.48	70.25	0.00	0.0622	10.73	472.2	386.91	0.0606	462.7	8.329	16.68	9.25	1.71
	71.28	31.45	70.28	0.00	0.0622	10.72	471.8	386.41	0.0605	461.6	8.308	16.63	9.21	1.70
	72.34	31.49	70.28	0.00	0.0620	10.70	470.9	385.67	0.0604	459.6	8.274	16.57	9.15	1.70
	73.27	31.45	70.25	0.00	0.0619	10.68	469.9	384.96	0.0601	455.2	8.194	16.41	9.01	1.70
	74.26	31.41	70.28	0.00	0.0621	10.72	471.5	386.08	0.0608	464.1	8.353	16.72	9.29	1.71
	75.29	31.41	70.28	-0.00	0.0621	10.70	470.9	385.61	0.0606	460.6	8.291	16.59	9.18	1.71
	76.27	31.43	70.31	-0.00	0.0621	10.72	471.8	386.21	0.0616	474.1	8.535	17.08	9.61	1.71
	77.27	31.47	70.28	0.00	0.0622	10.73	472.3	386.76	0.0613	471.3	8.484	16.98	9.52	1.71
	78.27	31.43	70.25	-0.00	0.0621	10.73	472.1	386.74	0.0609	466.4	8.396	16.81	9.37	1.71
	79.28	31.40	70.25	-0.00	0.0620	10.69	470.4	385.29	0.0614	469.8	8.456	16.93	9.47	1.71
	80.28	31.42	70.25	-0.00	0.0621	10.72	471.5	386.28	0.0605	461.0	8.298	16.62	9.19	1.71
	81.29	31.47	70.25	0.00	0.0620	10.71	471.3	386.11	0.0604	460.1	8.283	16.59	9.17	1.71
	82.27	31.47	70.28	-0.00	0.0621	10.71	471.4	386.11	0.0609	463.3	8.340	16.70	9.27	1.71
	83.35	31.39	70.28	0.00	0.0621	10.72	471.6	386.12	0.0610	465.9	8.387	16.79	9.35	1.71
	84.26	31.37	70.28	0.00	0.0621	10.72	471.6	386.14	0.0611	467.3	8.411	16.83	9.39	1.71
	85.27	31.37	70.25	0.00	0.0620	10.69	470.5	385.31	0.0612	467.1	8.408	16.83	9.38	1.71
	86.25	31.43	70.26	0.00	0.0620	10.69	470.3	385.28	0.0608	464.1	8.354	16.73	9.29	1.71
	87.27	31.43	70.30	0.00	0.0621	10.70	470.9	385.44	0.0608	464.2	8.355	16.72	9.29	1.71
	88.28	31.44	70.25	0.00	0.0621	10.73	472.0	386.69	0.0609	465.7	8.383	16.79	9.34	1.71
	89.28	31.47	70.25	0.00	0.0620	10.70	471.0	385.88	0.0605	461.6	8.309	16.64	9.21	1.71
	90.28	31.47	70.25	0.00	0.0619	10.68	469.8	384.92	0.0604	459.6	8.273	16.57	9.15	1.71
	91.35	31.47	70.26	-0.00	0.0620	10.69	470.2	385.21	0.0602	458.6	8.255	16.53	9.12	1.71
	92.27	31.45	70.28	0.00	0.0619	10.67	469.6	384.53	0.0602	457.6	8.236	16.49	9.08	1.71
	93.27	31.47	70.25	-0.00	0.0620	10.69	470.4	385.44	0.0605	460.4	8.286	16.60	9.17	1.71
	94.27	31.47	70.25	0.00	0.0619	10.69	470.6	385.54	0.0606	462.3	8.322	16.67	9.24	1.71
	95.27	31.49	70.31	-0.00	0.0618	10.65	468.8	383.82	0.0603	458.6	8.254	16.52	9.12	1.71
	96.27	31.45	70.28	0.00	0.0618	10.65	468.6	383.79	0.0602	457.8	8.240	16.50	9.09	1.71
	97.27	31.47	70.28	0.00	0.0619	10.67	469.4	384.48	0.0603	459.0	8.262	16.54	9.13	1.71
	98.27	31.47	70.25	0.00	0.0619	10.66	468.9	384.16	0.0603	458.5	8.252	16.53	9.11	1.71
	99.28	31.47	70.28	0.00	0.0619	10.67	469.5	384.49	0.0604	460.6	8.291	16.60	9.18	1.71
	100.28	31.47	70.28	-0.00	0.0619	10.69	470.3	385.19	0.0608	463.0	8.334	16.68	9.26	1.71
	101.28	31.49	70.28	-0.00	0.0620	10.70	470.7	385.52	0.0607	464.5	8.360	16.74	9.31	1.71
	102.27	31.49	70.28	-0.00	0.0620	10.68	469.7	384.73	0.0612	467.0	8.407	16.83	9.39	1.71
	103.27	31.49	70.28	-0.00	0.0618	10.66	469.0	384.13	0.0606	462.6	8.327	16.67	9.25	1.71
	104.27	31.51	70.28	-0.00	0.0619	10.69	470.2	385.12	0.0609	465.0	8.369	16.76	9.32	1.71
	105.28	31.54	70.30	-0.00	0.0620	10.69	470.6	385.36	0.0609	465.0	8.370	16.76	9.33	1.71
	106.27	31.43	70.23	0.00	0.0620	10.69	470.4	385.51	0.0608	465.3	8.375	16.78	9.33	1.71
	107.27	31.43	70.25	0.00	0.0619	10.68	469.8	384.87	0.0608	464.4	8.359	16.74	9.30	1.71
	108.28	31.47	70.25	0.00	0.0619	10.68	470.0	385.04	0.0608	464.6	8.362	16.75	9.31	1.71
	109.26	31.43	70.23	0.00	0.0619	10.68	469.7	384.92	0.0608	464.1	8.355	16.74	9.29	1.71
	110.29	31.49	70.25	-0.00	0.0619	10.67	469.5	384.65	0.0609	465.4	8.377	16.78	9.34	1.72
	111.28	31.51	70.25	-0.00	0.0619	10.67	469.3	384.53	0.0615	470.9	8.477	16.98	9.51	1.71
	112.27	31.49	70.25	0.00	0.0619	10.67	469.5	384.66	0.0614	469.6	8.453	16.93	9.47	1.71
	113.26	31.51	70.30	0.00	0.0618	10.66	468.9	383.96	0.0608	465.3	8.375	16.76	9.33	1.71
	114.27	31.47	70.30	0.00	0.0619	10.68	469.7	384.58	0.0610	464.8	8.366	16.74	9.32	1.71
	115.28	31.45	70.25	-0.00	0.0619	10.67	469.5	384.64	0.0610	465.7	8.383	16.79	9.34	1.71
	116.27	31.37	70.26	0.00	0.0619	10.68	469.9	384.86	0.0609	465.1	8.371	16.76	9.32	1.72
	117.28	31.39	70.28	-0.00	0.0618	10.66	469.3	384.22	0.0609	466.0	8.388	16.79	9.35	1.72
	118.28	31.41	70.25	-0.00	0.0619	10.67	469.5	384.58	0.0609	465.2	8.373	16.77	9.32	1.72
	119.29	31.45	70.26	-0.00	0.0618	10.66	468.9	384.16	0.0607	463.5	8.343	16.71	9.27	1.72
	120.35	31.45	70.30	-0.00	0.0617	10.64	468.0	383.13	0.0606	462.1	8.318	16.65	9.23	1.72
	121.29	31.49	70.25	-0.00	0.0617	10.64	468.0	383.50	0.0606	462.2	8.320	16.66	9.23	1.72
	122.27	31.51	70.28	0.00	0.0619	10.66	469.0	384.14	0.0609	464.9	8.368	16.76	9.32	1.72
