Jul 25 2015 at 9:19:26
Frequency: 1.00Hz.
CO2
Zero:  Value:0.95  Date:18 Mar 2005	 at 07:22:33	
Span:  Value:1.00  Date:18 Mar 2005	 at 07:25:09	
H2O
Zero:  Value:0.71  Date:18 Mar 2005	 at 07:52:31	
Span:  Value:0.99  Date:18 Mar 2005	 at 11:44:01	
	Relative Time	Temperature	Pressure	Aux Input	CO2 Absorptance	CO2 mmol/m3	CO2 mg/m3	CO2 umol/mol	H2O Absorptance	H2O mmol/m3	H2O g/m3	H2O mmol/mol	H2O(°C)	Cooler Voltage
	0.84	13.93	67.81	0.00	0.0629	11.01	484.6	387.72	0.0534	393.6	7.085	13.86	6.01	1.48
	1.84	13.90	67.78	0.00	0.0628	10.99	483.7	387.07	0.0532	391.7	7.050	13.79	5.94	1.48
	2.85	13.93	67.83	-0.00	0.0629	11.00	484.1	387.09	0.0539	396.9	7.145	13.97	6.13	1.48
	3.84	13.93	67.86	0.00	0.0628	10.97	482.6	385.79	0.0539	396.5	7.137	13.95	6.12	1.48
	4.85	13.92	67.81	0.00	0.0627	10.95	482.0	385.55	0.0536	394.2	7.095	13.87	6.03	1.48
	5.83	13.93	67.81	0.00	0.0627	10.97	482.8	386.19	0.0537	395.7	7.123	13.93	6.09	1.48
	6.93	13.93	67.81	-0.00	0.0624	10.91	480.0	384.03	0.0532	391.5	7.047	13.78	5.93	1.48
	7.83	13.93	67.79	0.00	0.0625	10.93	481.0	384.94	0.0536	394.2	7.096	13.88	6.03	1.48
	8.85	13.95	67.81	0.00	0.0627	10.94	481.2	384.99	0.0536	393.3	7.080	13.85	6.00	1.48
	9.84	13.93	67.80	-0.00	0.0624	10.91	479.8	383.89	0.0537	394.7	7.104	13.89	6.05	1.48
	10.84	13.93	67.79	0.00	0.0625	10.92	480.7	384.66	0.0538	397.2	7.149	13.98	6.14	1.48
	11.86	13.95	67.81	0.00	0.0624	10.90	479.7	383.78	0.0539	396.6	7.138	13.96	6.12	1.48
	12.87	13.95	67.81	-0.00	0.0623	10.85	477.5	382.02	0.0543	399.8	7.196	14.07	6.24	1.48
	13.85	13.93	67.83	0.00	0.0623	10.86	478.0	382.27	0.0544	402.6	7.246	14.16	6.34	1.48
	14.87	13.93	67.78	-0.00	0.0624	10.90	479.4	383.67	0.0544	403.4	7.261	14.21	6.37	1.48
	15.85	13.95	67.78	0.00	0.0622	10.87	478.3	382.77	0.0547	405.0	7.291	14.26	6.43	1.48
	16.85	13.96	67.81	0.00	0.0622	10.87	478.2	382.58	0.0549	405.7	7.302	14.28	6.45	1.48
	17.85	13.96	67.81	0.00	0.0621	10.83	476.5	381.21	0.0551	409.4	7.369	14.41	6.58	1.48
	18.86	13.96	67.79	-0.00	0.0621	10.81	475.8	380.79	0.0556	414.2	7.455	14.58	6.75	1.48
	19.84	13.98	67.81	-0.00	0.0620	10.81	475.8	380.72	0.0565	425.7	7.663	14.99	7.15	1.48
	20.86	13.98	67.81	0.00	0.0620	10.80	475.2	380.20	0.0566	426.6	7.679	15.02	7.18	1.48
	21.84	13.98	67.79	0.00	0.0619	10.78	474.2	379.53	0.0566	426.6	7.679	15.02	7.18	1.48
	22.87	13.96	67.81	-0.00	0.0622	10.85	477.4	381.96	0.0564	423.0	7.614	14.89	7.06	1.48
	23.84	13.98	67.81	0.00	0.0623	10.86	477.7	382.22	0.0565	424.0	7.633	14.93	7.09	1.48
	24.85	13.98	67.81	-0.00	0.0622	10.85	477.3	381.91	0.0566	425.5	7.659	14.98	7.14	1.48
	25.85	13.99	67.81	-0.00	0.0622	10.84	477.0	381.69	0.0564	424.3	7.638	14.94	7.11	1.48
	26.83	13.98	67.81	0.00	0.0622	10.85	477.2	381.85	0.0563	422.6	7.607	14.88	7.05	1.48
	27.85	13.99	67.78	-0.00	0.0622	10.86	477.8	382.42	0.0570	428.9	7.720	15.11	7.26	1.48
	28.86	13.99	67.81	-0.00	0.0622	10.86	477.7	382.21	0.0572	431.8	7.772	15.20	7.36	1.48
	29.86	14.01	67.78	-0.00	0.0622	10.86	478.0	382.62	0.0578	435.9	7.846	15.35	7.50	1.48
	30.86	14.01	67.81	-0.00	0.0622	10.87	478.1	382.57	0.0579	440.5	7.929	15.51	7.65	1.48
	31.86	13.99	67.80	-0.00	0.0624	10.89	479.1	383.38	0.0583	442.6	7.966	15.58	7.72	1.48
	32.85	13.98	67.81	0.00	0.0624	10.88	478.9	383.14	0.0587	448.0	8.064	15.77	7.90	1.48
	33.85	14.01	67.78	-0.00	0.0623	10.88	478.6	383.14	0.0587	447.8	8.060	15.77	7.89	1.48
	34.91	13.99	67.81	0.00	0.0624	10.87	478.2	382.62	0.0586	447.2	8.049	15.74	7.87	1.48
	35.83	14.03	67.81	0.00	0.0625	10.91	480.2	384.26	0.0583	445.4	8.017	15.68	7.81	1.48
	36.85	13.99	67.79	0.00	0.0624	10.91	479.9	384.11	0.0584	444.7	8.005	15.66	7.79	1.48
	37.83	14.01	67.81	0.00	0.0625	10.91	480.0	384.14	0.0587	448.1	8.066	15.78	7.90	1.48
	38.84	14.01	67.78	0.00	0.0622	10.86	477.7	382.40	0.0587	448.1	8.066	15.78	7.90	1.48
	39.86	14.01	67.81	-0.00	0.0625	10.90	479.7	383.88	0.0586	449.4	8.089	15.82	7.95	1.48
	40.87	14.04	67.81	-0.00	0.0625	10.91	480.1	384.19	0.0592	451.7	8.131	15.91	8.02	1.48
	41.86	14.04	67.81	-0.00	0.0623	10.86	478.1	382.58	0.0590	451.1	8.121	15.89	8.00	1.48
	42.84	14.03	67.79	0.00	0.0624	10.90	479.6	383.94	0.0589	451.9	8.135	15.92	8.03	1.48
	43.93	14.03	67.81	-0.00	0.0622	10.88	478.6	383.04	0.0590	446.6	8.039	15.73	7.86	1.48
	44.84	14.04	67.81	-0.00	0.0623	10.87	478.5	382.95	0.0592	454.6	8.183	16.01	8.12	1.48
	45.87	14.04	67.79	-0.00	0.0621	10.84	476.8	381.74	0.0599	462.0	8.316	16.27	8.36	1.48
	46.83	14.03	67.81	0.00	0.0622	10.84	476.8	381.60	0.0596	457.8	8.240	16.12	8.22	1.48
	47.85	14.06	67.81	0.00	0.0622	10.84	477.1	381.89	0.0594	456.7	8.221	16.08	8.19	1.48
	48.84	14.06	67.81	0.00	0.0623	10.88	478.6	383.06	0.0596	458.2	8.248	16.14	8.23	1.48
	49.84	14.06	67.81	0.00	0.0622	10.86	477.7	382.32	0.0595	456.9	8.224	16.09	8.19	1.48
	50.86	14.06	67.79	-0.00	0.0621	10.83	476.7	381.66	0.0596	458.8	8.259	16.16	8.25	1.48
	51.87	14.06	67.78	-0.00	0.0622	10.85	477.6	382.38	0.0597	459.5	8.271	16.19	8.28	1.48
	52.85	14.06	67.81	0.00	0.0623	10.88	478.6	383.06	0.0599	461.8	8.313	16.26	8.35	1.48
	53.87	14.06	67.81	-0.00	0.0623	10.86	477.9	382.50	0.0600	461.6	8.310	16.26	8.34	1.48
	54.85	14.09	67.78	0.00	0.0623	10.87	478.2	382.93	0.0601	462.8	8.331	16.31	8.38	1.48
	55.86	14.09	67.81	-0.00	0.0623	10.89	479.0	383.43	0.0599	462.9	8.332	16.30	8.39	1.48
	56.85	14.09	67.81	0.00	0.0622	10.85	477.4	382.15	0.0601	463.2	8.337	16.31	8.39	1.48
	57.92	14.07	67.81	0.00	0.0623	10.88	478.8	383.23	0.0599	463.1	8.336	16.31	8.39	1.48
	58.84	14.11	67.81	0.00	0.0623	10.87	478.1	382.73	0.0604	465.8	8.385	16.41	8.48	1.48
	59.84	14.09	67.81	-0.00	0.0622	10.86	477.7	382.40	0.0607	469.1	8.444	16.52	8.58	1.48
	60.84	14.08	67.81	0.00	0.0622	10.85	477.4	382.14	0.0606	468.4	8.431	16.50	8.56	1.48
	61.92	14.08	67.81	0.00	0.0621	10.84	477.0	381.80	0.0607	470.6	8.471	16.57	8.63	1.48
	62.84	14.09	67.81	0.00	0.0621	10.82	476.2	381.19	0.0608	470.5	8.470	16.57	8.63	1.48
	63.84	14.11	67.81	0.00	0.0620	10.84	476.9	381.75	0.0612	473.1	8.516	16.66	8.71	1.48
	64.85	14.11	67.81	-0.00	0.0619	10.78	474.1	379.53	0.0615	479.5	8.631	16.89	8.91	1.48
	65.86	14.09	67.81	-0.00	0.0619	10.76	473.6	379.13	0.0613	478.3	8.609	16.85	8.87	1.48
	66.86	14.12	67.76	-0.00	0.0620	10.80	475.4	380.84	0.0613	477.9	8.601	16.84	8.86	1.48
	67.86	14.11	67.81	-0.00	0.0620	10.80	475.1	380.29	0.0613	478.0	8.604	16.84	8.86	1.48
	68.86	14.12	67.79	0.00	0.0618	10.77	473.9	379.49	0.0613	476.1	8.570	16.78	8.80	1.48
	69.84	14.12	67.78	0.00	0.0618	10.77	473.7	379.33	0.0617	481.2	8.661	16.95	8.96	1.48
	70.87	14.14	67.78	-0.00	0.0619	10.76	473.5	379.23	0.0617	481.3	8.663	16.96	8.96	1.48
	71.85	14.12	67.78	0.00	0.0618	10.74	472.5	378.35	0.0619	485.6	8.741	17.11	9.10	1.48
	72.84	14.14	67.81	0.00	0.0616	10.74	472.4	378.20	0.0615	478.6	8.614	16.86	8.88	1.48
	73.85	14.15	67.80	-0.00	0.0616	10.72	471.7	377.64	0.0615	478.8	8.619	16.87	8.89	1.48
	74.83	14.14	67.81	0.00	0.0614	10.69	470.5	376.69	0.0616	480.2	8.643	16.91	8.93	1.48
	75.85	14.14	67.81	-0.00	0.0615	10.71	471.3	377.34	0.0619	480.8	8.654	16.94	8.95	1.48
	76.83	14.16	67.81	0.00	0.0613	10.66	469.0	375.48	0.0620	486.3	8.754	17.13	9.12	1.48
	77.86	14.16	67.78	0.00	0.0614	10.67	469.5	376.01	0.0623	486.5	8.757	17.14	9.12	1.48
	78.84	14.16	67.78	0.00	0.0613	10.64	468.3	375.06	0.0621	487.2	8.769	17.17	9.15	1.48
	79.84	14.14	67.81	-0.00	0.0618	10.77	473.7	379.25	0.0618	483.0	8.694	17.01	9.02	1.48
	80.86	14.16	67.83	-0.00	0.0617	10.75	472.9	378.47	0.0620	483.9	8.710	17.04	9.05	1.48
	81.84	14.16	67.76	-0.00	0.0614	10.70	470.9	377.30	0.0624	486.9	8.764	17.16	9.14	1.48
	82.85	14.16	67.81	-0.00	0.0612	10.64	468.1	374.80	0.0623	489.3	8.808	17.24	9.21	1.48
	83.83	14.16	67.81	0.00	0.0611	10.61	466.6	373.61	0.0625	489.7	8.815	17.25	9.22	1.48
	84.86	14.17	67.81	-0.00	0.0611	10.61	466.9	373.83	0.0628	493.6	8.884	17.39	9.34	1.48
	85.86	14.16	67.79	-0.00	0.0611	10.61	466.7	373.75	0.0624	489.4	8.808	17.24	9.21	1.48
	86.85	14.19	67.81	-0.00	0.0613	10.66	469.1	375.64	0.0620	485.2	8.733	17.09	9.09	1.48
	87.84	14.19	67.81	0.00	0.0615	10.67	469.5	375.94	0.0617	483.0	8.694	17.02	9.02	1.48
	88.84	14.19	67.81	0.00	0.0608	10.56	464.7	372.06	0.0631	494.6	8.904	17.43	9.37	1.48
	89.84	14.19	67.83	0.00	0.0607	10.49	461.4	369.31	0.0634	502.1	9.038	17.68	9.60	1.48
	90.86	14.19	67.81	-0.00	0.0606	10.50	461.8	369.77	0.0634	500.8	9.015	17.65	9.56	1.48
	91.85	14.17	67.81	-0.00	0.0608	10.53	463.2	370.90	0.0631	497.2	8.949	17.52	9.45	1.48
	92.85	14.17	67.81	0.00	0.0610	10.60	466.5	373.51	0.0627	490.8	8.834	17.29	9.26	1.48
	93.85	14.20	67.81	0.00	0.0610	10.58	465.5	372.78	0.0630	495.5	8.919	17.46	9.40	1.48
	94.85	14.20	67.81	0.00	0.0610	10.59	466.0	373.18	0.0628	494.8	8.906	17.43	9.38	1.48
	95.86	14.20	67.81	-0.00	0.0607	10.52	462.9	370.69	0.0634	500.7	9.012	17.64	9.55	1.48
	96.85	14.20	67.81	0.00	0.0613	10.64	468.0	374.75	0.0631	497.8	8.961	17.54	9.47	1.48
	97.84	14.20	67.80	0.00	0.0609	10.55	464.2	371.75	0.0632	498.1	8.966	17.55	9.48	1.48
	98.84	14.19	67.81	0.00	0.0611	10.58	465.5	372.76	0.0632	497.8	8.961	17.54	9.47	1.48
	99.92	14.20	67.78	-0.00	0.0608	10.56	464.8	372.31	0.0633	498.9	8.981	17.59	9.50	1.48
	100.84	14.20	67.81	0.00	0.0610	10.57	465.2	372.54	0.0631	497.2	8.950	17.52	9.45	1.48
	101.84	14.24	67.81	0.00	0.0610	10.56	464.8	372.25	0.0631	497.8	8.960	17.54	9.47	1.48
	102.84	14.22	67.78	-0.00	0.0609	10.56	464.8	372.31	0.0634	499.6	8.994	17.61	9.52	1.48
	103.91	14.24	67.81	0.00	0.0609	10.57	465.2	372.51	0.0634	500.2	9.004	17.63	9.54	1.48
	104.85	14.25	67.81	-0.00	0.0610	10.57	465.0	372.44	0.0632	497.9	8.962	17.55	9.47	1.48
	105.85	14.22	67.79	-0.00	0.0609	10.58	465.5	372.85	0.0633	499.5	8.991	17.61	9.52	1.48
	106.85	14.22	67.86	0.00	0.0609	10.55	464.3	371.56	0.0634	501.8	9.032	17.67	9.59	1.48
	107.84	14.25	67.81	0.00	0.0609	10.58	465.6	372.88	0.0636	499.2	8.986	17.59	9.51	1.48
	108.84	14.25	67.81	0.00	0.0607	10.51	462.4	370.29	0.0639	506.3	9.113	17.84	9.72	1.48
	109.86	14.24	67.81	0.00	0.0608	10.53	463.2	370.93	0.0639	507.1	9.129	17.87	9.75	1.48
	110.86	14.27	67.83	-0.00	0.0607	10.51	462.6	370.35	0.0639	505.9	9.106	17.82	9.71	1.48
	111.85	14.24	67.78	-0.00	0.0606	10.50	462.1	370.20	0.0642	510.5	9.189	17.99	9.84	1.48
	112.85	14.25	67.78	-0.00	0.0606	10.51	462.5	370.57	0.0642	510.4	9.188	17.99	9.84	1.48
	113.93	14.25	67.81	-0.00	0.0605	10.44	459.2	367.79	0.0646	515.7	9.283	18.17	10.00	1.48
	114.93	14.27	67.78	-0.00	0.0607	10.50	462.1	370.23	0.0640	508.7	9.156	17.93	9.79	1.48
	115.85	14.27	67.81	0.00	0.0607	10.54	463.8	371.49	0.0642	508.0	9.144	17.90	9.77	1.48
	116.84	14.32	67.79	0.00	0.0602	10.44	459.3	368.07	0.0649	513.4	9.242	18.10	9.93	1.48
	117.83	14.32	67.81	0.00	0.0604	10.44	459.2	367.82	0.0647	515.7	9.283	18.18	10.00	1.48
	118.84	14.30	67.81	0.00	0.0605	10.50	462.2	370.19	0.0647	513.6	9.245	18.10	9.94	1.48
	119.84	14.30	67.81	0.00	0.0604	10.45	459.7	368.23	0.0648	516.2	9.292	18.20	10.02	1.48
	120.87	14.32	67.81	-0.00	0.0603	10.41	458.2	367.07	0.0649	517.6	9.317	18.24	10.06	1.48
	121.85	14.33	67.78	-0.00	0.0604	10.46	460.4	368.97	0.0648	517.3	9.311	18.24	10.05	1.48
	122.84	14.32	67.81	0.00	0.0604	10.44	459.3	367.98	0.0648	516.9	9.305	18.22	10.04	1.48
	123.93	14.29	67.83	0.00	0.0604	10.43	459.0	367.49	0.0647	516.9	9.305	18.21	10.03	1.48
	124.83	14.32	67.81	0.00	0.0607	10.50	462.0	370.12	0.0647	515.9	9.286	18.18	10.01	1.48
