Jul 25 2015 at 10:52:45
Frequency: 1.00Hz.
CO2
Zero:  Value:0.95  Date:18 Mar 2005	 at 07:22:33	
Span:  Value:1.00  Date:18 Mar 2005	 at 07:25:09	
H2O
Zero:  Value:0.71  Date:18 Mar 2005	 at 07:52:31	
Span:  Value:0.99  Date:18 Mar 2005	 at 11:44:01	
	Relative Time	Temperature	Pressure	Aux Input	CO2 Absorptance	CO2 mmol/m3	CO2 mg/m3	CO2 umol/mol	H2O Absorptance	H2O mmol/m3	H2O g/m3	H2O mmol/mol	H2O(°C)	Cooler Voltage
	0.45	22.12	67.81	-0.00	0.0604	10.45	459.6	378.16	0.0642	509.5	9.170	18.44	10.22	1.61
	1.47	22.12	67.81	-0.00	0.0605	10.45	459.9	378.43	0.0642	510.0	9.180	18.46	10.23	1.61
	2.45	22.14	67.81	0.00	0.0604	10.45	459.8	378.33	0.0642	510.4	9.188	18.48	10.25	1.61
	3.43	22.13	67.81	0.00	0.0604	10.44	459.5	378.12	0.0639	507.2	9.130	18.36	10.15	1.61
	4.46	22.13	67.81	0.00	0.0604	10.44	459.5	378.10	0.0637	504.8	9.087	18.28	10.08	1.61
	5.46	22.13	67.81	0.00	0.0604	10.45	459.8	378.35	0.0638	504.5	9.081	18.27	10.07	1.61
	6.46	22.13	67.81	0.00	0.0603	10.44	459.3	377.93	0.0636	503.2	9.058	18.22	10.03	1.61
	7.46	22.13	67.81	0.00	0.0603	10.44	459.2	377.82	0.0636	503.5	9.063	18.23	10.04	1.61
	8.46	22.17	67.83	0.00	0.0602	10.41	458.1	376.86	0.0638	504.2	9.076	18.25	10.07	1.61
	9.45	22.13	67.81	0.00	0.0602	10.39	457.1	376.09	0.0642	509.3	9.167	18.44	10.21	1.61
	10.45	22.13	67.78	0.00	0.0602	10.41	458.2	377.13	0.0644	512.1	9.217	18.55	10.30	1.61
	11.53	22.13	67.83	0.00	0.0603	10.42	458.7	377.31	0.0645	512.6	9.227	18.55	10.31	1.61
	12.46	22.12	67.81	-0.00	0.0603	10.42	458.5	377.28	0.0644	511.3	9.203	18.51	10.27	1.61
	13.45	22.12	67.81	0.00	0.0602	10.41	458.2	377.04	0.0643	511.0	9.197	18.50	10.26	1.61
	14.45	22.13	67.81	0.00	0.0604	10.42	458.7	377.41	0.0643	510.6	9.191	18.49	10.25	1.61
	15.46	22.13	67.81	0.00	0.0604	10.45	459.7	378.28	0.0641	508.5	9.153	18.41	10.19	1.61
	16.46	22.14	67.81	-0.00	0.0604	10.45	459.9	378.39	0.0641	508.6	9.155	18.41	10.20	1.61
	17.46	22.12	67.79	0.00	0.0604	10.43	459.1	377.86	0.0643	510.6	9.190	18.49	10.25	1.61
	18.53	22.12	67.81	-0.00	0.0601	10.41	457.9	376.74	0.0640	509.9	9.178	18.46	10.23	1.61
	19.47	22.13	67.78	-0.00	0.0602	10.40	457.5	376.59	0.0640	507.8	9.141	18.39	10.17	1.61
	20.45	22.13	67.81	0.00	0.0601	10.38	456.8	375.91	0.0638	505.5	9.099	18.30	10.10	1.61
	21.43	22.13	67.81	0.00	0.0602	10.39	457.2	376.25	0.0640	507.3	9.131	18.37	10.15	1.61
	22.46	22.17	67.81	-0.00	0.0603	10.42	458.4	377.25	0.0640	506.7	9.121	18.35	10.14	1.61
	23.46	22.17	67.81	0.00	0.0604	10.43	459.0	377.74	0.0639	506.3	9.113	18.33	10.13	1.61
	24.45	22.17	67.81	0.00	0.0604	10.45	459.6	378.27	0.0639	506.5	9.117	18.34	10.13	1.61
	25.54	22.17	67.81	-0.00	0.0604	10.44	459.3	378.00	0.0638	505.9	9.105	18.32	10.12	1.61
	26.44	22.19	67.81	0.00	0.0603	10.43	458.7	377.52	0.0637	504.7	9.084	18.28	10.08	1.61
	27.47	22.17	67.81	-0.00	0.0602	10.41	458.3	377.13	0.0637	504.3	9.077	18.26	10.07	1.61
	28.44	22.17	67.81	0.00	0.0603	10.41	458.0	376.88	0.0637	503.7	9.067	18.24	10.05	1.61
	29.44	22.17	67.78	0.00	0.0603	10.41	458.0	377.08	0.0637	503.4	9.061	18.24	10.04	1.61
	30.53	22.13	67.81	0.00	0.0603	10.41	458.2	377.07	0.0635	502.6	9.047	18.20	10.02	1.61
	31.45	22.17	67.83	0.00	0.0603	10.42	458.6	377.28	0.0635	502.1	9.039	18.18	10.00	1.61
	32.46	22.17	67.81	-0.00	0.0603	10.43	459.0	377.77	0.0634	501.5	9.027	18.16	9.99	1.61
	33.45	22.17	67.81	0.00	0.0604	10.44	459.3	378.01	0.0634	500.7	9.012	18.13	9.96	1.61
	34.46	22.17	67.83	0.00	0.0604	10.44	459.3	377.85	0.0633	499.8	8.997	18.09	9.94	1.62
	35.44	22.17	67.78	0.00	0.0604	10.44	459.2	378.06	0.0631	498.4	8.972	18.05	9.89	1.62
	36.44	22.17	67.81	0.00	0.0603	10.43	459.1	377.77	0.0631	496.9	8.944	17.99	9.85	1.61
	37.46	22.17	67.81	-0.00	0.0603	10.43	459.1	377.81	0.0629	496.6	8.939	17.98	9.84	1.62
	38.45	22.15	67.81	-0.00	0.0604	10.45	459.7	378.32	0.0629	494.5	8.901	17.91	9.78	1.61
	39.47	22.17	67.81	0.00	0.0605	10.47	460.7	379.13	0.0626	492.1	8.858	17.82	9.70	1.61
	40.47	22.19	67.81	-0.00	0.0605	10.48	461.2	379.61	0.0623	489.3	8.807	17.72	9.62	1.62
	41.54	22.17	67.81	-0.00	0.0606	10.49	461.6	379.91	0.0620	486.5	8.757	17.62	9.53	1.62
	42.46	22.17	67.81	-0.00	0.0607	10.51	462.4	380.53	0.0618	483.7	8.706	17.51	9.45	1.62
	43.45	22.19	67.78	0.00	0.0608	10.53	463.2	381.37	0.0617	481.9	8.673	17.46	9.39	1.62
	44.46	22.19	67.81	0.00	0.0607	10.51	462.6	380.72	0.0617	481.8	8.673	17.45	9.39	1.61
	45.46	22.18	67.75	-0.00	0.0606	10.50	462.0	380.49	0.0615	480.3	8.646	17.41	9.34	1.62
	46.52	22.19	67.81	0.00	0.0607	10.51	462.5	380.66	0.0615	478.7	8.616	17.33	9.29	1.62
	47.44	22.19	67.85	0.00	0.0607	10.51	462.7	380.51	0.0612	477.1	8.588	17.27	9.24	1.62
	48.45	22.18	67.81	0.00	0.0608	10.53	463.4	381.41	0.0610	475.0	8.549	17.20	9.18	1.62
	49.45	22.18	67.81	0.00	0.0609	10.56	464.6	382.36	0.0609	472.5	8.504	17.11	9.10	1.62
	50.48	22.22	67.81	-0.00	0.0610	10.58	465.3	383.00	0.0608	471.4	8.485	17.07	9.07	1.62
	51.47	22.20	67.81	0.00	0.0611	10.59	466.0	383.53	0.0607	470.0	8.461	17.02	9.02	1.62
	52.45	22.20	67.81	0.00	0.0611	10.60	466.3	383.76	0.0605	468.4	8.432	16.96	8.97	1.62
	53.46	22.22	67.81	0.00	0.0610	10.59	465.9	383.46	0.0605	468.5	8.432	16.97	8.97	1.62
	54.44	22.22	67.81	0.00	0.0610	10.58	465.6	383.25	0.0604	467.6	8.417	16.94	8.95	1.62
	55.46	22.22	67.81	-0.00	0.0611	10.59	466.1	383.66	0.0605	467.8	8.421	16.94	8.95	1.62
	56.46	22.22	67.81	-0.00	0.0611	10.59	466.1	383.62	0.0604	467.5	8.415	16.93	8.94	1.62
	57.53	22.22	67.81	-0.00	0.0610	10.58	465.6	383.24	0.0604	467.1	8.408	16.92	8.93	1.62
	58.45	22.22	67.78	-0.00	0.0609	10.57	465.0	382.86	0.0604	467.1	8.407	16.92	8.93	1.62
	59.45	22.22	67.83	0.00	0.0610	10.58	465.3	382.87	0.0602	465.6	8.380	16.85	8.88	1.62
	60.51	22.24	67.78	0.00	0.0611	10.61	466.8	384.36	0.0601	463.8	8.349	16.81	8.83	1.62
	61.45	22.22	67.81	0.00	0.0612	10.62	467.1	384.45	0.0602	464.4	8.359	16.82	8.85	1.62
	62.45	22.24	67.83	0.00	0.0611	10.61	466.8	384.10	0.0602	464.3	8.357	16.81	8.84	1.62
	63.46	22.22	67.81	-0.00	0.0611	10.60	466.6	384.04	0.0602	464.2	8.355	16.81	8.84	1.62
	64.46	22.20	67.81	0.00	0.0611	10.60	466.3	383.80	0.0602	465.1	8.371	16.84	8.87	1.62
	65.47	22.22	67.83	-0.00	0.0610	10.58	465.7	383.20	0.0602	465.6	8.381	16.86	8.88	1.62
	66.47	22.22	67.81	-0.00	0.0610	10.58	465.5	383.15	0.0602	465.1	8.371	16.84	8.87	1.62
	67.45	22.22	67.81	-0.00	0.0610	10.57	465.2	382.88	0.0602	465.0	8.370	16.84	8.87	1.62
	68.45	22.24	67.81	0.00	0.0610	10.57	465.2	382.91	0.0602	464.1	8.354	16.81	8.84	1.62
	69.47	22.24	67.81	-0.00	0.0610	10.58	465.3	383.04	0.0601	463.2	8.337	16.78	8.81	1.62
	70.45	22.22	67.78	0.00	0.0610	10.58	465.4	383.25	0.0600	462.9	8.333	16.77	8.80	1.62
	71.45	22.22	67.81	-0.00	0.0610	10.58	465.5	383.15	0.0599	462.0	8.317	16.73	8.77	1.62
	72.45	22.24	67.78	0.00	0.0610	10.58	465.6	383.39	0.0599	461.4	8.306	16.72	8.75	1.62
	73.46	22.24	67.83	-0.00	0.0611	10.59	466.1	383.58	0.0598	461.2	8.301	16.70	8.74	1.62
	74.46	22.24	67.81	0.00	0.0611	10.61	466.8	384.28	0.0599	460.9	8.296	16.69	8.73	1.62
	75.44	22.24	67.81	0.00	0.0612	10.62	467.5	384.81	0.0599	461.3	8.304	16.71	8.75	1.62
	76.47	22.25	67.81	-0.00	0.0612	10.63	467.8	385.08	0.0599	461.6	8.309	16.72	8.76	1.62
	77.47	22.25	67.81	0.00	0.0612	10.63	467.6	384.91	0.0598	461.7	8.310	16.72	8.76	1.62
	78.45	22.25	67.81	-0.00	0.0611	10.61	466.9	384.32	0.0598	461.0	8.298	16.70	8.74	1.62
	79.47	22.25	67.81	-0.00	0.0611	10.60	466.4	383.97	0.0599	461.2	8.301	16.70	8.74	1.62
	80.45	22.25	67.81	0.00	0.0611	10.61	466.7	384.15	0.0600	461.4	8.306	16.71	8.75	1.62
	81.45	22.27	67.81	0.00	0.0612	10.61	467.0	384.44	0.0601	463.2	8.338	16.78	8.81	1.62
	82.46	22.27	67.81	0.00	0.0612	10.62	467.3	384.71	0.0603	466.0	8.388	16.88	8.90	1.62
	83.44	22.27	67.78	0.00	0.0611	10.61	466.9	384.48	0.0606	468.5	8.434	16.98	8.98	1.62
	84.46	22.25	67.81	-0.00	0.0612	10.61	467.0	384.43	0.0610	472.4	8.503	17.11	9.10	1.62
	85.46	22.29	67.81	-0.00	0.0612	10.62	467.2	384.63	0.0612	475.8	8.564	17.24	9.21	1.63
	86.44	22.29	67.81	0.00	0.0612	10.62	467.3	384.77	0.0614	477.7	8.598	17.30	9.27	1.62
	87.45	22.29	67.81	0.00	0.0612	10.63	467.6	384.92	0.0615	479.0	8.622	17.35	9.31	1.63
	88.45	22.29	67.78	0.00	0.0612	10.63	467.7	385.24	0.0616	480.3	8.645	17.41	9.35	1.63
	89.47	22.33	67.81	-0.00	0.0612	10.63	467.6	385.01	0.0616	480.7	8.652	17.41	9.36	1.63
	90.47	22.30	67.83	-0.00	0.0612	10.62	467.4	384.66	0.0616	481.2	8.661	17.42	9.38	1.63
	91.45	22.29	67.81	0.00	0.0612	10.62	467.3	384.70	0.0617	481.6	8.668	17.44	9.39	1.63
	92.46	22.31	67.81	0.00	0.0612	10.62	467.3	384.75	0.0617	481.6	8.668	17.45	9.39	1.63
	93.44	22.29	67.81	0.00	0.0612	10.62	467.3	384.68	0.0618	482.2	8.680	17.47	9.41	1.63
	94.44	22.29	67.81	0.00	0.0612	10.61	467.0	384.50	0.0618	483.1	8.697	17.50	9.44	1.63
	95.44	22.31	67.81	0.00	0.0611	10.60	466.5	384.11	0.0618	482.8	8.691	17.49	9.43	1.63
	96.45	22.32	67.81	-0.00	0.0611	10.60	466.6	384.19	0.0618	482.7	8.689	17.49	9.43	1.63
	97.45	22.29	67.81	0.00	0.0610	10.60	466.3	383.93	0.0618	482.0	8.677	17.46	9.40	1.63
	98.45	22.29	67.81	0.00	0.0610	10.58	465.7	383.42	0.0617	481.7	8.670	17.45	9.39	1.63
	99.47	22.29	67.81	-0.00	0.0610	10.58	465.5	383.20	0.0619	483.0	8.693	17.49	9.43	1.63
	100.45	22.29	67.81	0.00	0.0611	10.59	466.1	383.73	0.0621	485.8	8.744	17.60	9.52	1.63
	101.46	22.27	67.81	-0.00	0.0611	10.60	466.5	384.03	0.0621	486.8	8.762	17.63	9.55	1.63
	102.46	22.30	67.83	0.00	0.0611	10.60	466.6	384.02	0.0621	486.2	8.752	17.61	9.53	1.63
	103.46	22.31	67.81	0.00	0.0611	10.60	466.5	384.09	0.0620	484.9	8.729	17.57	9.49	1.63
	104.44	22.31	67.81	0.00	0.0611	10.61	466.9	384.42	0.0620	485.3	8.736	17.58	9.50	1.63
	105.47	22.29	67.81	-0.00	0.0611	10.61	467.0	384.43	0.0620	484.9	8.728	17.56	9.49	1.63
	106.45	22.29	67.78	-0.00	0.0611	10.60	466.6	384.29	0.0621	485.6	8.741	17.60	9.51	1.63
	107.44	22.29	67.81	0.00	0.0611	10.60	466.4	383.96	0.0620	485.6	8.740	17.59	9.51	1.63
	108.45	22.29	67.78	0.00	0.0610	10.59	466.2	383.95	0.0620	485.3	8.735	17.59	9.50	1.63
	109.45	22.29	67.81	0.00	0.0610	10.59	465.8	383.48	0.0620	484.9	8.729	17.57	9.49	1.63
	110.45	22.29	67.81	0.00	0.0610	10.58	465.6	383.29	0.0620	485.5	8.739	17.59	9.51	1.63
	111.43	22.29	67.78	0.00	0.0610	10.58	465.6	383.46	0.0622	487.3	8.771	17.66	9.56	1.63
	112.46	22.33	67.83	0.00	0.0610	10.58	465.7	383.33	0.0624	489.6	8.813	17.73	9.64	1.63
	113.44	22.31	67.83	0.00	0.0611	10.59	466.1	383.60	0.0627	493.0	8.874	17.85	9.74	1.63
	114.46	22.32	67.81	0.00	0.0611	10.60	466.5	384.06	0.0629	495.2	8.914	17.94	9.81	1.63
	115.52	22.32	67.78	0.00	0.0611	10.61	466.7	384.43	0.0630	495.1	8.911	17.94	9.80	1.63
	116.45	22.34	67.81	0.00	0.0612	10.62	467.1	384.65	0.0630	496.1	8.930	17.98	9.83	1.64
	117.45	22.38	67.81	-0.00	0.0612	10.63	467.6	385.08	0.0631	497.7	8.958	18.03	9.88	1.64
	118.45	22.41	67.81	0.00	0.0612	10.61	466.9	384.53	0.0630	496.1	8.929	17.98	9.84	1.63
	119.53	22.42	67.81	-0.00	0.0612	10.63	467.6	385.17	0.0631	497.3	8.951	18.02	9.87	1.64
	120.46	22.45	67.81	-0.00	0.0612	10.63	467.6	385.19	0.0631	497.2	8.950	18.02	9.87	1.63
	121.46	22.41	67.81	-0.00	0.0612	10.62	467.5	385.04	0.0631	496.8	8.943	18.01	9.86	1.64
