Jul 25 2015 at 16:24:25
Frequency: 1.00Hz.
CO2
Zero:  Value:0.95  Date:18 Mar 2005	 at 07:22:33	
Span:  Value:1.00  Date:18 Mar 2005	 at 07:25:09	
H2O
Zero:  Value:0.71  Date:18 Mar 2005	 at 07:52:31	
Span:  Value:0.99  Date:18 Mar 2005	 at 11:44:01	
	Relative Time	Temperature	Pressure	Aux Input	CO2 Absorptance	CO2 mmol/m3	CO2 mg/m3	CO2 umol/mol	H2O Absorptance	H2O mmol/m3	H2O g/m3	H2O mmol/mol	H2O(°C)	Cooler Voltage
	0.39	33.10	67.70	0.00	0.0605	10.36	455.9	389.72	0.0731	677.7	12.198	25.49	15.13	1.66
	1.39	33.08	67.68	-0.00	0.0611	10.60	466.4	398.78	0.0747	633.8	11.408	23.84	14.09	1.66
	2.39	33.08	67.72	0.00	0.0609	10.59	466.0	398.18	0.0748	636.0	11.448	23.91	14.14	1.66
	3.38	33.06	67.68	0.00	0.0613	10.59	466.1	398.49	0.0728	621.1	11.180	23.36	13.78	1.66
	4.38	33.10	67.68	0.00	0.0612	10.64	468.4	400.47	0.0726	610.8	10.995	22.98	13.52	1.66
	5.38	33.07	67.70	-0.00	0.0620	10.81	475.8	406.66	0.0690	558.2	10.047	20.99	12.14	1.66
	6.38	33.11	67.68	0.00	0.0612	10.63	467.8	399.98	0.0728	614.7	11.064	23.12	13.62	1.66
	7.39	33.05	67.70	-0.00	0.0613	10.65	468.8	400.65	0.0720	603.5	10.862	22.69	13.33	1.66
	8.38	33.11	67.68	0.00	0.0617	10.73	472.2	403.76	0.0693	575.4	10.357	21.65	12.61	1.66
	9.39	33.06	67.68	-0.00	0.0617	10.74	472.6	404.01	0.0688	564.4	10.160	21.23	12.31	1.67
	10.39	33.08	67.68	0.00	0.0615	10.72	471.5	403.10	0.0689	567.9	10.223	21.37	12.41	1.66
	11.39	33.06	67.68	-0.00	0.0614	10.69	470.2	402.04	0.0697	579.5	10.432	21.80	12.72	1.66
	12.37	33.00	67.68	0.00	0.0613	10.65	468.8	400.73	0.0700	580.6	10.451	21.84	12.74	1.66
	13.37	33.04	67.68	0.00	0.0612	10.64	467.9	400.05	0.0712	590.6	10.631	22.22	13.00	1.66
	14.46	33.01	67.70	0.00	0.0613	10.65	468.4	400.25	0.0704	585.9	10.546	22.03	12.88	1.66
	15.38	33.02	67.68	0.00	0.0614	10.67	469.3	401.19	0.0702	579.4	10.429	21.79	12.71	1.67
	16.38	33.04	67.70	0.00	0.0617	10.71	471.4	402.90	0.0704	581.6	10.470	21.87	12.77	1.66
	17.39	33.07	67.70	-0.00	0.0617	10.76	473.5	404.70	0.0719	614.8	11.066	23.12	13.62	1.66
	18.39	33.08	67.68	-0.00	0.0620	10.80	475.2	406.31	0.0722	605.9	10.906	22.79	13.40	1.66
	19.38	33.11	67.65	0.00	0.0620	10.80	475.1	406.44	0.0728	608.8	10.958	22.91	13.47	1.66
	20.37	33.04	67.65	0.00	0.0617	10.75	473.2	404.69	0.0706	596.6	10.738	22.45	13.16	1.66
	21.39	33.08	67.70	-0.00	0.0618	10.77	473.8	404.92	0.0722	608.5	10.953	22.88	13.46	1.66
	22.40	33.08	67.70	-0.00	0.0618	10.77	473.7	404.88	0.0734	621.5	11.188	23.37	13.79	1.66
	23.40	33.07	67.70	-0.00	0.0617	10.75	473.0	404.23	0.0723	611.1	10.999	22.98	13.53	1.66
	24.38	33.05	67.70	0.00	0.0617	10.74	472.5	403.79	0.0714	593.9	10.690	22.33	13.09	1.66
	25.38	33.11	67.70	-0.00	0.0617	10.75	473.1	404.38	0.0739	627.3	11.291	23.59	13.93	1.66
	26.38	33.09	67.68	0.00	0.0617	10.75	473.2	404.62	0.0739	635.2	11.433	23.90	14.12	1.66
	27.38	33.09	67.70	0.00	0.0618	10.76	473.4	404.62	0.0748	638.0	11.483	23.99	14.19	1.67
	28.44	33.09	67.70	0.00	0.0618	10.76	473.5	404.73	0.0767	641.5	11.548	24.13	14.28	1.66
	29.39	33.07	67.65	-0.00	0.0618	10.76	473.6	405.07	0.0748	636.5	11.457	23.95	14.15	1.66
	30.39	33.04	67.68	0.00	0.0618	10.76	473.4	404.69	0.0763	657.3	11.832	24.73	14.65	1.66
	31.39	33.11	67.70	-0.00	0.0617	10.73	471.9	403.41	0.0767	662.3	11.921	24.91	14.77	1.66
	32.45	33.08	67.68	0.00	0.0617	10.75	472.9	404.35	0.0752	644.0	11.591	24.23	14.34	1.67
	33.38	33.10	67.71	0.00	0.0618	10.76	473.5	404.71	0.0751	637.0	11.466	23.95	14.17	1.67
	34.38	33.08	67.68	0.00	0.0617	10.74	472.6	404.09	0.0761	651.9	11.734	24.52	14.52	1.66
	35.38	33.10	67.68	0.00	0.0616	10.73	472.2	403.75	0.0766	661.3	11.903	24.88	14.75	1.66
	36.40	33.11	67.70	-0.00	0.0615	10.71	471.1	402.68	0.0767	662.3	11.922	24.91	14.77	1.66
	37.39	33.11	67.70	-0.00	0.0616	10.70	470.9	402.53	0.0773	665.3	11.976	25.03	14.84	1.66
	38.39	33.08	67.70	-0.00	0.0616	10.71	471.0	402.60	0.0772	670.4	12.067	25.21	14.96	1.67
	39.39	33.07	67.70	-0.00	0.0615	10.70	470.7	402.33	0.0779	684.3	12.317	25.73	15.28	1.66
	40.39	33.08	67.75	-0.00	0.0616	10.72	471.9	403.01	0.0776	671.6	12.090	25.24	14.99	1.66
	41.37	33.06	67.65	0.00	0.0616	10.72	471.8	403.51	0.0759	659.5	11.871	24.82	14.70	1.66
	42.37	33.09	67.70	0.00	0.0615	10.69	470.5	402.17	0.0763	660.2	11.884	24.83	14.72	1.66
	43.38	33.06	67.67	0.00	0.0616	10.71	471.2	402.86	0.0774	665.1	11.972	25.02	14.84	1.66
	44.38	33.05	67.70	0.00	0.0615	10.70	470.7	402.27	0.0777	676.7	12.181	25.45	15.10	1.66
	45.38	33.13	67.70	0.00	0.0615	10.71	471.2	402.80	0.0783	674.5	12.142	25.37	15.06	1.66
	46.38	33.07	67.70	0.00	0.0614	10.68	470.1	401.76	0.0803	691.9	12.455	26.02	15.45	1.66
	47.38	33.05	67.68	0.00	0.0615	10.70	470.7	402.42	0.0795	705.3	12.695	26.53	15.75	1.66
	48.38	33.06	67.70	-0.00	0.0614	10.68	470.0	401.73	0.0794	700.0	12.600	26.32	15.63	1.66
	49.39	33.10	67.68	-0.00	0.0615	10.69	470.4	402.21	0.0796	698.2	12.567	26.27	15.59	1.67
	50.39	33.06	67.70	-0.00	0.0615	10.69	470.5	402.12	0.0805	718.8	12.939	27.03	16.05	1.67
	51.40	33.07	67.70	-0.00	0.0615	10.71	471.2	402.73	0.0794	700.0	12.599	26.32	15.63	1.66
	52.38	33.02	67.68	-0.00	0.0616	10.72	471.7	403.20	0.0796	699.8	12.596	26.32	15.62	1.66
	53.38	33.04	67.68	-0.00	0.0615	10.70	470.9	402.62	0.0813	717.4	12.913	26.99	16.01	1.66
	54.37	33.02	67.68	0.00	0.0615	10.71	471.0	402.67	0.0805	716.9	12.905	26.97	16.00	1.66
	55.40	33.04	67.70	0.00	0.0614	10.68	470.1	401.67	0.0802	719.5	12.951	27.05	16.06	1.67
	56.40	32.97	67.70	0.00	0.0614	10.68	470.0	401.59	0.0793	688.4	12.392	25.88	15.37	1.67
	57.38	32.95	67.68	0.00	0.0614	10.68	470.0	401.70	0.0803	700.2	12.604	26.33	15.63	1.66
	58.47	32.98	67.68	-0.00	0.0614	10.70	470.7	402.30	0.0822	735.6	13.241	27.66	16.40	1.66
	59.37	32.98	67.70	0.00	0.0615	10.68	470.0	401.58	0.0832	747.5	13.456	28.10	16.66	1.66
	60.39	33.00	67.68	0.00	0.0615	10.69	470.4	402.02	0.0839	756.4	13.616	28.45	16.84	1.66
	61.37	33.00	67.68	0.00	0.0614	10.68	469.9	401.67	0.0837	755.8	13.604	28.42	16.83	1.67
	62.38	33.02	67.67	0.00	0.0615	10.68	469.9	401.73	0.0821	740.3	13.325	27.85	16.50	1.67
	63.38	33.02	67.68	0.00	0.0614	10.68	470.0	401.81	0.0809	719.5	12.951	27.06	16.06	1.66
	64.40	33.07	67.70	-0.00	0.0614	10.67	469.7	401.43	0.0816	731.1	13.160	27.49	16.31	1.67
	65.46	33.07	67.72	-0.00	0.0614	10.68	469.8	401.35	0.0841	755.9	13.607	28.42	16.84	1.67
	66.36	33.07	67.68	0.00	0.0615	10.70	470.9	402.60	0.0830	753.1	13.557	28.33	16.78	1.67
	67.38	33.07	67.70	0.00	0.0615	10.70	471.0	402.57	0.0838	754.7	13.584	28.38	16.81	1.67
	68.38	33.04	67.72	0.00	0.0615	10.70	470.8	402.22	0.0854	775.8	13.964	29.16	17.24	1.67
	69.37	33.09	67.70	0.00	0.0614	10.67	469.6	401.36	0.0840	770.6	13.871	28.98	17.14	1.67
	70.39	33.06	67.70	0.00	0.0615	10.69	470.2	401.86	0.0833	755.3	13.596	28.40	16.82	1.67
	71.40	33.07	67.70	-0.00	0.0615	10.68	469.9	401.60	0.0828	755.4	13.596	28.41	16.82	1.67
	72.39	33.07	67.70	0.00	0.0615	10.69	470.4	402.08	0.0824	735.5	13.239	27.66	16.41	1.67
	73.40	33.04	67.70	-0.00	0.0612	10.63	467.8	399.77	0.0856	782.7	14.089	29.43	17.38	1.67
	74.40	33.03	67.70	-0.00	0.0612	10.62	467.3	399.39	0.0858	786.6	14.158	29.58	17.46	1.67
	75.40	33.08	67.70	-0.00	0.0612	10.64	468.0	400.04	0.0847	776.6	13.979	29.21	17.26	1.67
	76.39	33.02	67.70	-0.00	0.0613	10.65	468.6	400.41	0.0854	780.2	14.043	29.33	17.33	1.66
	77.39	33.04	67.65	0.00	0.0612	10.62	467.1	399.50	0.0863	796.5	14.338	29.97	17.66	1.67
	78.38	33.04	67.68	0.00	0.0612	10.63	467.8	399.95	0.0859	795.2	14.314	29.91	17.64	1.67
	79.41	33.02	67.68	-0.00	0.0613	10.64	468.1	400.13	0.0853	782.6	14.087	29.43	17.38	1.67
	80.37	33.00	67.70	0.00	0.0613	10.64	468.1	399.98	0.0836	773.6	13.924	29.08	17.20	1.67
	81.37	33.00	67.68	0.00	0.0612	10.63	467.5	399.66	0.0853	774.4	13.938	29.12	17.21	1.67
	82.46	33.00	67.70	0.00	0.0611	10.61	466.9	398.99	0.0853	783.3	14.100	29.45	17.40	1.67
	83.44	33.00	67.70	0.00	0.0611	10.60	466.4	398.50	0.0868	797.8	14.360	29.99	17.69	1.67
	84.37	32.98	67.68	0.00	0.0610	10.59	466.0	398.32	0.0857	787.8	14.181	29.63	17.49	1.67
	85.36	33.00	67.70	0.00	0.0610	10.58	465.5	397.77	0.0863	799.8	14.397	30.07	17.73	1.67
	86.47	33.01	67.67	-0.00	0.0612	10.62	467.4	399.58	0.0838	757.9	13.641	28.51	16.87	1.67
	87.39	32.98	67.70	-0.00	0.0612	10.63	467.8	399.73	0.0843	768.5	13.833	28.89	17.09	1.67
	88.39	32.95	67.68	-0.00	0.0611	10.60	466.3	398.49	0.0838	759.3	13.667	28.55	16.90	1.67
	89.39	33.00	67.68	0.00	0.0611	10.61	466.7	398.92	0.0843	768.7	13.837	28.91	17.10	1.67
	90.45	33.02	67.68	0.00	0.0611	10.60	466.5	398.74	0.0851	774.6	13.944	29.14	17.22	1.67
	91.37	33.04	67.70	0.00	0.0611	10.60	466.5	398.70	0.0838	757.4	13.633	28.48	16.87	1.67
	92.38	33.02	67.68	0.00	0.0610	10.59	465.8	398.18	0.0864	779.7	14.035	29.33	17.32	1.67
	93.38	33.02	67.68	-0.00	0.0610	10.60	466.3	398.57	0.0891	837.6	15.077	31.50	18.46	1.67
	94.36	33.04	67.68	0.00	0.0610	10.57	465.3	397.79	0.0895	839.3	15.108	31.57	18.50	1.67
	95.38	33.07	67.68	0.00	0.0611	10.60	466.4	398.75	0.0875	814.6	14.663	30.65	18.02	1.67
	96.46	33.00	67.70	0.00	0.0611	10.60	466.4	398.50	0.0851	779.7	14.035	29.31	17.32	1.67
	97.38	32.99	67.70	0.00	0.0611	10.61	467.0	399.01	0.0862	794.5	14.301	29.87	17.62	1.67
	98.39	33.02	67.68	-0.00	0.0611	10.60	466.5	398.78	0.0871	809.0	14.562	30.43	17.91	1.67
	99.39	33.02	67.70	-0.00	0.0610	10.58	465.5	397.82	0.0879	825.3	14.855	31.03	18.23	1.67
	100.37	33.00	67.68	0.00	0.0611	10.60	466.5	398.80	0.0878	820.1	14.761	30.84	18.12	1.67
	101.37	33.04	67.70	0.00	0.0612	10.63	467.8	399.77	0.0889	832.1	14.979	31.29	18.36	1.67
	102.40	33.04	67.68	-0.00	0.0612	10.62	467.5	399.65	0.0873	811.1	14.599	30.51	17.95	1.67
	103.38	33.00	67.70	0.00	0.0612	10.63	467.6	399.56	0.0880	820.9	14.776	30.86	18.14	1.67
	104.40	33.02	67.68	-0.00	0.0612	10.63	467.8	399.93	0.0891	836.1	15.050	31.45	18.43	1.67
	105.38	33.00	67.70	0.00	0.0610	10.59	466.1	398.32	0.0901	847.1	15.247	31.85	18.64	1.67
	106.38	32.97	67.68	0.00	0.0609	10.56	464.8	397.23	0.0906	855.0	15.390	32.15	18.79	1.67
	107.39	33.00	67.70	-0.00	0.0609	10.54	464.0	396.47	0.0896	847.6	15.257	31.87	18.65	1.67
	108.39	32.95	67.68	0.00	0.0608	10.55	464.1	396.59	0.0907	860.1	15.481	32.34	18.88	1.67
	109.37	32.98	67.68	0.00	0.0608	10.55	464.1	396.67	0.0903	856.0	15.409	32.19	18.81	1.67
	110.39	33.00	67.67	0.00	0.0609	10.57	465.2	397.65	0.0896	847.2	15.249	31.86	18.64	1.67
	111.39	33.02	67.70	0.00	0.0609	10.54	464.0	396.47	0.0902	863.3	15.540	32.46	18.94	1.67
	112.38	33.04	67.68	-0.00	0.0610	10.57	465.0	397.48	0.0890	838.9	15.101	31.56	18.49	1.67
	113.40	33.02	67.66	-0.00	0.0611	10.59	465.9	398.39	0.0890	835.7	15.042	31.44	18.42	1.67
	114.38	33.07	67.70	-0.00	0.0610	10.58	465.7	398.03	0.0890	832.0	14.976	31.29	18.36	1.67
	115.36	33.04	67.68	0.00	0.0610	10.58	465.3	397.82	0.0896	844.5	15.202	31.77	18.59	1.67
	116.38	33.04	67.65	0.00	0.0609	10.56	464.8	397.51	0.0899	845.5	15.218	31.81	18.61	1.67
	117.39	33.03	67.63	-0.00	0.0608	10.54	463.7	396.69	0.0898	842.7	15.168	31.72	18.56	1.67
	118.39	33.08	67.70	-0.00	0.0609	10.56	464.7	397.15	0.0895	837.7	15.078	31.50	18.47	1.67
	119.37	33.09	67.72	0.00	0.0608	10.54	464.0	396.41	0.0899	847.7	15.259	31.87	18.66	1.67
	120.39	33.02	67.68	0.00	0.0609	10.54	463.8	396.48	0.0893	841.9	15.155	31.67	18.54	1.67
	121.45	33.09	67.70	0.00	0.0608	10.55	464.1	396.72	0.0893	837.6	15.077	31.50	18.46	1.67
