Jul 25 2015 at 16:05:07
Frequency: 1.00Hz.
CO2
Zero:  Value:0.95  Date:18 Mar 2005	 at 07:22:33	
Span:  Value:1.00  Date:18 Mar 2005	 at 07:25:09	
H2O
Zero:  Value:0.71  Date:18 Mar 2005	 at 07:52:31	
Span:  Value:0.99  Date:18 Mar 2005	 at 11:44:01	
	Relative Time	Temperature	Pressure	Aux Input	CO2 Absorptance	CO2 mmol/m3	CO2 mg/m3	CO2 umol/mol	H2O Absorptance	H2O mmol/m3	H2O g/m3	H2O mmol/mol	H2O(°C)	Cooler Voltage
	0.25	33.02	67.70	0.00	0.0628	11.02	484.7	414.20	0.0482	341.1	6.139	12.82	4.87	1.66
	1.26	33.07	67.72	0.00	0.0628	11.00	484.2	413.69	0.0488	343.1	6.176	12.90	4.96	1.66
	2.26	33.09	67.70	0.00	0.0627	11.00	484.1	413.76	0.0498	350.0	6.301	13.16	5.25	1.66
	3.26	33.08	67.68	-0.00	0.0629	11.04	485.6	415.14	0.0531	387.8	6.981	14.59	6.73	1.66
	4.28	33.13	67.70	0.00	0.0629	11.04	485.7	415.23	0.0530	391.4	7.045	14.72	6.87	1.66
	5.29	33.15	67.70	-0.00	0.0628	11.01	484.6	414.26	0.0529	387.8	6.980	14.59	6.73	1.66
	6.33	33.13	67.65	0.00	0.0626	10.97	482.7	412.91	0.0526	383.6	6.904	14.44	6.57	1.66
	7.27	33.08	67.70	0.00	0.0625	10.93	480.9	410.98	0.0525	385.1	6.931	14.48	6.63	1.66
	8.28	33.06	67.72	-0.00	0.0625	10.92	480.5	410.50	0.0519	378.4	6.811	14.22	6.37	1.66
	9.27	33.10	67.70	-0.00	0.0624	10.88	478.8	409.26	0.0518	375.0	6.749	14.10	6.24	1.66
	10.27	33.08	67.70	0.00	0.0621	10.84	477.0	407.72	0.0506	365.3	6.575	13.74	5.86	1.66
	11.26	33.13	67.68	0.00	0.0624	10.92	480.3	410.68	0.0513	372.8	6.710	14.03	6.16	1.66
	12.34	33.10	67.70	-0.00	0.0623	10.88	478.8	409.23	0.0508	366.6	6.598	13.79	5.92	1.66
	13.28	33.13	67.75	-0.00	0.0624	10.90	479.4	409.52	0.0510	368.7	6.637	13.86	6.00	1.66
	14.26	33.17	67.70	0.00	0.0622	10.87	478.4	409.06	0.0508	367.6	6.617	13.83	5.96	1.66
	15.26	33.12	67.67	0.00	0.0620	10.82	476.3	407.30	0.0505	362.5	6.526	13.64	5.76	1.66
	16.27	33.10	67.68	0.00	0.0620	10.81	475.7	406.79	0.0504	363.5	6.543	13.68	5.79	1.66
	17.27	33.15	67.72	0.00	0.0622	10.84	477.1	407.73	0.0506	364.5	6.560	13.70	5.83	1.66
	18.28	33.15	67.68	-0.00	0.0622	10.85	477.5	408.37	0.0507	364.9	6.568	13.73	5.85	1.66
	19.28	33.15	67.68	0.00	0.0621	10.84	477.0	407.91	0.0508	365.6	6.580	13.76	5.88	1.66
	20.28	33.12	67.70	-0.00	0.0621	10.83	476.7	407.45	0.0505	363.6	6.546	13.68	5.80	1.66
	21.28	33.15	67.70	-0.00	0.0621	10.85	477.5	408.18	0.0505	363.7	6.546	13.68	5.80	1.66
	22.29	33.14	67.70	-0.00	0.0621	10.85	477.3	408.03	0.0505	364.3	6.558	13.70	5.83	1.66
	23.28	33.14	67.70	-0.00	0.0622	10.85	477.4	408.11	0.0511	368.9	6.641	13.88	6.01	1.66
	24.26	33.14	67.68	0.00	0.0621	10.83	476.6	407.56	0.0512	369.2	6.645	13.89	6.02	1.66
	25.26	33.17	67.66	-0.00	0.0624	10.89	479.2	409.94	0.0521	377.0	6.786	14.19	6.32	1.66
	26.27	33.19	67.72	-0.00	0.0624	10.91	480.2	410.44	0.0523	381.9	6.875	14.36	6.51	1.66
	27.25	33.19	67.70	0.00	0.0624	10.90	479.8	410.20	0.0527	383.3	6.899	14.42	6.57	1.66
	28.28	33.16	67.70	-0.00	0.0625	10.90	479.6	410.02	0.0536	393.1	7.077	14.79	6.93	1.66
	29.36	33.13	67.70	0.00	0.0624	10.89	479.3	409.74	0.0536	391.8	7.053	14.74	6.88	1.66
	30.28	33.16	67.65	-0.00	0.0624	10.89	479.1	409.92	0.0537	394.7	7.105	14.86	6.99	1.66
	31.26	33.11	67.70	0.00	0.0623	10.90	479.7	410.02	0.0542	403.1	7.256	15.16	7.30	1.66
	32.26	33.24	67.68	-0.00	0.0623	10.91	479.9	410.48	0.0539	397.6	7.156	14.96	7.10	1.66
	33.35	33.19	67.72	-0.00	0.0623	10.89	479.0	409.43	0.0539	398.8	7.178	15.00	7.14	1.66
	34.27	33.20	67.68	-0.00	0.0624	10.89	479.0	409.69	0.0549	407.2	7.329	15.32	7.45	1.66
	35.26	33.18	67.68	-0.00	0.0623	10.88	478.8	409.47	0.0547	408.0	7.344	15.35	7.48	1.66
	36.29	33.21	67.73	-0.00	0.0622	10.84	477.0	407.66	0.0547	403.0	7.254	15.16	7.30	1.66
	37.27	33.21	67.72	-0.00	0.0622	10.84	477.0	407.70	0.0543	402.6	7.247	15.14	7.28	1.66
	38.28	33.15	67.68	0.00	0.0623	10.87	478.3	409.04	0.0555	415.4	7.477	15.63	7.74	1.67
	39.28	33.17	67.68	0.00	0.0622	10.87	478.2	409.01	0.0557	418.0	7.525	15.73	7.83	1.66
	40.26	33.14	67.68	0.00	0.0623	10.86	478.0	408.77	0.0558	415.6	7.480	15.64	7.74	1.66
	41.28	33.12	67.70	0.00	0.0622	10.87	478.1	408.72	0.0557	416.7	7.500	15.67	7.78	1.66
	42.28	33.13	67.70	-0.00	0.0621	10.84	476.9	407.71	0.0550	408.9	7.361	15.38	7.51	1.66
	43.27	33.08	67.72	0.00	0.0622	10.83	476.6	407.17	0.0549	403.3	7.259	15.16	7.30	1.66
	44.27	33.06	67.70	-0.00	0.0621	10.84	477.0	407.65	0.0549	409.2	7.366	15.39	7.51	1.66
	45.27	33.08	67.70	-0.00	0.0621	10.83	476.6	407.36	0.0550	410.2	7.384	15.43	7.55	1.66
	46.29	33.13	67.70	-0.00	0.0620	10.80	475.0	406.05	0.0548	406.1	7.310	15.28	7.41	1.66
	47.27	33.12	67.68	-0.00	0.0622	10.85	477.4	408.18	0.0555	413.5	7.443	15.56	7.67	1.66
	48.27	33.12	67.70	0.00	0.0620	10.81	475.7	406.65	0.0552	412.1	7.417	15.50	7.62	1.66
	49.27	33.12	67.68	-0.00	0.0619	10.78	474.2	405.47	0.0546	405.1	7.293	15.24	7.37	1.66
	50.28	33.12	67.70	0.00	0.0619	10.79	474.6	405.68	0.0552	408.7	7.357	15.37	7.50	1.67
	51.26	33.15	67.72	0.00	0.0621	10.82	476.1	406.86	0.0559	414.4	7.459	15.58	7.70	1.66
	52.26	33.13	67.70	0.00	0.0620	10.80	475.4	406.38	0.0554	413.2	7.437	15.54	7.66	1.66
	53.27	33.13	67.72	0.00	0.0619	10.80	475.0	405.90	0.0552	410.3	7.386	15.43	7.56	1.66
	54.27	33.16	67.70	-0.00	0.0620	10.81	475.4	406.47	0.0551	411.7	7.411	15.49	7.61	1.66
	55.26	33.11	67.68	0.00	0.0619	10.79	474.7	405.91	0.0554	412.0	7.416	15.50	7.62	1.66
	56.28	33.15	67.70	0.00	0.0620	10.82	476.2	407.07	0.0558	419.2	7.545	15.77	7.87	1.67
	57.35	33.10	67.68	-0.00	0.0621	10.83	476.7	407.55	0.0561	423.3	7.620	15.93	8.01	1.66
	58.25	33.10	67.70	0.00	0.0621	10.85	477.4	408.04	0.0568	429.7	7.734	16.16	8.23	1.66
	59.28	33.10	67.70	-0.00	0.0621	10.83	476.7	407.44	0.0566	424.5	7.642	15.97	8.06	1.66
	60.28	33.11	67.70	-0.00	0.0622	10.84	477.2	407.84	0.0571	430.2	7.743	16.18	8.25	1.66
	61.26	33.12	67.68	-0.00	0.0620	10.82	475.9	406.99	0.0559	419.3	7.547	15.78	7.87	1.67
	62.28	33.12	67.68	-0.00	0.0617	10.76	473.5	404.86	0.0551	409.8	7.376	15.42	7.54	1.66
	63.27	33.15	67.70	-0.00	0.0618	10.77	473.8	405.09	0.0561	420.3	7.566	15.81	7.91	1.66
	64.26	33.10	67.68	0.00	0.0618	10.78	474.3	405.58	0.0553	415.1	7.471	15.62	7.72	1.67
	65.25	33.12	67.65	0.00	0.0619	10.79	475.0	406.30	0.0558	415.4	7.477	15.63	7.74	1.66
	66.25	33.15	67.70	0.00	0.0619	10.79	474.7	405.87	0.0558	417.1	7.507	15.69	7.80	1.67
	67.28	33.15	67.65	-0.00	0.0619	10.79	474.9	406.31	0.0557	417.3	7.511	15.71	7.81	1.67
	68.28	33.17	67.68	0.00	0.0618	10.77	473.7	405.14	0.0558	416.6	7.499	15.68	7.78	1.67
	69.27	33.09	67.70	0.00	0.0622	10.85	477.5	408.16	0.0576	435.6	7.841	16.38	8.43	1.66
	70.28	33.10	67.70	-0.00	0.0623	10.87	478.2	408.72	0.0579	440.1	7.922	16.55	8.59	1.66
	71.28	33.09	67.68	-0.00	0.0623	10.86	478.0	408.67	0.0580	439.5	7.911	16.53	8.57	1.66
	72.28	33.11	67.70	-0.00	0.0622	10.84	476.9	407.68	0.0580	437.1	7.869	16.44	8.49	1.67
	73.27	33.11	67.67	-0.00	0.0623	10.89	479.2	409.77	0.0585	446.3	8.033	16.79	8.79	1.67
	74.29	33.06	67.68	-0.00	0.0623	10.88	478.6	409.16	0.0584	444.7	8.004	16.73	8.74	1.67
	75.27	33.04	67.68	-0.00	0.0622	10.86	477.9	408.53	0.0579	443.9	7.991	16.70	8.71	1.67
	76.27	33.06	67.70	-0.00	0.0621	10.84	476.9	407.61	0.0585	446.4	8.036	16.79	8.80	1.67
	77.27	33.11	67.68	0.00	0.0618	10.79	474.9	406.07	0.0571	435.0	7.829	16.36	8.41	1.67
	78.27	33.06	67.65	0.00	0.0617	10.74	472.7	404.27	0.0561	420.2	7.563	15.81	7.90	1.66
	79.26	33.10	67.70	0.00	0.0617	10.74	472.4	403.74	0.0560	419.7	7.554	15.78	7.89	1.67
	80.26	33.13	67.70	0.00	0.0618	10.76	473.3	404.61	0.0564	423.8	7.628	15.94	8.03	1.67
	81.26	33.11	67.72	0.00	0.0618	10.77	474.0	405.05	0.0566	426.1	7.670	16.02	8.11	1.67
	82.26	33.12	67.68	0.00	0.0619	10.79	474.8	406.02	0.0566	424.4	7.638	15.97	8.05	1.67
	83.29	33.10	67.68	-0.00	0.0622	10.84	476.8	407.67	0.0579	436.3	7.854	16.42	8.46	1.67
	84.27	33.10	67.70	0.00	0.0619	10.78	474.4	405.50	0.0566	425.4	7.657	16.00	8.09	1.67
	85.27	33.12	67.70	0.00	0.0619	10.77	473.9	405.10	0.0564	425.3	7.656	16.00	8.08	1.67
	86.28	33.10	67.70	-0.00	0.0618	10.77	473.9	405.04	0.0564	424.6	7.642	15.97	8.06	1.67
	87.27	33.17	67.68	0.00	0.0618	10.78	474.2	405.56	0.0567	426.0	7.667	16.03	8.11	1.67
	88.27	33.11	67.73	0.00	0.0618	10.77	473.9	404.94	0.0569	428.3	7.710	16.10	8.19	1.67
	89.28	33.15	67.68	-0.00	0.0619	10.79	474.9	406.12	0.0571	431.9	7.773	16.25	8.31	1.67
	90.26	33.15	67.70	0.00	0.0624	10.89	479.0	409.52	0.0604	461.2	8.301	17.35	9.28	1.67
	91.26	33.11	67.68	0.00	0.0620	10.82	475.9	406.89	0.0587	446.4	8.034	16.79	8.80	1.67
	92.34	33.15	67.70	0.00	0.0623	10.89	479.0	409.55	0.0605	468.2	8.427	17.61	9.51	1.67
	93.26	33.15	67.68	0.00	0.0621	10.83	476.4	407.41	0.0592	455.0	8.191	17.12	9.08	1.67
	94.26	33.14	67.68	0.00	0.0620	10.82	476.0	407.06	0.0588	451.9	8.135	17.01	8.98	1.67
	95.27	33.14	67.68	0.00	0.0622	10.83	476.3	407.36	0.0600	454.3	8.177	17.09	9.06	1.67
	96.27	33.14	67.70	0.00	0.0622	10.87	478.4	408.97	0.0600	466.0	8.387	17.53	9.43	1.67
	97.25	33.14	67.70	0.00	0.0623	10.87	478.2	408.84	0.0604	465.1	8.372	17.49	9.41	1.67
	98.27	33.14	67.70	0.00	0.0619	10.80	475.3	406.30	0.0588	452.5	8.144	17.02	9.00	1.67
	99.26	33.17	67.70	0.00	0.0617	10.75	473.0	404.40	0.0577	437.7	7.879	16.47	8.51	1.67
	100.26	33.12	67.68	0.00	0.0619	10.77	473.7	405.07	0.0584	439.5	7.911	16.54	8.57	1.67
	101.28	33.15	67.72	0.00	0.0623	10.88	478.5	408.95	0.0606	469.0	8.442	17.64	9.53	1.67
	102.27	33.14	67.73	0.00	0.0623	10.90	479.6	409.87	0.0611	479.5	8.630	18.03	9.86	1.67
	103.27	33.14	67.70	-0.00	0.0625	10.91	480.1	410.45	0.0618	483.1	8.695	18.17	9.97	1.67
	104.26	33.12	67.70	0.00	0.0623	10.87	478.3	408.89	0.0610	472.7	8.509	17.78	9.65	1.67
	105.27	33.12	67.70	0.00	0.0623	10.84	477.1	407.87	0.0608	464.3	8.357	17.46	9.38	1.67
	106.25	33.15	67.70	0.00	0.0621	10.84	477.0	407.80	0.0600	464.4	8.358	17.47	9.38	1.67
	107.27	33.12	67.68	-0.00	0.0617	10.74	472.4	403.99	0.0585	447.1	8.047	16.82	8.82	1.67
	108.28	33.12	67.68	-0.00	0.0617	10.75	473.2	404.64	0.0587	447.8	8.060	16.85	8.84	1.68
	109.26	33.15	67.68	0.00	0.0619	10.79	474.9	406.16	0.0591	453.9	8.170	17.08	9.04	1.67
	110.25	33.17	67.70	0.00	0.0619	10.78	474.3	405.53	0.0593	454.5	8.180	17.10	9.06	1.67
	111.28	33.17	67.70	-0.00	0.0620	10.80	475.2	406.31	0.0600	460.4	8.287	17.32	9.26	1.67
	112.34	33.15	67.68	-0.00	0.0622	10.85	477.3	408.16	0.0609	472.1	8.497	17.76	9.63	1.67
	113.26	33.13	67.68	-0.00	0.0620	10.81	475.9	406.93	0.0600	464.8	8.367	17.49	9.40	1.67
	114.27	33.06	67.67	0.00	0.0618	10.78	474.2	405.42	0.0595	457.7	8.238	17.22	9.16	1.67
	115.27	33.05	67.70	0.00	0.0617	10.75	473.0	404.20	0.0595	457.9	8.242	17.22	9.17	1.67
	116.27	33.10	67.70	0.00	0.0618	10.76	473.3	404.59	0.0598	459.5	8.270	17.28	9.22	1.67
	117.28	33.08	67.70	0.00	0.0619	10.80	475.0	405.97	0.0601	464.5	8.361	17.47	9.38	1.67
	118.28	33.08	67.70	-0.00	0.0620	10.82	476.0	406.87	0.0603	464.7	8.365	17.48	9.39	1.67
