Jul 25 2015 at 15:52:51
Frequency: 1.00Hz.
CO2
Zero:  Value:0.95  Date:18 Mar 2005	 at 07:22:33	
Span:  Value:1.00  Date:18 Mar 2005	 at 07:25:09	
H2O
Zero:  Value:0.71  Date:18 Mar 2005	 at 07:52:31	
Span:  Value:0.99  Date:18 Mar 2005	 at 11:44:01	
	Relative Time	Temperature	Pressure	Aux Input	CO2 Absorptance	CO2 mmol/m3	CO2 mg/m3	CO2 umol/mol	H2O Absorptance	H2O mmol/m3	H2O g/m3	H2O mmol/mol	H2O(°C)	Cooler Voltage
	0.61	34.28	67.72	0.00	0.0626	10.94	481.4	412.91	0.0475	333.6	6.005	12.59	4.62	1.66
	1.68	34.30	67.70	0.00	0.0624	10.91	480.1	411.95	0.0472	330.6	5.951	12.48	4.49	1.66
	2.62	34.28	67.70	-0.00	0.0628	10.96	482.1	413.67	0.0475	331.8	5.972	12.53	4.54	1.66
	3.63	34.26	67.70	-0.00	0.0626	10.96	482.2	413.72	0.0473	332.9	5.993	12.57	4.59	1.66
	4.62	34.31	67.70	-0.00	0.0625	10.96	482.3	413.82	0.0470	331.8	5.972	12.53	4.54	1.67
	5.62	34.31	67.70	-0.00	0.0626	10.94	481.5	413.13	0.0474	330.9	5.957	12.49	4.50	1.66
	6.63	34.27	67.72	-0.00	0.0626	10.94	481.4	412.87	0.0474	332.7	5.989	12.56	4.58	1.66
	7.63	34.28	67.70	-0.00	0.0625	10.95	481.6	413.27	0.0475	334.2	6.016	12.62	4.64	1.66
	8.61	34.28	67.73	-0.00	0.0624	10.90	479.4	411.21	0.0477	333.4	6.001	12.58	4.61	1.66
	9.61	34.23	67.70	0.00	0.0626	10.92	480.7	412.38	0.0479	336.9	6.065	12.72	4.76	1.66
	10.61	34.29	67.70	0.00	0.0626	10.93	480.9	412.60	0.0482	339.8	6.116	12.83	4.88	1.66
	11.61	34.29	67.70	0.00	0.0626	10.96	482.4	413.91	0.0484	343.9	6.191	12.99	5.05	1.66
	12.60	34.21	67.68	0.00	0.0624	10.90	479.7	411.63	0.0482	343.4	6.181	12.97	5.03	1.66
	13.62	34.26	67.72	-0.00	0.0625	10.91	480.2	411.88	0.0491	348.4	6.271	13.15	5.24	1.66
	14.60	34.26	67.70	0.00	0.0624	10.94	481.4	413.00	0.0488	346.9	6.244	13.10	5.18	1.66
	15.62	34.22	67.73	0.00	0.0624	10.91	479.8	411.44	0.0488	345.4	6.217	13.03	5.11	1.66
	16.61	34.26	67.70	0.00	0.0623	10.90	479.5	411.36	0.0486	345.5	6.220	13.04	5.12	1.66
	17.61	34.23	67.68	-0.00	0.0624	10.91	479.9	411.86	0.0491	348.0	6.265	13.14	5.22	1.66
	18.63	34.26	67.70	-0.00	0.0624	10.87	478.1	410.23	0.0490	344.8	6.206	13.01	5.09	1.66
	19.62	34.29	67.68	-0.00	0.0625	10.94	481.2	413.01	0.0496	355.5	6.400	13.43	5.53	1.66
	20.62	34.32	67.70	-0.00	0.0623	10.89	479.1	411.15	0.0494	353.4	6.362	13.35	5.45	1.66
	21.70	34.26	67.72	-0.00	0.0624	10.91	480.2	411.89	0.0493	353.2	6.357	13.33	5.43	1.67
	22.62	34.29	67.68	0.00	0.0625	10.93	480.8	412.70	0.0494	353.5	6.363	13.35	5.45	1.66
	23.62	34.26	67.70	0.00	0.0623	10.89	479.0	410.95	0.0499	356.6	6.419	13.46	5.57	1.66
	24.63	34.26	67.72	0.00	0.0625	10.90	479.8	411.51	0.0500	359.3	6.467	13.56	5.68	1.66
	25.61	34.31	67.70	0.00	0.0624	10.89	479.4	411.32	0.0500	357.1	6.428	13.48	5.59	1.66
	26.60	34.23	67.68	0.00	0.0623	10.89	479.1	411.16	0.0490	348.2	6.268	13.15	5.23	1.66
	27.60	34.27	67.70	0.00	0.0623	10.89	479.2	411.16	0.0502	360.5	6.489	13.61	5.73	1.66
	28.61	34.31	67.68	0.00	0.0625	10.92	480.4	412.44	0.0512	370.7	6.673	14.00	6.13	1.66
	29.67	34.26	67.70	0.00	0.0624	10.91	479.9	411.74	0.0510	368.0	6.623	13.89	6.03	1.66
	30.61	34.29	67.70	0.00	0.0623	10.89	479.2	411.19	0.0506	365.2	6.574	13.79	5.92	1.66
	31.61	34.21	67.70	0.00	0.0624	10.90	479.7	411.54	0.0510	367.3	6.611	13.86	6.00	1.66
	32.67	34.26	67.70	0.00	0.0623	10.89	479.0	410.99	0.0508	367.3	6.612	13.87	6.00	1.66
	33.62	34.26	67.70	-0.00	0.0623	10.89	479.0	410.97	0.0498	359.4	6.469	13.57	5.69	1.67
	34.63	34.26	67.70	-0.00	0.0622	10.86	477.7	409.85	0.0498	355.8	6.405	13.43	5.54	1.66
	35.62	34.23	67.72	-0.00	0.0622	10.85	477.2	409.29	0.0500	358.6	6.454	13.53	5.65	1.66
	36.61	34.26	67.68	-0.00	0.0624	10.89	479.1	411.20	0.0519	372.7	6.708	14.07	6.21	1.66
	37.61	34.26	67.70	0.00	0.0623	10.88	478.6	410.57	0.0518	375.0	6.749	14.15	6.30	1.66
	38.61	34.29	67.72	0.00	0.0623	10.86	477.9	409.92	0.0519	376.2	6.771	14.20	6.35	1.66
	39.61	34.25	67.72	-0.00	0.0622	10.88	478.6	410.47	0.0517	377.1	6.787	14.23	6.38	1.66
	40.61	34.26	67.65	0.00	0.0624	10.88	478.8	411.08	0.0521	377.1	6.788	14.25	6.38	1.66
	41.60	34.26	67.72	0.00	0.0623	10.89	479.1	410.89	0.0522	381.0	6.857	14.38	6.53	1.66
	42.60	34.29	67.70	-0.00	0.0623	10.89	479.1	411.06	0.0522	381.6	6.869	14.41	6.55	1.66
	43.60	34.26	67.70	0.00	0.0622	10.86	477.9	410.05	0.0519	377.7	6.798	14.26	6.40	1.66
	44.60	34.26	67.70	0.00	0.0622	10.86	477.7	409.85	0.0515	373.7	6.727	14.11	6.25	1.66
	45.60	34.29	67.70	0.00	0.0623	10.89	479.3	411.20	0.0518	376.9	6.783	14.23	6.37	1.66
	46.61	34.23	67.70	-0.00	0.0624	10.89	479.3	411.17	0.0515	372.6	6.707	14.07	6.21	1.66
	47.59	34.25	67.70	0.00	0.0625	10.92	480.5	412.25	0.0530	384.2	6.916	14.50	6.65	1.66
	48.62	34.23	67.70	-0.00	0.0625	10.93	480.7	412.45	0.0532	390.5	7.029	14.74	6.89	1.66
	49.62	34.21	67.70	-0.00	0.0624	10.92	480.6	412.26	0.0539	398.6	7.175	15.05	7.19	1.66
	50.61	34.29	67.70	0.00	0.0625	10.94	481.2	412.91	0.0542	401.1	7.220	15.14	7.28	1.66
	51.60	34.28	67.68	0.00	0.0624	10.88	478.9	411.04	0.0533	393.6	7.085	14.87	7.00	1.66
	52.70	34.29	67.70	-0.00	0.0623	10.87	478.2	410.34	0.0530	389.3	7.008	14.70	6.85	1.66
	53.68	34.26	67.70	0.00	0.0623	10.87	478.5	410.51	0.0531	389.9	7.018	14.72	6.86	1.66
	54.60	34.28	67.68	0.00	0.0624	10.89	479.2	411.33	0.0534	392.5	7.065	14.82	6.96	1.66
	55.61	34.30	67.72	0.00	0.0623	10.88	478.9	410.81	0.0536	392.9	7.073	14.83	6.98	1.66
	56.61	34.28	67.72	0.00	0.0624	10.90	479.5	411.28	0.0537	397.1	7.148	14.99	7.13	1.66
	57.59	34.31	67.70	0.00	0.0624	10.90	479.4	411.37	0.0541	399.3	7.188	15.08	7.22	1.66
	58.62	34.31	67.70	-0.00	0.0623	10.88	478.8	410.86	0.0541	400.2	7.204	15.11	7.25	1.66
	59.69	34.25	67.70	-0.00	0.0624	10.90	479.4	411.30	0.0541	399.5	7.191	15.08	7.22	1.66
	60.59	34.28	67.70	0.00	0.0624	10.88	478.9	410.90	0.0543	401.4	7.226	15.16	7.29	1.66
	61.62	34.28	67.70	-0.00	0.0623	10.88	478.8	410.83	0.0544	403.0	7.254	15.22	7.35	1.66
	62.62	34.28	67.70	-0.00	0.0623	10.88	478.8	410.83	0.0543	402.3	7.242	15.19	7.32	1.66
	63.60	34.28	67.70	0.00	0.0625	10.90	479.8	411.67	0.0545	404.2	7.276	15.26	7.39	1.66
	64.60	34.28	67.70	0.00	0.0625	10.91	480.1	411.93	0.0546	405.8	7.304	15.32	7.45	1.66
	65.61	34.30	67.70	0.00	0.0625	10.92	480.5	412.33	0.0546	405.1	7.292	15.29	7.43	1.66
	66.61	34.27	67.70	0.00	0.0625	10.92	480.4	412.22	0.0548	406.7	7.320	15.35	7.48	1.66
	67.59	34.30	67.72	0.00	0.0625	10.91	480.1	411.85	0.0546	404.8	7.287	15.28	7.42	1.66
	68.62	34.28	67.68	-0.00	0.0625	10.92	480.5	412.40	0.0546	405.6	7.302	15.32	7.44	1.66
	69.62	34.27	67.72	-0.00	0.0625	10.92	480.4	412.03	0.0547	406.0	7.307	15.32	7.46	1.66
	70.61	34.31	67.75	-0.00	0.0625	10.93	480.8	412.34	0.0554	413.6	7.444	15.60	7.73	1.66
	71.62	34.28	67.70	-0.00	0.0626	10.93	481.1	412.77	0.0554	413.8	7.449	15.62	7.74	1.66
	72.62	34.26	67.72	-0.00	0.0625	10.92	480.5	412.07	0.0550	409.3	7.368	15.45	7.58	1.66
	73.60	34.26	67.70	-0.00	0.0628	10.94	481.5	413.08	0.0565	413.2	7.437	15.60	7.71	1.66
	74.61	34.29	67.70	0.00	0.0627	10.96	482.4	413.89	0.0561	423.2	7.618	15.98	8.07	1.66
	75.61	34.26	67.71	-0.00	0.0627	10.97	482.5	413.91	0.0564	423.0	7.614	15.97	8.06	1.66
	76.61	34.28	67.70	-0.00	0.0626	10.96	482.3	413.82	0.0560	419.2	7.545	15.83	7.93	1.66
	77.67	34.28	67.70	0.00	0.0625	10.94	481.4	413.05	0.0558	417.7	7.519	15.77	7.87	1.66
	78.59	34.29	67.70	0.00	0.0626	10.95	481.8	413.43	0.0561	418.9	7.541	15.82	7.92	1.66
	79.61	34.28	67.70	0.00	0.0627	10.97	482.6	414.04	0.0561	421.2	7.581	15.90	7.99	1.66
	80.62	34.30	67.72	0.00	0.0627	10.97	482.5	413.89	0.0563	422.2	7.599	15.93	8.03	1.66
	81.62	34.28	67.70	0.00	0.0627	10.97	482.6	414.11	0.0566	425.1	7.651	16.05	8.13	1.66
	82.60	34.30	67.72	0.00	0.0627	10.97	482.7	414.05	0.0566	426.9	7.683	16.11	8.19	1.66
	83.60	34.30	67.68	0.00	0.0628	10.99	483.7	415.25	0.0575	435.5	7.838	16.45	8.49	1.66
	84.61	34.30	67.70	0.00	0.0628	10.99	483.6	414.95	0.0574	434.5	7.821	16.41	8.45	1.67
	85.61	34.28	67.70	0.00	0.0627	10.97	482.9	414.30	0.0571	431.0	7.758	16.27	8.33	1.66
	86.60	34.28	67.70	0.00	0.0628	10.98	483.0	414.47	0.0573	434.9	7.827	16.42	8.47	1.67
	87.70	34.29	67.73	0.00	0.0627	10.98	483.0	414.28	0.0570	431.8	7.772	16.29	8.36	1.66
	88.62	34.32	67.70	-0.00	0.0628	10.99	483.6	415.00	0.0575	434.7	7.825	16.41	8.46	1.66
	89.61	34.26	67.72	0.00	0.0628	11.00	483.8	414.98	0.0581	440.4	7.928	16.62	8.65	1.66
	90.62	34.31	67.70	-0.00	0.0629	11.01	484.5	415.75	0.0586	448.0	8.064	16.92	8.91	1.67
	91.68	34.28	67.68	0.00	0.0630	11.03	485.4	416.61	0.0585	447.8	8.060	16.91	8.90	1.67
	92.62	34.28	67.72	-0.00	0.0630	11.03	485.5	416.41	0.0583	445.2	8.014	16.80	8.81	1.66
	93.60	34.28	67.72	0.00	0.0629	11.02	484.8	415.80	0.0584	445.4	8.018	16.81	8.82	1.66
	94.60	34.29	67.70	0.00	0.0630	11.02	485.1	416.24	0.0586	446.5	8.036	16.86	8.86	1.66
	95.61	34.29	67.70	-0.00	0.0629	11.01	484.6	415.81	0.0584	446.0	8.028	16.84	8.84	1.66
	96.63	34.25	67.73	-0.00	0.0629	11.02	484.9	415.84	0.0587	447.8	8.061	16.90	8.90	1.67
	97.61	34.29	67.70	0.00	0.0629	11.02	484.8	415.94	0.0588	449.2	8.086	16.96	8.95	1.67
	98.61	34.26	67.72	0.00	0.0630	11.04	485.8	416.65	0.0590	451.8	8.133	17.05	9.03	1.67
	99.61	34.23	67.72	0.00	0.0631	11.05	486.3	417.07	0.0594	455.4	8.197	17.18	9.15	1.66
	100.61	34.26	67.70	0.00	0.0631	11.06	486.5	417.39	0.0594	457.1	8.228	17.26	9.20	1.67
	101.60	34.26	67.70	-0.00	0.0629	11.03	485.5	416.54	0.0591	452.0	8.136	17.06	9.04	1.67
	102.60	34.26	67.70	0.00	0.0630	11.03	485.4	416.44	0.0593	454.3	8.177	17.15	9.11	1.67
	103.61	34.26	67.70	0.00	0.0630	11.04	485.6	416.61	0.0593	455.8	8.205	17.21	9.16	1.67
	104.63	34.29	67.70	-0.00	0.0630	11.03	485.2	416.35	0.0595	456.9	8.224	17.25	9.20	1.67
	105.61	34.26	67.70	-0.00	0.0630	11.04	485.6	416.63	0.0597	458.5	8.253	17.31	9.25	1.67
	106.61	34.28	67.70	0.00	0.0630	11.04	485.6	416.67	0.0598	460.1	8.281	17.37	9.30	1.67
	107.62	34.29	67.72	-0.00	0.0631	11.05	486.3	417.13	0.0603	464.4	8.359	17.53	9.44	1.67
	108.61	34.29	67.70	0.00	0.0631	11.07	487.1	417.95	0.0601	465.0	8.369	17.55	9.46	1.67
	109.62	34.29	67.70	-0.00	0.0631	11.06	486.6	417.56	0.0601	464.7	8.365	17.55	9.45	1.67
	110.62	34.26	67.72	-0.00	0.0631	11.06	486.4	417.20	0.0601	463.1	8.336	17.48	9.40	1.67
	111.60	34.29	67.70	0.00	0.0631	11.06	486.4	417.38	0.0601	464.2	8.356	17.53	9.43	1.67
	112.58	34.25	67.70	0.00	0.0631	11.06	486.8	417.61	0.0603	466.2	8.392	17.60	9.50	1.67
	113.61	34.29	67.68	-0.00	0.0631	11.07	487.0	418.02	0.0603	465.0	8.369	17.56	9.46	1.67
	114.60	34.26	67.70	0.00	0.0631	11.07	486.9	417.71	0.0601	464.2	8.356	17.52	9.43	1.67
	115.60	34.26	67.70	0.00	0.0631	11.07	487.2	417.99	0.0602	466.7	8.400	17.62	9.51	1.67
	116.61	34.33	67.70	0.00	0.0631	11.06	486.5	417.50	0.0604	467.0	8.406	17.63	9.53	1.67
	117.61	34.33	67.70	0.00	0.0631	11.07	487.1	418.01	0.0606	470.4	8.466	17.76	9.63	1.67
	118.69	34.37	67.70	-0.00	0.0632	11.08	487.5	418.41	0.0606	468.8	8.438	17.70	9.58	1.67
