Jul 25 2015 at 9:11:23
Frequency: 1.00Hz.
CO2
Zero:  Value:0.95  Date:18 Mar 2005	 at 07:22:33	
Span:  Value:1.00  Date:18 Mar 2005	 at 07:25:09	
H2O
Zero:  Value:0.71  Date:18 Mar 2005	 at 07:52:31	
Span:  Value:0.99  Date:18 Mar 2005	 at 11:44:01	
	Relative Time	Temperature	Pressure	Aux Input	CO2 Absorptance	CO2 mmol/m3	CO2 mg/m3	CO2 umol/mol	H2O Absorptance	H2O mmol/m3	H2O g/m3	H2O mmol/mol	H2O(°C)	Cooler Voltage
	0.95	12.21	67.81	0.00	0.0631	11.05	486.2	386.63	0.0511	369.7	6.654	12.93	5.02	1.45
	1.95	12.21	67.81	0.00	0.0630	11.05	486.2	386.63	0.0514	372.4	6.703	13.03	5.12	1.45
	2.96	12.21	67.81	0.00	0.0630	11.02	485.0	385.70	0.0513	370.1	6.662	12.95	5.04	1.45
	3.95	12.21	67.81	0.00	0.0630	11.01	484.6	385.34	0.0515	370.4	6.667	12.96	5.05	1.45
	4.98	12.21	67.81	0.00	0.0630	11.01	484.7	385.36	0.0514	371.8	6.692	13.01	5.10	1.45
	5.97	12.21	67.86	0.00	0.0629	11.01	484.5	384.95	0.0516	373.5	6.722	13.06	5.17	1.45
	6.96	12.24	67.81	-0.00	0.0629	11.00	484.1	384.93	0.0515	373.7	6.726	13.08	5.18	1.45
	7.96	12.22	67.81	0.00	0.0629	11.01	484.3	385.11	0.0517	374.7	6.745	13.11	5.21	1.45
	8.95	12.24	67.81	0.00	0.0628	10.99	483.7	384.61	0.0514	371.1	6.680	12.98	5.08	1.45
	9.97	12.22	67.83	-0.00	0.0629	10.99	483.6	384.40	0.0515	372.2	6.700	13.02	5.12	1.45
	10.95	12.24	67.81	0.00	0.0628	10.99	483.5	384.52	0.0518	375.8	6.764	13.15	5.26	1.45
	11.96	12.22	67.81	0.00	0.0628	10.98	483.3	384.30	0.0518	376.4	6.775	13.17	5.28	1.45
	12.95	12.22	67.81	0.00	0.0628	10.98	482.9	384.02	0.0518	375.5	6.759	13.14	5.24	1.45
	13.96	12.24	67.83	0.00	0.0628	10.97	482.9	383.87	0.0521	381.2	6.862	13.33	5.46	1.45
	14.96	12.24	67.81	0.00	0.0628	10.99	483.4	384.41	0.0519	376.7	6.780	13.18	5.29	1.45
	15.96	12.25	67.81	0.00	0.0629	11.00	484.0	384.93	0.0515	373.7	6.727	13.08	5.18	1.45
	16.97	12.24	67.81	-0.00	0.0628	10.99	483.5	384.51	0.0517	374.8	6.746	13.11	5.22	1.45
	17.95	12.24	67.81	0.00	0.0628	10.98	483.0	384.08	0.0518	377.3	6.792	13.20	5.32	1.45
	18.97	12.25	67.81	-0.00	0.0628	10.98	483.3	384.37	0.0515	373.8	6.729	13.08	5.18	1.45
	19.95	12.26	67.79	0.00	0.0627	10.98	483.2	384.41	0.0520	376.6	6.778	13.18	5.29	1.45
	20.95	12.27	67.79	0.00	0.0628	10.98	483.0	384.29	0.0521	379.9	6.839	13.30	5.42	1.45
	22.03	12.27	67.81	-0.00	0.0628	10.98	483.3	384.41	0.0517	375.8	6.764	13.15	5.26	1.45
	22.95	12.25	67.81	-0.00	0.0628	10.98	483.2	384.25	0.0518	375.4	6.758	13.14	5.24	1.45
	23.96	12.29	67.84	-0.00	0.0627	10.97	482.6	383.66	0.0524	378.7	6.817	13.25	5.37	1.45
	24.96	12.29	67.83	0.00	0.0625	10.93	480.9	382.33	0.0535	392.4	7.064	13.73	5.88	1.45
	26.04	12.27	67.81	0.00	0.0625	10.92	480.6	382.21	0.0535	393.5	7.082	13.77	5.92	1.45
	26.96	12.31	67.81	-0.00	0.0626	10.93	480.8	382.47	0.0535	394.0	7.092	13.79	5.94	1.45
	27.95	12.31	67.81	-0.00	0.0625	10.92	480.6	382.34	0.0538	396.4	7.135	13.87	6.03	1.46
	28.95	12.30	67.83	0.00	0.0626	10.93	480.8	382.32	0.0535	393.7	7.087	13.78	5.93	1.45
	30.03	12.30	67.81	-0.00	0.0625	10.93	480.8	382.47	0.0531	389.7	7.015	13.64	5.78	1.45
	30.95	12.29	67.78	0.00	0.0625	10.92	480.6	382.43	0.0532	389.3	7.007	13.63	5.77	1.45
	31.96	12.32	67.81	0.00	0.0625	10.91	480.3	382.03	0.0531	389.9	7.019	13.65	5.79	1.45
	32.96	12.32	67.81	-0.00	0.0626	10.94	481.2	382.78	0.0525	384.1	6.913	13.44	5.57	1.45
	33.96	12.32	67.81	-0.00	0.0625	10.93	481.0	382.58	0.0527	385.9	6.946	13.51	5.64	1.46
	35.02	12.33	67.81	0.00	0.0624	10.90	479.6	381.52	0.0534	392.8	7.070	13.75	5.90	1.45
	35.96	12.33	67.81	-0.00	0.0625	10.91	480.0	381.85	0.0531	389.8	7.017	13.65	5.79	1.45
	36.96	12.33	67.83	0.00	0.0625	10.92	480.7	382.27	0.0528	386.6	6.959	13.53	5.67	1.45
	37.94	12.34	67.83	0.00	0.0624	10.91	480.3	381.91	0.0528	386.6	6.960	13.53	5.67	1.45
	38.97	12.35	67.81	0.00	0.0625	10.91	480.0	381.88	0.0528	385.4	6.938	13.49	5.63	1.45
	39.95	12.34	67.81	0.00	0.0624	10.91	479.8	381.70	0.0529	387.5	6.974	13.56	5.70	1.46
	40.97	12.35	67.81	0.00	0.0624	10.90	479.7	381.63	0.0534	390.9	7.037	13.68	5.83	1.45
	42.03	12.35	67.78	0.00	0.0624	10.89	479.3	381.50	0.0534	392.9	7.072	13.76	5.90	1.45
	42.95	12.37	67.81	0.00	0.0624	10.90	479.6	381.60	0.0534	392.2	7.060	13.73	5.88	1.45
	43.96	12.37	67.83	0.00	0.0624	10.90	479.4	381.27	0.0539	396.6	7.140	13.88	6.04	1.45
	44.94	12.35	67.81	0.00	0.0624	10.90	479.4	381.42	0.0535	394.8	7.107	13.82	5.97	1.46
	45.97	12.35	67.81	0.00	0.0623	10.88	478.6	380.71	0.0538	395.3	7.116	13.84	5.99	1.46
	46.96	12.37	67.83	0.00	0.0623	10.87	478.5	380.54	0.0543	400.7	7.213	14.02	6.19	1.45
	47.97	12.37	67.81	0.00	0.0623	10.86	477.9	380.24	0.0547	404.9	7.288	14.17	6.34	1.45
	48.95	12.37	67.81	0.00	0.0623	10.87	478.2	380.44	0.0544	402.4	7.243	14.09	6.25	1.45
	49.95	12.38	67.81	0.00	0.0622	10.86	477.8	380.20	0.0547	404.9	7.288	14.17	6.34	1.45
	50.97	12.37	67.83	-0.00	0.0622	10.86	477.6	379.89	0.0547	406.0	7.308	14.21	6.38	1.46
	51.95	12.40	67.81	0.00	0.0622	10.86	477.7	380.09	0.0550	408.4	7.352	14.30	6.47	1.45
	52.96	12.40	67.81	0.00	0.0622	10.84	477.1	379.66	0.0551	410.3	7.386	14.37	6.54	1.45
	53.96	12.38	67.81	-0.00	0.0622	10.85	477.3	379.76	0.0550	409.1	7.363	14.32	6.49	1.45
	54.96	12.40	67.81	-0.00	0.0622	10.85	477.4	379.87	0.0548	407.8	7.340	14.28	6.44	1.45
	55.96	12.40	67.81	0.00	0.0622	10.84	477.1	379.65	0.0547	406.0	7.308	14.22	6.38	1.46
	56.97	12.38	67.81	0.00	0.0621	10.83	476.7	379.26	0.0546	405.1	7.292	14.18	6.35	1.46
	57.97	12.43	67.79	0.00	0.0621	10.84	476.8	379.60	0.0547	405.9	7.306	14.22	6.38	1.45
	58.98	12.43	67.78	0.00	0.0621	10.82	476.3	379.18	0.0552	410.1	7.383	14.37	6.53	1.45
	59.97	12.41	67.81	-0.00	0.0621	10.82	476.3	379.01	0.0555	414.0	7.452	14.50	6.67	1.45
	60.95	12.43	67.81	0.00	0.0621	10.83	476.6	379.25	0.0554	412.6	7.427	14.45	6.62	1.45
	61.96	12.43	67.79	-0.00	0.0622	10.84	476.8	379.53	0.0552	411.0	7.398	14.40	6.56	1.46
	62.96	12.43	67.81	-0.00	0.0620	10.82	476.2	378.99	0.0554	412.8	7.430	14.45	6.62	1.46
	63.96	12.44	67.83	-0.00	0.0620	10.81	475.8	378.51	0.0555	414.9	7.468	14.52	6.70	1.46
	64.96	12.43	67.78	-0.00	0.0621	10.83	476.4	379.23	0.0556	414.8	7.467	14.53	6.69	1.45
	65.96	12.45	67.81	-0.00	0.0622	10.84	476.8	379.44	0.0554	413.3	7.439	14.47	6.64	1.46
	66.95	12.43	67.80	0.00	0.0621	10.82	476.3	379.03	0.0556	414.2	7.456	14.50	6.67	1.45
	67.95	12.41	67.78	0.00	0.0621	10.83	476.3	379.17	0.0555	414.1	7.453	14.50	6.67	1.46
	68.97	12.45	67.81	0.00	0.0621	10.82	476.2	378.93	0.0554	413.1	7.436	14.46	6.64	1.45
	69.95	12.46	67.83	0.00	0.0620	10.81	475.8	378.52	0.0555	413.6	7.445	14.48	6.65	1.46
	70.96	12.46	67.81	0.00	0.0621	10.82	476.0	378.85	0.0555	413.9	7.451	14.50	6.67	1.46
	71.95	12.46	67.81	0.00	0.0620	10.82	476.2	378.97	0.0556	415.4	7.477	14.55	6.72	1.45
	72.96	12.46	67.83	-0.00	0.0621	10.81	475.8	378.53	0.0557	415.7	7.482	14.55	6.73	1.46
	74.02	12.46	67.79	0.00	0.0619	10.80	475.3	378.42	0.0554	413.8	7.448	14.49	6.66	1.46
	74.97	12.46	67.81	-0.00	0.0621	10.81	475.5	378.44	0.0552	411.2	7.401	14.40	6.57	1.46
	75.96	12.46	67.81	-0.00	0.0620	10.80	475.3	378.26	0.0554	413.7	7.446	14.49	6.66	1.45
	76.95	12.48	67.83	0.00	0.0619	10.79	474.7	377.71	0.0555	413.7	7.447	14.48	6.66	1.46
	77.95	12.48	67.81	0.00	0.0620	10.79	474.8	377.92	0.0557	416.0	7.489	14.57	6.74	1.45
	78.95	12.49	67.81	0.00	0.0619	10.79	474.9	378.03	0.0561	419.4	7.548	14.69	6.86	1.46
	79.95	12.51	67.81	0.00	0.0620	10.78	474.5	377.66	0.0564	423.6	7.625	14.84	7.00	1.46
	80.96	12.50	67.81	-0.00	0.0619	10.79	474.8	377.96	0.0562	422.1	7.598	14.78	6.95	1.46
	81.98	12.50	67.81	-0.00	0.0620	10.79	474.9	378.03	0.0564	423.1	7.615	14.82	6.99	1.45
	82.96	12.53	67.83	0.00	0.0620	10.80	475.1	378.09	0.0562	421.4	7.585	14.75	6.93	1.45
	83.96	12.53	67.81	0.00	0.0619	10.80	475.1	378.18	0.0560	420.0	7.560	14.71	6.88	1.46
	84.96	12.51	67.81	0.00	0.0619	10.78	474.5	377.68	0.0559	417.3	7.511	14.61	6.79	1.46
	86.03	12.53	67.83	-0.00	0.0620	10.79	475.0	377.96	0.0560	419.5	7.551	14.69	6.86	1.46
	86.95	12.51	67.79	0.00	0.0620	10.80	475.1	378.31	0.0562	421.8	7.592	14.78	6.94	1.46
	87.95	12.51	67.81	-0.00	0.0619	10.78	474.3	377.55	0.0563	422.4	7.602	14.79	6.96	1.46
	88.97	12.54	67.78	-0.00	0.0619	10.78	474.4	377.84	0.0564	422.9	7.613	14.82	6.98	1.46
	89.97	12.53	67.83	-0.00	0.0619	10.79	474.5	377.64	0.0563	422.8	7.610	14.80	6.98	1.46
	90.96	12.54	67.81	-0.00	0.0619	10.78	474.2	377.52	0.0563	423.0	7.615	14.82	6.99	1.46
	91.96	12.54	67.81	0.00	0.0618	10.77	473.7	377.12	0.0563	423.4	7.622	14.83	7.00	1.46
	92.94	12.55	67.81	-0.00	0.0619	10.77	473.7	377.12	0.0562	421.8	7.593	14.78	6.95	1.46
	93.97	12.58	67.81	-0.00	0.0618	10.77	473.7	377.15	0.0568	426.7	7.680	14.95	7.11	1.46
	94.94	12.54	67.81	0.00	0.0618	10.76	473.6	377.01	0.0568	427.6	7.697	14.98	7.14	1.46
	95.96	12.54	67.81	0.00	0.0618	10.75	473.1	376.66	0.0569	427.7	7.699	14.98	7.15	1.46
	96.94	12.56	67.81	0.00	0.0618	10.75	473.1	376.64	0.0569	429.9	7.739	15.06	7.22	1.46
	97.97	12.56	67.81	0.00	0.0618	10.75	473.2	376.75	0.0569	429.4	7.730	15.04	7.21	1.46
	98.97	12.58	67.79	0.00	0.0617	10.75	473.0	376.67	0.0570	430.1	7.741	15.07	7.23	1.46
	99.97	12.58	67.81	0.00	0.0617	10.75	472.9	376.52	0.0570	430.0	7.740	15.06	7.23	1.46
	100.96	12.56	67.81	-0.00	0.0617	10.74	472.7	376.35	0.0570	429.1	7.723	15.03	7.19	1.46
	102.04	12.56	67.84	-0.00	0.0617	10.74	472.6	376.12	0.0570	429.4	7.728	15.03	7.20	1.46
	102.96	12.59	67.81	0.00	0.0618	10.75	473.2	376.80	0.0571	431.1	7.760	15.10	7.27	1.46
	104.04	12.58	67.83	0.00	0.0618	10.75	473.2	376.59	0.0572	432.4	7.783	15.14	7.31	1.46
	104.96	12.58	67.81	0.00	0.0618	10.76	473.6	377.04	0.0572	433.2	7.797	15.17	7.33	1.46
	105.95	12.61	67.81	0.00	0.0618	10.77	473.9	377.30	0.0573	432.9	7.791	15.17	7.32	1.46
	106.95	12.61	67.81	0.00	0.0617	10.74	472.6	376.31	0.0570	430.9	7.756	15.10	7.26	1.46
	107.97	12.61	67.81	-0.00	0.0617	10.74	472.6	376.31	0.0570	430.0	7.740	15.07	7.23	1.46
	108.95	12.61	67.81	0.00	0.0617	10.75	472.8	376.46	0.0573	433.8	7.809	15.20	7.36	1.46
	109.97	12.61	67.81	-0.00	0.0617	10.74	472.7	376.43	0.0573	431.2	7.762	15.11	7.27	1.46
	110.96	12.61	67.81	-0.00	0.0616	10.73	472.1	375.90	0.0574	434.1	7.814	15.21	7.37	1.46
	111.98	12.62	67.81	-0.00	0.0617	10.74	472.4	376.17	0.0573	433.7	7.807	15.20	7.36	1.46
	113.02	12.63	67.83	0.00	0.0618	10.75	473.1	376.60	0.0572	430.6	7.751	15.08	7.25	1.46
	113.94	12.62	67.81	0.00	0.0618	10.76	473.3	376.88	0.0573	433.3	7.799	15.18	7.34	1.46
	114.96	12.61	67.83	0.00	0.0617	10.73	472.3	375.94	0.0571	431.9	7.775	15.13	7.29	1.46
	115.97	12.64	67.81	-0.00	0.0617	10.74	472.5	376.30	0.0571	431.1	7.759	15.11	7.27	1.46
	116.97	12.64	67.83	-0.00	0.0617	10.74	472.6	376.25	0.0572	431.8	7.773	15.13	7.29	1.46
	117.97	12.64	67.81	-0.00	0.0617	10.74	472.7	376.44	0.0573	431.3	7.763	15.11	7.27	1.46
	118.95	12.64	67.83	0.00	0.0617	10.74	472.4	376.08	0.0575	434.8	7.826	15.23	7.39	1.46
	120.03	12.66	67.79	0.00	0.0616	10.72	471.5	375.65	0.0576	437.8	7.881	15.35	7.49	1.46
	120.95	12.65	67.81	-0.00	0.0616	10.73	472.0	375.90	0.0576	437.6	7.876	15.33	7.49	1.46
	121.96	12.64	67.78	0.00	0.0617	10.73	472.1	376.10	0.0577	438.2	7.888	15.36	7.51	1.46
	123.04	12.67	67.81	-0.00	0.0617	10.74	472.4	376.28	0.0578	438.8	7.898	15.38	7.53	1.46
