Jul 25 2015 at 16:39:31
Frequency: 1.00Hz.
CO2
Zero:  Value:0.95  Date:18 Mar 2005	 at 07:22:33	
Span:  Value:1.00  Date:18 Mar 2005	 at 07:25:09	
H2O
Zero:  Value:0.71  Date:18 Mar 2005	 at 07:52:31	
Span:  Value:0.99  Date:18 Mar 2005	 at 11:44:01	
	Relative Time	Temperature	Pressure	Aux Input	CO2 Absorptance	CO2 mmol/m3	CO2 mg/m3	CO2 umol/mol	H2O Absorptance	H2O mmol/m3	H2O g/m3	H2O mmol/mol	H2O(°C)	Cooler Voltage
	0.09	34.01	67.70	0.00	0.0608	10.53	463.5	397.37	0.0719	616.5	11.097	23.26	13.71	1.69
	1.04	33.97	67.65	0.00	0.0607	10.49	461.5	395.91	0.0725	623.3	11.219	23.52	13.88	1.69
	2.03	34.00	67.68	0.00	0.0604	10.45	459.8	394.32	0.0714	606.8	10.922	22.90	13.47	1.69
	3.03	34.03	67.68	0.00	0.0605	10.46	460.5	394.92	0.0695	573.3	10.319	21.63	12.60	1.69
	4.01	34.00	67.67	0.00	0.0607	10.49	461.6	395.84	0.0695	578.0	10.403	21.81	12.72	1.69
	5.02	34.01	67.67	0.00	0.0607	10.52	462.8	396.90	0.0686	570.1	10.263	21.51	12.51	1.69
	6.02	34.01	67.68	0.00	0.0610	10.58	465.6	399.31	0.0682	561.4	10.105	21.18	12.28	1.69
	7.04	34.01	67.65	-0.00	0.0611	10.61	466.8	400.53	0.0658	538.4	9.692	20.33	11.65	1.69
	8.03	34.08	67.73	0.00	0.0611	10.60	466.2	399.63	0.0653	529.7	9.534	19.98	11.40	1.69
	9.03	34.00	67.68	-0.00	0.0610	10.56	464.8	398.59	0.0658	549.6	9.893	20.74	11.96	1.69
	10.03	34.03	67.67	-0.00	0.0609	10.56	464.7	398.61	0.0656	531.4	9.565	20.05	11.45	1.69
	11.03	34.04	67.70	0.00	0.0611	10.60	466.2	399.69	0.0643	511.8	9.213	19.31	10.88	1.69
	12.03	33.99	67.72	-0.00	0.0611	10.60	466.3	399.63	0.0646	518.9	9.339	19.56	11.08	1.69
	13.10	33.94	67.70	-0.00	0.0612	10.65	468.8	401.80	0.0635	502.9	9.053	18.97	10.61	1.69
	14.04	33.92	67.68	-0.00	0.0613	10.66	469.0	402.12	0.0626	495.6	8.921	18.70	10.39	1.69
	15.02	33.94	67.68	0.00	0.0612	10.64	468.2	401.41	0.0632	497.1	8.948	18.75	10.44	1.69
	16.02	33.94	67.65	0.00	0.0613	10.66	468.9	402.22	0.0626	491.4	8.845	18.55	10.27	1.69
	17.04	33.95	67.70	0.00	0.0613	10.64	468.2	401.33	0.0623	486.6	8.759	18.35	10.12	1.69
	18.02	33.94	67.63	0.00	0.0614	10.65	468.4	401.88	0.0615	481.7	8.671	18.19	9.97	1.69
	19.02	33.95	67.70	0.00	0.0614	10.68	470.1	402.92	0.0609	473.4	8.522	17.85	9.71	1.69
	20.09	33.93	67.67	-0.00	0.0613	10.66	469.1	402.23	0.0609	473.8	8.528	17.87	9.72	1.69
	21.03	33.92	67.70	0.00	0.0613	10.65	468.6	401.65	0.0607	470.9	8.476	17.76	9.63	1.69
	22.04	33.96	67.70	-0.00	0.0614	10.68	469.8	402.70	0.0609	471.2	8.481	17.77	9.64	1.69
	23.04	33.89	67.68	-0.00	0.0614	10.67	469.3	402.29	0.0611	474.2	8.536	17.89	9.73	1.69
	24.02	33.92	67.65	-0.00	0.0613	10.67	469.3	402.49	0.0613	478.6	8.614	18.06	9.87	1.69
	25.02	33.87	67.68	0.00	0.0613	10.68	469.8	402.68	0.0606	471.6	8.489	17.79	9.65	1.69
	26.02	33.92	67.68	0.00	0.0614	10.67	469.4	402.47	0.0608	472.8	8.510	17.84	9.69	1.69
	27.02	33.94	67.68	-0.00	0.0612	10.64	468.1	401.34	0.0608	472.8	8.511	17.84	9.69	1.69
	28.02	34.01	67.70	-0.00	0.0611	10.61	466.7	400.08	0.0602	466.2	8.391	17.58	9.48	1.69
	29.03	34.01	67.67	0.00	0.0611	10.61	466.8	400.37	0.0601	463.7	8.347	17.50	9.40	1.69
	30.03	33.98	67.67	0.00	0.0610	10.59	466.0	399.63	0.0607	467.9	8.422	17.65	9.54	1.69
	31.03	34.01	67.68	0.00	0.0611	10.60	466.3	399.88	0.0608	465.4	8.378	17.56	9.46	1.69
	32.01	34.00	67.70	0.00	0.0610	10.59	465.8	399.30	0.0607	471.1	8.479	17.77	9.64	1.69
	33.04	33.99	67.67	-0.00	0.0610	10.59	465.7	399.41	0.0606	470.4	8.467	17.75	9.62	1.69
	34.02	33.99	67.70	0.00	0.0610	10.59	465.8	399.34	0.0603	466.3	8.393	17.59	9.49	1.69
	35.01	34.06	67.68	0.00	0.0610	10.58	465.7	399.46	0.0605	468.5	8.433	17.68	9.56	1.69
	36.04	34.07	67.68	0.00	0.0611	10.61	466.9	400.46	0.0607	469.1	8.443	17.70	9.58	1.69
	37.03	34.08	67.67	0.00	0.0612	10.63	467.9	401.39	0.0609	473.6	8.525	17.88	9.72	1.69
	38.03	34.09	67.68	-0.00	0.0611	10.61	466.8	400.45	0.0608	471.4	8.485	17.79	9.65	1.69
	39.02	34.11	67.65	0.00	0.0611	10.63	467.5	401.24	0.0612	475.6	8.561	17.96	9.79	1.69
	40.03	34.08	67.65	0.00	0.0612	10.62	467.3	401.03	0.0612	476.1	8.570	17.98	9.80	1.69
	41.03	34.12	67.70	-0.00	0.0612	10.64	468.2	401.57	0.0612	477.6	8.598	18.02	9.85	1.69
	42.03	34.07	67.67	0.00	0.0612	10.64	468.1	401.53	0.0614	479.0	8.622	18.08	9.89	1.69
	43.04	34.11	67.69	-0.00	0.0612	10.62	467.4	400.84	0.0616	480.3	8.646	18.13	9.93	1.69
	44.02	34.12	67.67	0.00	0.0612	10.63	467.8	401.31	0.0621	485.9	8.747	18.34	10.11	1.69
	45.02	34.12	67.68	-0.00	0.0613	10.65	468.5	401.95	0.0626	493.7	8.886	18.63	10.34	1.69
	46.04	34.11	67.67	0.00	0.0612	10.64	468.0	401.51	0.0624	490.8	8.834	18.53	10.26	1.69
	47.02	34.12	67.65	0.00	0.0612	10.63	467.8	401.48	0.0626	492.1	8.858	18.58	10.30	1.69
	48.02	34.07	67.68	0.00	0.0612	10.63	467.8	401.31	0.0627	493.8	8.888	18.64	10.34	1.69
	49.03	34.02	67.70	0.00	0.0611	10.62	467.3	400.67	0.0628	495.9	8.927	18.71	10.41	1.69
	50.03	34.04	67.70	0.00	0.0611	10.60	466.6	400.06	0.0625	491.2	8.842	18.53	10.27	1.69
	51.04	34.04	67.70	-0.00	0.0612	10.63	467.6	400.89	0.0628	494.3	8.897	18.65	10.36	1.69
	52.03	34.04	67.68	0.00	0.0612	10.63	467.6	401.02	0.0632	501.3	9.023	18.92	10.57	1.69
	53.02	34.05	67.68	0.00	0.0611	10.61	466.8	400.41	0.0629	495.8	8.924	18.71	10.40	1.69
	54.04	34.06	67.70	-0.00	0.0610	10.59	465.8	399.35	0.0626	493.3	8.879	18.61	10.33	1.69
	55.02	34.08	67.68	-0.00	0.0610	10.59	465.9	399.64	0.0627	492.0	8.857	18.57	10.29	1.69
	56.02	34.12	67.68	0.00	0.0610	10.58	465.7	399.53	0.0626	492.4	8.863	18.59	10.30	1.69
	57.02	34.08	67.70	0.00	0.0610	10.59	466.0	399.63	0.0627	492.5	8.865	18.58	10.31	1.69
	58.11	34.14	67.68	-0.00	0.0610	10.59	465.8	399.60	0.0628	494.5	8.900	18.67	10.37	1.69
	59.02	34.06	67.67	0.00	0.0610	10.59	465.9	399.64	0.0630	495.6	8.920	18.70	10.40	1.69
	60.03	34.04	67.67	0.00	0.0611	10.60	466.5	400.10	0.0634	501.0	9.017	18.91	10.56	1.69
	61.03	34.07	67.65	-0.00	0.0611	10.60	466.6	400.40	0.0636	504.0	9.072	19.03	10.65	1.69
	62.03	34.09	67.70	0.00	0.0611	10.60	466.6	400.14	0.0634	501.2	9.021	18.91	10.57	1.69
	63.02	34.08	67.68	-0.00	0.0611	10.60	466.3	400.00	0.0637	502.8	9.051	18.98	10.62	1.69
	64.02	34.12	67.68	-0.00	0.0609	10.58	465.4	399.23	0.0631	500.7	9.012	18.90	10.55	1.69
	65.05	34.14	67.70	-0.00	0.0609	10.57	465.0	398.80	0.0633	501.2	9.021	18.91	10.57	1.69
	66.02	34.16	67.70	0.00	0.0610	10.58	465.7	399.42	0.0638	504.8	9.086	19.05	10.68	1.69
	67.02	34.16	67.67	0.00	0.0611	10.60	466.3	400.12	0.0640	508.7	9.156	19.20	10.79	1.69
	68.03	34.18	67.70	0.00	0.0611	10.60	466.2	399.91	0.0641	507.4	9.133	19.15	10.76	1.69
	69.03	34.15	67.67	-0.00	0.0611	10.60	466.5	400.25	0.0643	511.8	9.212	19.32	10.89	1.69
	70.01	34.16	67.68	0.00	0.0611	10.60	466.5	400.29	0.0646	515.3	9.276	19.45	10.99	1.69
	71.03	34.13	67.65	0.00	0.0611	10.61	466.7	400.56	0.0651	520.4	9.368	19.65	11.14	1.69
	72.03	34.15	67.67	0.00	0.0611	10.61	466.7	400.43	0.0654	524.0	9.432	19.78	11.24	1.69
	73.01	34.16	67.67	0.00	0.0611	10.61	466.8	400.52	0.0655	525.4	9.458	19.84	11.28	1.69
	74.02	34.17	67.68	0.00	0.0611	10.62	467.4	401.09	0.0652	523.0	9.414	19.75	11.21	1.69
	75.04	34.18	67.67	-0.00	0.0611	10.61	466.9	400.66	0.0653	523.3	9.419	19.76	11.22	1.69
	76.02	34.18	67.66	0.00	0.0611	10.61	466.9	400.74	0.0654	524.7	9.445	19.82	11.26	1.69
	77.03	34.16	67.68	-0.00	0.0610	10.60	466.2	400.01	0.0655	525.7	9.462	19.85	11.29	1.69
	78.03	34.16	67.67	-0.00	0.0610	10.59	465.8	399.71	0.0652	521.6	9.389	19.69	11.17	1.69
	79.09	34.13	67.70	-0.00	0.0610	10.57	465.1	398.88	0.0648	517.9	9.322	19.54	11.06	1.69
	80.03	34.16	67.70	-0.00	0.0609	10.58	465.3	399.12	0.0650	519.2	9.345	19.59	11.10	1.69
	81.03	34.15	67.68	-0.00	0.0610	10.58	465.5	399.38	0.0655	523.6	9.424	19.76	11.23	1.69
	82.03	34.22	67.65	0.00	0.0609	10.56	464.8	399.01	0.0654	521.8	9.392	19.71	11.18	1.69
	83.04	34.18	67.70	-0.00	0.0608	10.55	464.1	398.12	0.0651	520.9	9.377	19.66	11.15	1.69
	84.02	34.16	67.67	0.00	0.0610	10.58	465.3	399.30	0.0659	529.5	9.531	19.99	11.40	1.69
	85.04	34.19	67.68	0.00	0.0610	10.60	466.2	400.05	0.0665	538.0	9.684	20.31	11.64	1.69
	86.03	34.20	67.67	0.00	0.0611	10.60	466.4	400.27	0.0665	537.4	9.673	20.29	11.62	1.69
	87.03	34.17	67.65	0.00	0.0611	10.60	466.6	400.49	0.0668	541.1	9.740	20.44	11.73	1.69
	88.02	34.22	67.65	0.00	0.0610	10.60	466.2	400.22	0.0664	535.5	9.639	20.23	11.57	1.69
	89.03	34.20	67.68	0.00	0.0610	10.59	465.9	399.84	0.0666	539.2	9.706	20.36	11.68	1.69
	90.09	34.17	67.65	0.00	0.0610	10.58	465.7	399.77	0.0666	538.1	9.686	20.32	11.64	1.69
	91.03	34.15	67.68	-0.00	0.0611	10.60	466.5	400.28	0.0674	548.2	9.867	20.70	11.92	1.69
	92.03	34.16	67.67	0.00	0.0611	10.60	466.4	400.22	0.0674	547.1	9.847	20.65	11.89	1.69
	93.02	34.14	67.70	-0.00	0.0610	10.59	465.8	399.54	0.0674	550.0	9.899	20.75	11.97	1.69
	94.02	34.14	67.70	-0.00	0.0610	10.58	465.4	399.18	0.0670	543.2	9.777	20.50	11.78	1.69
	95.00	34.12	67.70	0.00	0.0610	10.59	465.8	399.46	0.0674	548.3	9.870	20.69	11.93	1.69
	96.03	34.11	67.70	0.00	0.0610	10.58	465.6	399.31	0.0673	546.9	9.845	20.64	11.89	1.69
	97.03	34.16	67.67	0.00	0.0610	10.58	465.7	399.62	0.0674	548.0	9.864	20.69	11.92	1.69
	98.02	34.16	67.65	0.00	0.0610	10.59	465.9	399.94	0.0680	553.3	9.960	20.90	12.07	1.69
	99.03	34.15	67.68	0.00	0.0611	10.60	466.6	400.34	0.0688	565.6	10.182	21.35	12.40	1.69
	100.03	34.18	67.70	0.00	0.0610	10.60	466.3	399.97	0.0690	566.8	10.203	21.39	12.43	1.69
	101.03	34.14	67.68	0.00	0.0611	10.60	466.3	400.07	0.0692	570.3	10.266	21.53	12.52	1.69
	102.04	34.11	67.68	0.00	0.0610	10.59	465.8	399.59	0.0689	566.1	10.189	21.37	12.41	1.69
	103.02	34.13	67.68	0.00	0.0610	10.59	465.8	399.61	0.0689	566.3	10.193	21.38	12.42	1.69
	104.01	34.13	67.67	0.00	0.0609	10.56	464.7	398.66	0.0688	566.0	10.187	21.37	12.41	1.69
	105.03	34.16	67.68	-0.00	0.0608	10.54	463.8	397.93	0.0685	562.9	10.133	21.25	12.33	1.69
	106.03	34.11	67.67	-0.00	0.0609	10.55	464.4	398.39	0.0696	569.8	10.257	21.51	12.51	1.69
	107.02	34.06	67.68	-0.00	0.0609	10.55	464.3	398.30	0.0691	564.5	10.161	21.30	12.36	1.69
	108.03	34.09	67.68	-0.00	0.0609	10.56	464.5	398.46	0.0694	571.8	10.292	21.58	12.56	1.69
	109.03	34.14	67.68	0.00	0.0610	10.57	465.0	398.96	0.0695	571.2	10.282	21.56	12.55	1.69
	110.03	34.16	67.67	0.00	0.0609	10.57	465.3	399.25	0.0693	570.3	10.266	21.53	12.53	1.69
	111.03	34.06	67.68	0.00	0.0611	10.60	466.4	400.04	0.0695	573.1	10.316	21.63	12.60	1.69
	112.01	34.04	67.65	0.00	0.0609	10.57	465.2	399.19	0.0697	577.0	10.386	21.78	12.70	1.69
	113.02	34.11	67.68	0.00	0.0609	10.56	464.6	398.55	0.0698	577.4	10.394	21.80	12.71	1.69
	114.02	34.12	67.68	-0.00	0.0608	10.55	464.2	398.26	0.0701	580.0	10.441	21.89	12.78	1.69
	115.03	34.09	67.65	-0.00	0.0609	10.55	464.1	398.26	0.0701	576.7	10.381	21.78	12.69	1.69
	116.02	34.12	67.70	0.00	0.0608	10.55	464.2	398.14	0.0701	582.5	10.485	21.98	12.85	1.69
	117.03	34.11	67.70	0.00	0.0608	10.55	464.2	398.08	0.0707	587.5	10.576	22.17	12.98	1.69
	118.03	34.12	67.68	-0.00	0.0608	10.55	464.1	398.17	0.0702	585.0	10.530	22.08	12.91	1.69
	119.03	34.11	67.70	-0.00	0.0609	10.56	464.5	398.34	0.0705	587.0	10.565	22.15	12.96	1.69
	120.03	34.11	67.70	-0.00	0.0608	10.56	464.6	398.39	0.0703	585.2	10.533	22.08	12.92	1.69
	121.09	34.16	67.72	0.00	0.0608	10.54	464.0	397.80	0.0703	581.9	10.474	21.95	12.83	1.69
	122.02	34.20	67.70	0.00	0.0609	10.55	464.1	398.12	0.0704	585.0	10.531	22.08	12.92	1.69
	123.02	34.24	67.67	0.00	0.0608	10.54	463.8	398.08	0.0717	601.5	10.827	22.71	13.34	1.69
