Jul 25 2015 at 9:43:42
Frequency: 1.00Hz.
CO2
Zero:  Value:0.95  Date:18 Mar 2005	 at 07:22:33	
Span:  Value:1.00  Date:18 Mar 2005	 at 07:25:09	
H2O
Zero:  Value:0.71  Date:18 Mar 2005	 at 07:52:31	
Span:  Value:0.99  Date:18 Mar 2005	 at 11:44:01	
	Relative Time	Temperature	Pressure	Aux Input	CO2 Absorptance	CO2 mmol/m3	CO2 mg/m3	CO2 umol/mol	H2O Absorptance	H2O mmol/m3	H2O g/m3	H2O mmol/mol	H2O(°C)	Cooler Voltage
	0.39	18.32	67.81	0.00	0.0624	10.90	479.6	389.51	0.0525	383.8	6.909	13.72	5.86	1.52
	1.40	18.30	67.83	0.00	0.0624	10.92	480.6	390.20	0.0531	385.1	6.931	13.76	5.91	1.52
	2.42	18.30	67.83	-0.00	0.0619	10.78	474.4	385.12	0.0545	404.1	7.273	14.43	6.61	1.52
	3.49	18.27	67.81	-0.00	0.0618	10.76	473.2	384.31	0.0538	397.9	7.162	14.22	6.38	1.52
	4.42	18.27	67.82	-0.00	0.0618	10.75	473.0	384.08	0.0536	394.9	7.109	14.11	6.28	1.52
	5.40	18.27	67.81	0.00	0.0620	10.80	475.1	385.79	0.0539	398.3	7.170	14.23	6.40	1.52
	6.41	18.27	67.83	-0.00	0.0618	10.77	474.0	384.81	0.0537	395.4	7.118	14.12	6.29	1.52
	7.41	18.27	67.81	0.00	0.0620	10.79	474.6	385.41	0.0537	394.7	7.105	14.10	6.27	1.52
	8.41	18.27	67.83	0.00	0.0621	10.83	476.4	386.69	0.0538	397.4	7.153	14.19	6.36	1.52
	9.41	18.28	67.83	-0.00	0.0619	10.78	474.5	385.26	0.0537	394.8	7.106	14.10	6.27	1.52
	10.50	18.27	67.83	-0.00	0.0620	10.80	475.3	385.80	0.0537	395.8	7.124	14.14	6.31	1.52
	11.42	18.28	67.81	-0.00	0.0619	10.78	474.5	385.39	0.0534	392.3	7.061	14.02	6.18	1.52
	12.43	18.30	67.83	-0.00	0.0621	10.83	476.5	386.88	0.0536	394.6	7.102	14.10	6.26	1.52
	13.42	18.30	67.81	-0.00	0.0620	10.81	475.9	386.48	0.0536	394.5	7.101	14.10	6.26	1.52
	14.40	18.30	67.81	0.00	0.0620	10.82	476.0	386.58	0.0536	393.7	7.087	14.07	6.23	1.52
	15.47	18.35	67.83	0.00	0.0619	10.79	474.8	385.52	0.0534	392.3	7.061	14.02	6.18	1.52
	16.39	18.33	67.83	0.00	0.0620	10.78	474.5	385.27	0.0533	389.7	7.015	13.92	6.09	1.52
	17.49	18.33	67.83	-0.00	0.0620	10.81	475.8	386.30	0.0532	390.9	7.036	13.96	6.13	1.52
	18.39	18.37	67.85	0.00	0.0620	10.82	476.2	386.59	0.0533	391.9	7.054	14.00	6.17	1.52
	19.41	18.36	67.81	0.00	0.0620	10.80	475.2	386.02	0.0533	390.7	7.033	13.96	6.13	1.52
	20.41	18.37	67.83	-0.00	0.0619	10.79	475.0	385.70	0.0532	390.6	7.031	13.96	6.12	1.52
	21.42	18.37	67.81	0.00	0.0619	10.78	474.3	385.31	0.0531	389.5	7.011	13.92	6.08	1.52
	22.40	18.37	67.81	-0.00	0.0619	10.77	474.1	385.14	0.0531	388.8	6.999	13.90	6.06	1.52
	23.40	18.38	67.81	0.00	0.0620	10.80	475.2	386.03	0.0532	390.3	7.026	13.95	6.11	1.52
	24.40	18.40	67.83	0.00	0.0621	10.83	476.5	386.97	0.0533	391.7	7.051	14.00	6.16	1.52
	25.41	18.40	67.78	0.00	0.0619	10.81	475.5	386.45	0.0534	392.4	7.063	14.03	6.19	1.52
	26.41	18.42	67.83	0.00	0.0618	10.76	473.5	384.61	0.0532	390.9	7.036	13.97	6.13	1.52
	27.43	18.42	67.81	-0.00	0.0619	10.76	473.5	384.69	0.0531	388.5	6.994	13.89	6.05	1.52
	28.42	18.42	67.83	0.00	0.0621	10.82	476.2	386.81	0.0533	390.3	7.026	13.95	6.11	1.52
	29.48	18.41	67.78	0.00	0.0620	10.81	475.6	386.53	0.0534	392.0	7.055	14.02	6.17	1.52
	30.40	18.43	67.83	0.00	0.0619	10.78	474.5	385.40	0.0532	390.9	7.036	13.97	6.13	1.52
	31.42	18.45	67.76	0.00	0.0620	10.78	474.5	385.85	0.0533	391.2	7.042	14.00	6.15	1.52
	32.42	18.43	67.85	-0.00	0.0619	10.77	473.9	384.76	0.0537	395.4	7.118	14.13	6.30	1.52
	33.41	18.41	67.83	0.00	0.0619	10.78	474.4	385.25	0.0536	394.1	7.094	14.08	6.25	1.52
	34.41	18.43	67.83	-0.00	0.0619	10.77	474.0	385.02	0.0535	394.1	7.094	14.08	6.25	1.52
	35.40	18.43	67.81	0.00	0.0618	10.78	474.2	385.29	0.0538	397.1	7.148	14.20	6.36	1.52
	36.41	18.41	67.81	0.00	0.0619	10.76	473.4	384.61	0.0537	394.7	7.105	14.11	6.27	1.52
	37.39	18.41	67.81	0.00	0.0619	10.78	474.3	385.33	0.0541	400.0	7.199	14.30	6.47	1.52
	38.41	18.45	67.81	-0.00	0.0618	10.78	474.1	385.23	0.0541	399.4	7.188	14.28	6.45	1.52
	39.39	18.45	67.81	0.00	0.0618	10.77	473.7	384.94	0.0539	397.6	7.156	14.21	6.38	1.52
	40.40	18.43	67.81	0.00	0.0618	10.75	473.1	384.45	0.0537	395.9	7.125	14.15	6.32	1.52
	41.40	18.45	67.81	0.00	0.0618	10.76	473.5	384.78	0.0538	395.7	7.123	14.15	6.31	1.52
	42.49	18.45	67.81	-0.00	0.0618	10.76	473.6	384.84	0.0540	398.2	7.168	14.24	6.41	1.52
	43.41	18.46	67.83	-0.00	0.0617	10.75	472.8	384.09	0.0539	397.6	7.156	14.21	6.38	1.52
	44.40	18.46	67.86	0.00	0.0617	10.73	472.0	383.24	0.0550	407.2	7.330	14.55	6.73	1.52
	45.41	18.47	67.81	-0.00	0.0617	10.73	472.0	383.58	0.0545	403.6	7.264	14.43	6.60	1.52
	46.41	18.46	67.83	-0.00	0.0617	10.74	472.6	383.91	0.0546	404.0	7.272	14.44	6.62	1.52
	47.41	18.46	67.83	-0.00	0.0617	10.75	473.0	384.21	0.0547	406.6	7.319	14.53	6.71	1.52
	48.41	18.46	67.81	-0.00	0.0616	10.73	472.2	383.71	0.0547	406.5	7.316	14.53	6.70	1.52
	49.41	18.46	67.83	-0.00	0.0616	10.73	472.2	383.58	0.0544	405.2	7.294	14.48	6.66	1.52
	50.42	18.48	67.81	-0.00	0.0618	10.76	473.4	384.73	0.0545	402.8	7.250	14.40	6.57	1.52
	51.40	18.48	67.81	0.00	0.0617	10.74	472.6	384.05	0.0544	403.1	7.256	14.41	6.58	1.52
	52.42	18.50	67.81	-0.00	0.0617	10.73	472.0	383.64	0.0545	404.9	7.287	14.48	6.65	1.52
	53.41	18.48	67.78	-0.00	0.0617	10.73	472.3	383.96	0.0550	408.7	7.356	14.62	6.78	1.52
	54.48	18.48	67.81	0.00	0.0617	10.73	472.2	383.72	0.0549	409.0	7.361	14.62	6.79	1.52
	55.40	18.48	67.83	0.00	0.0617	10.73	472.1	383.50	0.0546	404.8	7.286	14.47	6.64	1.52
	56.39	18.50	67.81	-0.00	0.0616	10.73	472.2	383.77	0.0550	408.6	7.354	14.61	6.78	1.52
	57.39	18.50	67.83	0.00	0.0616	10.73	472.1	383.53	0.0550	408.5	7.353	14.60	6.78	1.52
	58.42	18.50	67.83	-0.00	0.0616	10.72	471.6	383.17	0.0547	407.0	7.326	14.55	6.72	1.52
	59.41	18.50	67.83	0.00	0.0616	10.72	471.5	383.04	0.0545	403.6	7.264	14.43	6.60	1.52
	60.42	18.50	67.81	-0.00	0.0617	10.72	471.8	383.44	0.0546	404.1	7.274	14.45	6.62	1.52
	61.40	18.50	67.83	0.00	0.0616	10.73	472.2	383.61	0.0547	405.2	7.293	14.48	6.66	1.52
	62.40	18.50	67.81	0.00	0.0616	10.72	471.7	383.36	0.0543	402.2	7.239	14.38	6.55	1.52
	63.41	18.50	67.81	-0.00	0.0616	10.72	471.8	383.47	0.0544	402.9	7.252	14.41	6.58	1.52
	64.40	18.51	67.81	0.00	0.0616	10.71	471.1	382.91	0.0543	402.8	7.251	14.41	6.58	1.52
	65.41	18.51	67.81	0.00	0.0616	10.72	471.8	383.44	0.0544	402.3	7.242	14.39	6.56	1.52
	66.39	18.51	67.81	0.00	0.0617	10.73	472.2	383.79	0.0544	403.4	7.262	14.43	6.60	1.52
	67.41	18.51	67.81	0.00	0.0617	10.73	472.0	383.66	0.0545	403.9	7.270	14.44	6.61	1.52
	68.41	18.51	67.81	-0.00	0.0617	10.74	472.5	384.02	0.0547	404.5	7.281	14.47	6.63	1.52
	69.41	18.51	67.83	0.00	0.0616	10.72	471.5	383.10	0.0548	406.4	7.315	14.53	6.70	1.52
	70.40	18.53	67.83	-0.00	0.0616	10.72	471.7	383.23	0.0545	403.7	7.266	14.43	6.61	1.52
	71.42	18.51	67.83	-0.00	0.0616	10.71	471.4	383.01	0.0545	403.0	7.255	14.41	6.58	1.52
	72.42	18.53	67.81	-0.00	0.0616	10.72	471.6	383.32	0.0546	405.9	7.306	14.52	6.69	1.52
	73.40	18.53	67.81	0.00	0.0616	10.71	471.0	382.86	0.0548	406.3	7.314	14.53	6.70	1.52
	74.41	18.53	67.81	0.00	0.0616	10.71	471.1	382.90	0.0545	404.3	7.277	14.46	6.63	1.52
	75.41	18.55	67.81	-0.00	0.0616	10.72	471.5	383.30	0.0545	403.1	7.256	14.42	6.59	1.52
	76.42	18.53	67.81	-0.00	0.0616	10.71	471.4	383.20	0.0549	406.7	7.321	14.55	6.72	1.52
	77.47	18.55	67.81	0.00	0.0616	10.72	471.7	383.47	0.0549	406.5	7.318	14.54	6.71	1.52
	78.42	18.56	67.83	-0.00	0.0616	10.72	471.6	383.28	0.0555	412.7	7.428	14.76	6.93	1.52
	79.40	18.56	67.81	-0.00	0.0615	10.70	471.0	382.86	0.0555	413.5	7.443	14.79	6.96	1.52
	80.40	18.58	67.83	0.00	0.0614	10.67	469.5	381.55	0.0558	416.6	7.499	14.90	7.07	1.52
	81.48	18.56	67.83	-0.00	0.0614	10.67	469.6	381.61	0.0559	418.1	7.526	14.95	7.12	1.52
	82.42	18.56	67.83	-0.00	0.0614	10.66	468.9	381.04	0.0558	416.6	7.499	14.90	7.07	1.52
	83.41	18.56	67.83	-0.00	0.0615	10.68	469.9	381.84	0.0559	418.3	7.530	14.96	7.13	1.52
	84.40	18.55	67.81	0.00	0.0614	10.67	469.5	381.66	0.0557	415.9	7.486	14.87	7.04	1.52
	85.43	18.58	67.83	0.00	0.0614	10.67	469.6	381.65	0.0557	416.0	7.489	14.88	7.05	1.52
	86.47	18.56	67.83	0.00	0.0615	10.69	470.5	382.29	0.0555	414.3	7.457	14.81	6.98	1.52
	87.41	18.56	67.83	0.00	0.0614	10.69	470.2	382.11	0.0555	413.6	7.445	14.79	6.96	1.52
	88.41	18.55	67.83	0.00	0.0615	10.70	470.9	382.62	0.0555	413.8	7.448	14.79	6.97	1.52
	89.42	18.55	67.83	-0.00	0.0615	10.70	470.9	382.60	0.0554	413.5	7.444	14.78	6.96	1.52
	90.40	18.53	67.81	0.00	0.0617	10.73	471.9	383.61	0.0556	415.0	7.470	14.84	7.01	1.52
	91.42	18.53	67.81	0.00	0.0616	10.73	472.1	383.71	0.0554	412.7	7.429	14.76	6.93	1.52
	92.40	18.56	67.83	0.00	0.0618	10.74	472.3	383.83	0.0554	413.1	7.435	14.77	6.94	1.52
	93.48	18.55	67.83	0.00	0.0616	10.72	471.7	383.28	0.0555	413.5	7.443	14.78	6.96	1.52
	94.41	18.56	67.81	-0.00	0.0616	10.72	471.6	383.36	0.0556	415.6	7.480	14.86	7.03	1.52
	95.41	18.58	67.83	-0.00	0.0616	10.71	471.1	382.88	0.0557	416.4	7.495	14.89	7.06	1.52
	96.42	18.56	67.83	-0.00	0.0616	10.71	471.3	383.00	0.0557	415.4	7.477	14.85	7.03	1.52
	97.41	18.56	67.83	0.00	0.0616	10.72	471.6	383.24	0.0556	415.5	7.479	14.86	7.03	1.52
	98.39	18.58	67.83	0.00	0.0617	10.73	472.3	383.76	0.0555	414.8	7.466	14.83	7.00	1.52
	99.40	18.56	67.81	-0.00	0.0617	10.73	472.1	383.76	0.0556	414.8	7.467	14.84	7.00	1.52
	100.40	18.56	67.83	-0.00	0.0617	10.75	472.9	384.25	0.0560	419.1	7.543	14.98	7.15	1.52
	101.42	18.56	67.83	-0.00	0.0615	10.69	470.5	382.33	0.0559	417.0	7.505	14.91	7.08	1.52
	102.40	18.56	67.81	0.00	0.0615	10.69	470.6	382.52	0.0560	419.6	7.553	15.01	7.17	1.52
	103.40	18.56	67.81	0.00	0.0615	10.69	470.4	382.35	0.0559	418.7	7.536	14.98	7.14	1.53
	104.41	18.56	67.81	-0.00	0.0614	10.69	470.3	382.35	0.0561	420.6	7.570	15.04	7.21	1.52
	105.39	18.56	67.83	0.00	0.0614	10.68	470.0	381.89	0.0559	419.1	7.544	14.98	7.15	1.52
	106.41	18.56	67.83	0.00	0.0615	10.70	471.0	382.71	0.0560	420.4	7.568	15.03	7.20	1.52
	107.42	18.56	67.81	-0.00	0.0615	10.70	470.9	382.83	0.0562	421.0	7.577	15.06	7.22	1.52
	108.41	18.56	67.81	0.00	0.0615	10.71	471.0	382.91	0.0561	421.0	7.578	15.06	7.22	1.52
	109.42	18.58	67.83	-0.00	0.0616	10.72	471.8	383.39	0.0561	420.9	7.576	15.05	7.22	1.52
	110.42	18.58	67.83	-0.00	0.0616	10.72	471.8	383.38	0.0561	420.9	7.576	15.05	7.22	1.53
	111.40	18.60	67.83	0.00	0.0616	10.72	471.9	383.47	0.0561	420.9	7.576	15.05	7.22	1.52
	112.41	18.58	67.83	-0.00	0.0616	10.72	471.7	383.31	0.0561	421.0	7.578	15.05	7.22	1.52
	113.41	18.58	67.81	-0.00	0.0616	10.72	471.5	383.29	0.0561	419.5	7.551	15.01	7.17	1.52
	114.41	18.58	67.83	-0.00	0.0616	10.71	471.3	382.99	0.0561	419.7	7.555	15.01	7.18	1.52
	115.41	18.60	67.83	-0.00	0.0615	10.70	470.6	382.46	0.0560	420.3	7.566	15.03	7.20	1.53
	116.47	18.60	67.83	0.00	0.0616	10.71	471.1	382.85	0.0561	419.9	7.558	15.01	7.18	1.52
	117.41	18.58	67.81	0.00	0.0614	10.68	470.1	382.16	0.0562	421.2	7.582	15.07	7.23	1.52
	118.42	18.61	67.81	-0.00	0.0614	10.68	469.8	381.96	0.0564	421.2	7.582	15.07	7.23	1.52
	119.40	18.60	67.81	0.00	0.0614	10.68	469.7	381.88	0.0565	425.2	7.654	15.21	7.37	1.52
	120.42	18.60	67.81	0.00	0.0615	10.69	470.5	382.52	0.0564	424.0	7.632	15.17	7.32	1.53
	121.42	18.60	67.83	-0.00	0.0616	10.71	471.2	382.94	0.0562	421.9	7.594	15.09	7.25	1.53
	122.41	18.63	67.81	0.00	0.0616	10.71	471.1	383.07	0.0562	422.1	7.597	15.10	7.26	1.52
	123.41	18.65	67.83	0.00	0.0616	10.70	470.6	382.53	0.0564	422.8	7.610	15.12	7.29	1.52
