Jul 25 2015 at 13:47:52
Frequency: 1.00Hz.
CO2
Zero:  Value:0.95  Date:18 Mar 2005	 at 07:22:33	
Span:  Value:1.00  Date:18 Mar 2005	 at 07:25:09	
H2O
Zero:  Value:0.71  Date:18 Mar 2005	 at 07:52:31	
Span:  Value:0.99  Date:18 Mar 2005	 at 11:44:01	
	Relative Time	Temperature	Pressure	Aux Input	CO2 Absorptance	CO2 mmol/m3	CO2 mg/m3	CO2 umol/mol	H2O Absorptance	H2O mmol/m3	H2O g/m3	H2O mmol/mol	H2O(°C)	Cooler Voltage
	0.11	32.46	70.23	0.00	0.0614	10.56	464.6	382.04	0.0803	694.2	12.496	25.12	15.47	1.72
	1.09	32.49	70.23	0.00	0.0610	10.46	460.2	378.41	0.0853	785.7	14.143	28.43	17.42	1.72
	2.11	32.48	70.25	0.00	0.0610	10.50	461.9	379.73	0.0865	755.9	13.606	27.34	16.81	1.72
	3.12	32.52	70.23	0.00	0.0613	10.54	463.6	381.26	0.0825	731.2	13.161	26.46	16.28	1.72
	4.10	32.51	70.23	0.00	0.0612	10.54	463.6	381.27	0.0825	726.9	13.083	26.30	16.19	1.72
	5.12	32.56	70.25	0.00	0.0612	10.51	462.4	380.18	0.0823	724.8	13.046	26.22	16.15	1.72
	6.10	32.56	70.25	0.00	0.0611	10.50	462.0	379.85	0.0825	725.2	13.053	26.24	16.16	1.72
	7.10	32.56	70.25	0.00	0.0609	10.45	460.0	378.25	0.0823	726.7	13.080	26.29	16.19	1.72
	8.10	32.59	70.25	-0.00	0.0608	10.43	458.7	377.20	0.0806	707.9	12.743	25.61	15.78	1.72
	9.10	32.58	70.25	0.00	0.0608	10.43	459.0	377.49	0.0815	712.8	12.831	25.79	15.89	1.72
	10.09	32.56	70.25	-0.00	0.0610	10.47	460.8	378.90	0.0791	688.8	12.398	24.92	15.35	1.72
	11.11	32.62	70.23	-0.00	0.0612	10.52	462.7	380.65	0.0753	635.3	11.436	23.00	14.10	1.72
	12.18	32.66	70.25	0.00	0.0612	10.51	462.6	380.48	0.0758	640.4	11.528	23.18	14.23	1.72
	13.10	32.65	70.23	0.00	0.0614	10.55	464.0	381.78	0.0740	617.0	11.106	22.34	13.65	1.72
	14.16	32.62	70.23	0.00	0.0613	10.55	464.0	381.76	0.0744	621.6	11.188	22.50	13.77	1.72
	15.10	32.65	70.20	0.00	0.0612	10.51	462.5	380.67	0.0746	626.1	11.271	22.68	13.88	1.72
	16.08	32.64	70.23	0.00	0.0612	10.51	462.6	380.60	0.0753	631.3	11.364	22.85	14.01	1.72
	17.10	32.67	70.23	0.00	0.0611	10.50	462.0	380.12	0.0758	639.1	11.504	23.14	14.20	1.72
	18.10	32.65	70.25	0.00	0.0610	10.47	460.8	378.96	0.0757	638.9	11.499	23.12	14.19	1.72
	19.11	32.64	70.27	0.00	0.0611	10.49	461.3	379.32	0.0754	636.4	11.455	23.02	14.13	1.72
	20.17	32.67	70.25	0.00	0.0610	10.48	461.2	379.35	0.0758	639.5	11.511	23.15	14.21	1.72
	21.12	32.58	70.25	-0.00	0.0609	10.46	460.2	378.45	0.0758	639.9	11.518	23.15	14.21	1.72
	22.11	32.56	70.25	-0.00	0.0609	10.46	460.1	378.31	0.0759	642.2	11.560	23.23	14.27	1.72
	23.10	32.54	70.23	0.00	0.0610	10.47	460.5	378.75	0.0759	641.1	11.540	23.20	14.24	1.72
	24.09	32.54	70.23	0.00	0.0609	10.45	459.7	378.06	0.0764	646.5	11.638	23.40	14.37	1.72
	25.10	32.58	70.23	0.00	0.0608	10.44	459.2	377.72	0.0766	651.8	11.732	23.59	14.50	1.72
	26.10	32.58	70.25	0.00	0.0608	10.42	458.4	376.95	0.0772	656.9	11.824	23.77	14.62	1.72
	27.10	32.60	70.25	0.00	0.0608	10.42	458.5	377.05	0.0769	656.1	11.811	23.74	14.60	1.72
	28.09	32.62	70.23	0.00	0.0608	10.42	458.5	377.18	0.0769	653.7	11.766	23.66	14.54	1.72
	29.09	32.63	70.25	0.00	0.0606	10.40	457.7	376.47	0.0768	653.2	11.758	23.64	14.53	1.72
	30.11	32.60	70.25	-0.00	0.0606	10.39	457.1	375.90	0.0767	653.1	11.755	23.63	14.53	1.72
	31.09	32.61	70.27	0.00	0.0605	10.37	456.3	375.17	0.0769	653.9	11.770	23.65	14.55	1.72
	32.09	32.58	70.25	0.00	0.0606	10.37	456.4	375.29	0.0770	655.2	11.793	23.71	14.58	1.72
	33.10	32.56	70.26	-0.00	0.0605	10.37	456.2	375.09	0.0769	654.9	11.789	23.69	14.57	1.72
	34.12	32.48	70.20	-0.00	0.0605	10.36	455.8	374.92	0.0769	654.3	11.777	23.68	14.55	1.72
	35.12	32.50	70.23	0.00	0.0605	10.37	456.2	375.21	0.0773	658.2	11.848	23.82	14.64	1.72
	36.10	32.52	70.23	0.00	0.0605	10.36	455.9	374.90	0.0772	658.9	11.860	23.84	14.66	1.72
	37.19	32.50	70.20	-0.00	0.0605	10.37	456.2	375.34	0.0773	659.8	11.876	23.88	14.68	1.72
	38.09	32.53	70.25	0.00	0.0606	10.37	456.4	375.27	0.0772	659.1	11.863	23.84	14.67	1.72
	39.11	32.56	70.25	-0.00	0.0606	10.38	456.6	375.46	0.0773	659.5	11.872	23.86	14.68	1.72
	40.09	32.58	70.25	0.00	0.0606	10.38	456.7	375.56	0.0773	660.0	11.881	23.88	14.69	1.72
	41.11	32.60	70.26	-0.00	0.0605	10.38	456.6	375.50	0.0774	660.4	11.888	23.90	14.70	1.72
	42.10	32.65	70.23	-0.00	0.0606	10.37	456.4	375.49	0.0773	659.8	11.877	23.89	14.69	1.72
	43.10	32.63	70.25	-0.00	0.0606	10.38	456.6	375.50	0.0773	659.5	11.870	23.87	14.68	1.72
	44.10	32.63	70.23	-0.00	0.0605	10.38	456.5	375.59	0.0773	659.4	11.869	23.87	14.68	1.72
	45.10	32.59	70.25	0.00	0.0605	10.37	456.5	375.37	0.0771	657.9	11.841	23.80	14.64	1.72
	46.10	32.56	70.23	0.00	0.0605	10.37	456.1	375.15	0.0772	657.3	11.831	23.79	14.63	1.72
	47.11	32.54	70.23	-0.00	0.0605	10.37	456.3	375.26	0.0773	658.6	11.856	23.84	14.66	1.72
	48.13	32.54	70.23	-0.00	0.0605	10.37	456.2	375.23	0.0773	659.4	11.870	23.86	14.68	1.72
	49.09	32.58	70.20	0.00	0.0606	10.38	456.8	375.89	0.0774	661.3	11.904	23.94	14.72	1.72
	50.12	32.50	70.23	-0.00	0.0606	10.39	457.3	376.10	0.0775	662.2	11.919	23.96	14.74	1.72
	51.09	32.51	70.21	0.00	0.0606	10.39	457.2	376.07	0.0774	661.5	11.907	23.94	14.72	1.72
	52.10	32.52	70.23	0.00	0.0606	10.39	457.3	376.10	0.0774	661.5	11.907	23.94	14.72	1.72
	53.09	32.52	70.25	0.00	0.0607	10.39	457.3	375.98	0.0768	652.2	11.739	23.59	14.50	1.73
	54.10	32.51	70.23	0.00	0.0606	10.40	457.5	376.25	0.0753	634.8	11.427	22.97	14.09	1.72
	55.10	32.50	70.23	0.00	0.0607	10.42	458.5	377.05	0.0756	641.2	11.542	23.20	14.24	1.72
	56.10	32.52	70.23	0.00	0.0609	10.44	459.5	377.90	0.0763	645.6	11.621	23.36	14.35	1.72
	57.11	32.52	70.23	-0.00	0.0607	10.42	458.4	376.99	0.0757	641.5	11.547	23.21	14.25	1.72
	58.11	32.53	70.23	-0.00	0.0607	10.42	458.5	377.06	0.0762	642.8	11.570	23.26	14.28	1.72
	59.11	32.55	70.25	-0.00	0.0608	10.42	458.5	377.02	0.0771	657.1	11.827	23.77	14.62	1.73
	60.19	32.59	70.25	-0.00	0.0607	10.42	458.4	376.96	0.0770	652.6	11.746	23.61	14.52	1.72
	61.09	32.60	70.21	0.00	0.0607	10.40	457.7	376.62	0.0773	661.6	11.909	23.96	14.73	1.72
	62.09	32.67	70.20	0.00	0.0606	10.39	457.3	376.39	0.0780	663.7	11.947	24.04	14.78	1.72
	63.10	32.59	70.23	-0.00	0.0607	10.39	457.2	376.08	0.0771	659.6	11.874	23.87	14.68	1.72
	64.12	32.60	70.23	0.00	0.0607	10.40	457.6	376.43	0.0774	660.9	11.897	23.92	14.71	1.73
	65.10	32.67	70.23	0.00	0.0607	10.39	457.3	376.29	0.0770	657.3	11.831	23.80	14.63	1.73
	66.11	32.60	70.25	0.00	0.0606	10.40	457.6	376.34	0.0772	657.6	11.837	23.80	14.64	1.73
	67.10	32.60	70.23	0.00	0.0606	10.38	456.8	375.80	0.0772	658.7	11.856	23.84	14.66	1.72
	68.11	32.69	70.25	0.00	0.0606	10.39	457.2	376.12	0.0775	661.4	11.905	23.94	14.73	1.73
	69.09	32.65	70.23	0.00	0.0607	10.40	457.7	376.59	0.0776	663.5	11.942	24.02	14.78	1.72
	70.11	32.68	70.25	0.00	0.0606	10.38	456.9	375.81	0.0774	661.1	11.899	23.93	14.72	1.73
	71.11	32.69	70.25	0.00	0.0605	10.38	456.8	375.73	0.0772	660.1	11.881	23.89	14.70	1.73
	72.10	32.58	70.23	0.00	0.0605	10.37	456.2	375.26	0.0770	655.1	11.792	23.71	14.58	1.73
	73.09	32.54	70.23	0.00	0.0607	10.41	457.8	376.53	0.0775	661.5	11.907	23.94	14.72	1.73
	74.16	32.46	70.23	0.00	0.0606	10.39	457.2	375.95	0.0778	663.7	11.947	24.01	14.77	1.73
	75.10	32.48	70.25	0.00	0.0607	10.39	457.4	375.97	0.0780	667.4	12.013	24.14	14.86	1.73
	76.10	32.43	70.23	0.00	0.0606	10.38	456.8	375.57	0.0783	672.6	12.106	24.33	14.98	1.73
	77.09	32.44	70.25	0.00	0.0606	10.39	457.2	375.78	0.0785	676.4	12.175	24.46	15.06	1.73
	78.17	32.44	70.23	0.00	0.0605	10.37	456.2	375.13	0.0782	671.6	12.089	24.30	14.95	1.73
	79.11	32.49	70.23	-0.00	0.0604	10.36	455.7	374.76	0.0779	668.0	12.024	24.17	14.87	1.73
	80.11	32.46	70.20	0.00	0.0604	10.35	455.5	374.66	0.0781	668.4	12.032	24.19	14.88	1.73
	81.11	32.46	70.23	-0.00	0.0605	10.37	456.1	375.04	0.0782	671.2	12.081	24.28	14.94	1.73
	82.10	32.38	70.23	-0.00	0.0605	10.36	455.8	374.67	0.0782	671.3	12.084	24.28	14.95	1.73
	83.12	32.39	70.23	-0.00	0.0605	10.36	455.9	374.74	0.0786	676.5	12.177	24.47	15.06	1.73
	84.10	32.38	70.25	-0.00	0.0605	10.35	455.6	374.36	0.0791	682.7	12.289	24.69	15.21	1.73
	85.10	32.46	70.25	0.00	0.0604	10.34	455.1	374.11	0.0787	678.6	12.214	24.54	15.12	1.73
	86.08	32.50	70.25	0.00	0.0604	10.33	454.6	373.72	0.0786	676.5	12.178	24.47	15.07	1.73
	87.11	32.58	70.23	-0.00	0.0604	10.35	455.5	374.69	0.0783	672.9	12.113	24.36	14.99	1.73
	88.08	32.58	70.23	0.00	0.0604	10.35	455.3	374.52	0.0784	673.4	12.122	24.37	15.00	1.73
	89.11	32.60	70.23	0.00	0.0604	10.34	455.0	374.30	0.0783	673.6	12.125	24.38	15.01	1.73
	90.11	32.60	70.23	0.00	0.0605	10.36	455.7	374.92	0.0787	677.5	12.194	24.52	15.10	1.73
	91.10	32.62	70.23	0.00	0.0605	10.36	455.8	375.04	0.0788	678.6	12.215	24.57	15.12	1.73
	92.10	32.67	70.25	0.00	0.0604	10.35	455.5	374.67	0.0788	678.6	12.215	24.56	15.13	1.73
	93.10	32.67	70.25	-0.00	0.0605	10.36	455.9	375.01	0.0784	674.7	12.144	24.42	15.04	1.73
	94.10	32.61	70.25	0.00	0.0604	10.36	455.7	374.73	0.0785	672.9	12.112	24.35	14.99	1.73
	95.10	32.60	70.25	0.00	0.0604	10.35	455.2	374.35	0.0786	677.1	12.187	24.50	15.09	1.73
	96.10	32.62	70.25	0.00	0.0604	10.35	455.6	374.66	0.0790	680.8	12.255	24.64	15.18	1.73
	97.09	32.65	70.25	-0.00	0.0604	10.34	454.9	374.18	0.0788	679.3	12.228	24.58	15.14	1.73
	98.11	32.69	70.23	-0.00	0.0604	10.34	454.9	374.30	0.0787	677.5	12.195	24.53	15.10	1.73
	99.11	32.62	70.25	-0.00	0.0604	10.34	455.0	374.21	0.0789	679.0	12.222	24.57	15.13	1.73
	100.09	32.58	70.23	0.00	0.0603	10.33	454.7	374.04	0.0789	680.6	12.251	24.64	15.17	1.73
	101.17	32.58	70.23	0.00	0.0603	10.34	454.9	374.17	0.0789	682.3	12.281	24.70	15.21	1.73
	102.10	32.59	70.25	-0.00	0.0604	10.35	455.3	374.42	0.0792	681.8	12.273	24.67	15.20	1.73
	103.10	32.52	70.23	0.00	0.0604	10.35	455.3	374.45	0.0795	688.5	12.394	24.92	15.35	1.73
	104.08	32.46	70.25	0.00	0.0604	10.34	455.0	374.05	0.0792	682.1	12.277	24.67	15.20	1.73
	105.10	32.54	70.23	0.00	0.0604	10.35	455.2	374.40	0.0796	687.3	12.372	24.87	15.32	1.73
	106.11	32.52	70.23	-0.00	0.0602	10.30	453.1	372.69	0.0797	690.2	12.424	24.98	15.38	1.73
	107.17	32.58	70.25	0.00	0.0603	10.32	454.2	373.51	0.0802	696.2	12.531	25.19	15.52	1.73
	108.11	32.52	70.25	0.00	0.0604	10.34	455.0	374.09	0.0801	697.0	12.545	25.21	15.53	1.73
	109.11	32.54	70.23	-0.00	0.0604	10.33	454.4	373.72	0.0796	689.5	12.410	24.95	15.37	1.73
	110.12	32.50	70.25	-0.00	0.0603	10.32	454.1	373.28	0.0791	682.6	12.287	24.69	15.21	1.73
	111.09	32.52	70.23	0.00	0.0604	10.34	454.8	374.04	0.0792	684.7	12.324	24.78	15.26	1.73
	112.12	32.46	70.20	-0.00	0.0604	10.34	454.8	374.08	0.0800	693.4	12.481	25.10	15.45	1.73
	113.10	32.59	70.23	-0.00	0.0604	10.34	454.9	374.22	0.0797	692.3	12.461	25.06	15.43	1.73
	114.11	32.65	70.25	-0.00	0.0604	10.33	454.6	373.91	0.0795	688.0	12.383	24.90	15.34	1.73
	115.10	32.61	70.23	-0.00	0.0604	10.35	455.3	374.56	0.0797	690.6	12.430	25.00	15.40	1.73
	116.17	32.60	70.23	-0.00	0.0604	10.35	455.2	374.49	0.0797	690.0	12.419	24.97	15.38	1.74
	117.11	32.57	70.25	-0.00	0.0604	10.34	454.9	374.01	0.0799	693.3	12.480	25.08	15.46	1.74
	118.17	32.56	70.25	-0.00	0.0604	10.35	455.3	374.34	0.0799	694.3	12.497	25.12	15.48	1.74
	119.09	32.55	70.23	0.00	0.0605	10.35	455.2	374.42	0.0799	693.7	12.487	25.10	15.46	1.74
	120.09	32.44	70.26	0.00	0.0604	10.34	454.8	373.83	0.0799	689.5	12.411	24.93	15.36	1.73
	121.12	32.42	70.28	-0.00	0.0604	10.33	454.7	373.60	0.0794	682.5	12.286	24.67	15.20	1.74
