Jul 25 2015 at 16:08:19
Frequency: 1.00Hz.
CO2
Zero:  Value:0.95  Date:18 Mar 2005	 at 07:22:33	
Span:  Value:1.00  Date:18 Mar 2005	 at 07:25:09	
H2O
Zero:  Value:0.71  Date:18 Mar 2005	 at 07:52:31	
Span:  Value:0.99  Date:18 Mar 2005	 at 11:44:01	
	Relative Time	Temperature	Pressure	Aux Input	CO2 Absorptance	CO2 mmol/m3	CO2 mg/m3	CO2 umol/mol	H2O Absorptance	H2O mmol/m3	H2O g/m3	H2O mmol/mol	H2O(°C)	Cooler Voltage
	0.06	33.10	67.70	-0.00	0.0622	10.86	477.7	408.34	0.0488	344.9	6.208	12.97	5.04	1.67
	1.06	33.17	67.68	-0.00	0.0622	10.86	477.8	408.61	0.0485	341.4	6.145	12.85	4.90	1.67
	2.08	33.15	67.68	-0.00	0.0622	10.87	478.2	408.94	0.0485	344.6	6.203	12.97	5.03	1.67
	3.06	33.17	67.68	0.00	0.0623	10.86	478.0	408.83	0.0493	351.9	6.334	13.24	5.33	1.67
	4.06	33.15	67.68	-0.00	0.0622	10.86	477.7	408.53	0.0490	351.9	6.334	13.24	5.33	1.66
	5.05	33.16	67.70	0.00	0.0624	10.87	478.2	408.83	0.0508	348.7	6.277	13.12	5.20	1.67
	6.13	33.19	67.70	-0.00	0.0626	10.93	481.1	411.33	0.0532	385.8	6.944	14.51	6.66	1.66
	7.04	33.17	67.70	0.00	0.0625	10.89	479.3	409.77	0.0528	385.6	6.941	14.51	6.65	1.67
	8.05	33.16	67.68	0.00	0.0624	10.88	478.9	409.60	0.0513	371.9	6.695	14.00	6.13	1.67
	9.05	33.17	67.72	0.00	0.0623	10.86	478.0	408.50	0.0511	368.5	6.632	13.86	5.99	1.66
	10.05	33.13	67.65	-0.00	0.0622	10.86	477.7	408.67	0.0517	373.3	6.720	14.05	6.18	1.66
	11.04	33.16	67.70	0.00	0.0622	10.87	478.2	408.82	0.0519	376.4	6.775	14.16	6.30	1.66
	12.06	33.14	67.72	0.00	0.0622	10.86	478.0	408.45	0.0522	380.3	6.846	14.30	6.45	1.66
	13.06	33.15	67.70	0.00	0.0622	10.87	478.1	408.78	0.0521	379.5	6.831	14.27	6.42	1.66
	14.04	33.15	67.68	0.00	0.0622	10.87	478.4	409.10	0.0556	414.0	7.452	15.58	7.69	1.66
	15.05	33.14	67.72	0.00	0.0623	10.88	478.8	409.16	0.0547	406.4	7.316	15.28	7.42	1.66
	16.07	33.15	67.67	-0.00	0.0622	10.86	477.8	408.64	0.0557	411.2	7.402	15.48	7.59	1.66
	17.05	33.10	67.68	0.00	0.0619	10.84	476.8	407.69	0.0585	420.5	7.570	15.82	7.92	1.66
	18.05	33.13	67.68	0.00	0.0620	10.86	478.0	408.78	0.0582	425.1	7.652	16.00	8.08	1.66
	19.05	33.10	67.70	0.00	0.0618	10.81	475.7	406.60	0.0593	445.7	8.023	16.76	8.77	1.66
	20.06	33.09	67.70	-0.00	0.0621	10.83	476.7	407.47	0.0584	432.1	7.778	16.25	8.32	1.66
	21.06	33.15	67.70	0.00	0.0618	10.76	473.6	404.86	0.0609	471.4	8.485	17.73	9.61	1.66
	22.04	33.14	67.67	0.00	0.0616	10.71	471.1	402.88	0.0624	497.8	8.960	18.73	10.42	1.66
	23.04	33.17	67.70	0.00	0.0616	10.73	472.1	403.61	0.0618	486.9	8.765	18.32	10.09	1.66
	24.05	33.12	67.70	0.00	0.0616	10.73	472.0	403.48	0.0603	468.9	8.440	17.64	9.53	1.66
	25.05	33.15	67.68	-0.00	0.0617	10.74	472.6	404.13	0.0613	474.9	8.548	17.87	9.72	1.66
	26.07	33.10	67.65	-0.00	0.0617	10.73	472.3	404.02	0.0612	476.4	8.574	17.93	9.76	1.66
	27.14	33.13	67.70	-0.00	0.0616	10.69	470.5	402.18	0.0615	483.2	8.697	18.17	9.97	1.66
	28.07	33.13	67.70	-0.00	0.0616	10.72	471.6	403.11	0.0616	480.3	8.646	18.07	9.89	1.66
	29.06	33.10	67.68	0.00	0.0614	10.70	470.8	402.58	0.0615	481.9	8.673	18.13	9.93	1.66
	30.08	33.15	67.68	-0.00	0.0615	10.70	470.8	402.67	0.0617	481.9	8.674	18.13	9.93	1.66
	31.06	33.13	67.67	-0.00	0.0613	10.67	469.6	401.58	0.0621	486.1	8.750	18.29	10.06	1.66
	32.06	33.17	67.70	-0.00	0.0614	10.64	468.2	400.31	0.0623	495.2	8.913	18.63	10.34	1.66
	33.06	33.14	67.65	0.00	0.0613	10.66	469.2	401.42	0.0622	488.1	8.785	18.37	10.12	1.66
	34.05	33.14	67.68	-0.00	0.0614	10.66	469.0	401.06	0.0621	486.2	8.752	18.29	10.07	1.66
	35.05	33.13	67.72	-0.00	0.0614	10.68	469.8	401.43	0.0620	485.6	8.740	18.26	10.05	1.66
	36.07	33.14	67.70	-0.00	0.0613	10.66	469.2	401.14	0.0617	483.8	8.709	18.20	9.99	1.66
	37.05	33.17	67.68	0.00	0.0614	10.67	469.6	401.61	0.0626	489.4	8.810	18.42	10.17	1.66
	38.05	33.14	67.67	-0.00	0.0612	10.64	468.1	400.33	0.0624	487.4	8.772	18.34	10.10	1.66
	39.06	33.16	67.70	-0.00	0.0611	10.63	467.9	400.02	0.0631	499.5	8.991	18.79	10.47	1.66
	40.06	33.16	67.70	0.00	0.0612	10.62	467.3	399.52	0.0635	499.9	8.998	18.80	10.48	1.66
	41.06	33.18	67.70	-0.00	0.0609	10.57	465.2	397.74	0.0671	543.6	9.786	20.45	11.75	1.66
	42.04	33.16	67.68	0.00	0.0610	10.56	464.8	397.53	0.0660	538.6	9.695	20.27	11.61	1.66
	43.06	33.18	67.68	0.00	0.0609	10.57	465.0	397.73	0.0659	531.7	9.571	20.01	11.42	1.66
	44.07	33.21	67.72	-0.00	0.0609	10.58	465.4	397.80	0.0657	529.8	9.536	19.92	11.36	1.66
	45.05	33.18	67.70	0.00	0.0610	10.57	465.1	397.68	0.0653	521.6	9.389	19.62	11.13	1.66
	46.07	33.21	67.70	-0.00	0.0609	10.57	465.2	397.77	0.0656	526.7	9.480	19.82	11.27	1.66
	47.05	33.16	67.65	0.00	0.0610	10.59	466.2	398.84	0.0650	520.2	9.364	19.58	11.08	1.66
	48.05	33.21	67.67	0.00	0.0610	10.58	465.6	398.32	0.0654	523.8	9.428	19.71	11.19	1.66
	49.05	33.23	67.68	-0.00	0.0609	10.58	465.5	398.13	0.0655	526.4	9.474	19.81	11.26	1.66
	50.05	33.18	67.68	0.00	0.0609	10.58	465.4	398.06	0.0660	530.6	9.552	19.97	11.38	1.66
	51.04	33.19	67.68	0.00	0.0608	10.53	463.3	396.24	0.0664	534.4	9.619	20.11	11.49	1.66
	52.06	33.15	67.68	-0.00	0.0607	10.52	463.0	395.98	0.0673	545.3	9.815	20.52	11.79	1.66
	53.07	33.17	67.68	-0.00	0.0605	10.47	460.6	393.92	0.0685	551.7	9.931	20.76	11.97	1.66
	54.05	33.15	67.68	0.00	0.0603	10.45	459.9	393.31	0.0694	570.5	10.269	21.47	12.48	1.66
	55.05	33.17	67.67	-0.00	0.0604	10.43	459.0	392.58	0.0693	573.9	10.331	21.60	12.57	1.66
	56.05	33.16	67.67	0.00	0.0603	10.44	459.5	393.01	0.0696	577.7	10.398	21.74	12.67	1.66
	57.06	33.14	67.70	-0.00	0.0603	10.44	459.5	392.81	0.0691	571.0	10.277	21.48	12.49	1.66
	58.05	33.17	67.70	-0.00	0.0604	10.44	459.3	392.67	0.0695	568.7	10.236	21.39	12.43	1.66
	59.05	33.16	67.72	-0.00	0.0604	10.45	460.0	393.11	0.0700	579.4	10.429	21.79	12.72	1.66
	60.05	33.19	67.70	0.00	0.0604	10.43	459.1	392.52	0.0701	579.2	10.426	21.79	12.71	1.66
	61.07	33.17	67.68	0.00	0.0601	10.40	457.7	391.42	0.0703	586.3	10.553	22.06	12.90	1.66
	62.06	33.14	67.68	0.00	0.0603	10.41	458.2	391.86	0.0707	585.9	10.546	22.04	12.89	1.66
	63.07	33.14	67.70	-0.00	0.0603	10.42	458.3	391.80	0.0708	588.2	10.588	22.13	12.95	1.66
	64.07	33.17	67.68	-0.00	0.0602	10.41	457.9	391.58	0.0712	594.2	10.696	22.36	13.10	1.66
	65.05	33.15	67.68	0.00	0.0603	10.41	458.2	391.81	0.0713	595.2	10.713	22.40	13.13	1.66
	66.05	33.15	67.72	0.00	0.0603	10.41	458.3	391.62	0.0719	601.5	10.827	22.62	13.29	1.66
	67.05	33.10	67.68	0.00	0.0602	10.39	457.0	390.76	0.0725	609.2	10.966	22.92	13.48	1.66
	68.05	33.12	67.68	0.00	0.0601	10.38	456.6	390.47	0.0728	613.8	11.048	23.09	13.60	1.66
	69.06	33.14	67.68	-0.00	0.0598	10.34	454.8	388.94	0.0730	615.2	11.073	23.15	13.63	1.66
	70.05	33.13	67.70	0.00	0.0600	10.35	455.4	389.35	0.0731	614.4	11.059	23.11	13.61	1.66
	71.06	33.13	67.70	-0.00	0.0598	10.33	454.6	388.63	0.0736	621.2	11.182	23.37	13.78	1.66
	72.04	33.13	67.70	-0.00	0.0601	10.37	456.2	390.01	0.0732	619.5	11.151	23.30	13.74	1.66
	73.06	33.11	67.66	0.00	0.0599	10.34	454.8	389.04	0.0743	627.8	11.301	23.63	13.94	1.66
	74.05	33.12	67.70	0.00	0.0599	10.33	454.7	388.71	0.0747	637.2	11.469	23.97	14.17	1.66
	75.05	33.12	67.70	0.00	0.0599	10.36	455.6	389.48	0.0751	640.2	11.524	24.08	14.25	1.66
	76.07	33.10	67.68	-0.00	0.0599	10.33	454.6	388.69	0.0753	643.9	11.590	24.22	14.33	1.66
	77.06	33.10	67.68	-0.00	0.0595	10.27	451.7	386.22	0.0764	666.4	11.995	25.07	14.87	1.66
	78.05	33.08	67.68	0.00	0.0596	10.28	452.1	386.55	0.0766	662.4	11.923	24.92	14.77	1.66
	79.06	33.11	67.68	0.00	0.0598	10.30	453.3	387.64	0.0765	658.5	11.853	24.78	14.68	1.66
	80.06	33.10	67.70	-0.00	0.0597	10.28	452.2	386.52	0.0761	655.9	11.806	24.67	14.62	1.66
	81.07	33.15	67.65	-0.00	0.0597	10.30	453.2	387.67	0.0767	661.4	11.906	24.90	14.75	1.66
	82.06	33.12	67.68	0.00	0.0597	10.28	452.1	386.61	0.0767	662.6	11.927	24.93	14.78	1.66
	83.04	33.15	67.68	0.00	0.0595	10.24	450.5	385.26	0.0771	671.5	12.087	25.27	14.99	1.66
	84.05	33.20	67.70	0.00	0.0596	10.29	453.0	387.31	0.0767	663.5	11.944	24.96	14.81	1.66
	85.05	33.14	67.70	0.00	0.0596	10.29	452.9	387.14	0.0773	671.7	12.090	25.26	14.99	1.66
	86.05	33.12	67.68	0.00	0.0596	10.25	451.2	385.84	0.0776	674.5	12.140	25.38	15.05	1.66
	87.03	33.12	67.65	0.00	0.0595	10.28	452.1	386.77	0.0777	675.5	12.158	25.42	15.08	1.66
	88.05	33.11	67.68	0.00	0.0593	10.21	449.2	384.09	0.0774	674.0	12.131	25.36	15.04	1.66
	89.05	33.08	67.70	0.00	0.0596	10.22	449.8	384.44	0.0774	671.2	12.081	25.24	14.98	1.66
	90.12	33.09	67.70	0.00	0.0593	10.22	449.7	384.39	0.0775	675.0	12.150	25.39	15.07	1.66
	91.06	33.11	67.70	-0.00	0.0593	10.20	449.0	383.75	0.0782	680.2	12.244	25.58	15.19	1.66
	92.06	33.13	67.68	-0.00	0.0593	10.20	448.9	383.88	0.0790	689.5	12.412	25.94	15.40	1.66
	93.06	33.12	67.70	-0.00	0.0593	10.20	448.7	383.56	0.0789	692.1	12.458	26.03	15.46	1.66
	94.07	33.10	67.70	-0.00	0.0592	10.18	448.0	382.92	0.0793	695.9	12.526	26.17	15.54	1.66
	95.07	33.15	67.70	-0.00	0.0592	10.15	446.5	381.70	0.0796	701.6	12.629	26.39	15.67	1.66
	96.05	33.12	67.68	-0.00	0.0593	10.21	449.2	384.14	0.0796	702.6	12.646	26.43	15.69	1.66
	97.06	33.17	67.70	-0.00	0.0592	10.20	448.7	383.65	0.0797	705.4	12.698	26.54	15.76	1.66
	98.05	33.10	67.68	0.00	0.0592	10.17	447.4	382.53	0.0801	707.5	12.735	26.62	15.80	1.66
	99.08	33.11	67.67	-0.00	0.0589	10.13	445.9	381.27	0.0798	706.4	12.715	26.58	15.78	1.66
	100.12	33.12	67.68	0.00	0.0591	10.16	447.0	382.21	0.0804	714.0	12.851	26.86	15.94	1.66
	101.04	33.15	67.70	0.00	0.0591	10.16	446.8	382.00	0.0809	718.5	12.933	27.03	16.04	1.66
	102.04	33.10	67.68	0.00	0.0590	10.13	445.8	381.18	0.0811	722.4	13.003	27.18	16.13	1.66
	103.05	33.13	67.68	-0.00	0.0589	10.11	444.8	380.38	0.0817	730.2	13.144	27.48	16.30	1.66
	104.05	33.11	67.68	-0.00	0.0589	10.12	445.3	380.73	0.0814	725.2	13.054	27.28	16.19	1.66
	105.04	33.15	67.70	-0.00	0.0590	10.13	445.6	380.99	0.0816	728.5	13.112	27.40	16.26	1.66
	106.05	33.18	67.73	0.00	0.0587	10.07	443.2	378.77	0.0810	722.8	13.011	27.18	16.14	1.66
	107.05	33.11	67.68	-0.00	0.0589	10.11	444.9	380.47	0.0812	725.0	13.051	27.28	16.18	1.66
	108.05	33.15	67.70	-0.00	0.0590	10.15	446.4	381.65	0.0817	731.4	13.165	27.51	16.32	1.66
	109.06	33.13	67.68	0.00	0.0588	10.12	445.1	380.60	0.0817	732.6	13.186	27.56	16.35	1.66
	110.06	33.10	67.67	0.00	0.0588	10.10	444.3	379.95	0.0813	724.7	13.044	27.26	16.17	1.66
	111.04	33.13	67.68	0.00	0.0588	10.10	444.4	380.05	0.0822	737.6	13.277	27.75	16.45	1.66
	112.06	33.09	67.68	0.00	0.0589	10.10	444.2	379.82	0.0818	735.8	13.245	27.68	16.41	1.66
	113.05	33.10	67.65	0.00	0.0588	10.09	443.8	379.65	0.0824	740.0	13.319	27.85	16.50	1.66
	114.11	33.12	67.67	0.00	0.0588	10.10	444.5	380.16	0.0824	739.4	13.310	27.82	16.49	1.66
	115.05	33.17	67.70	0.00	0.0588	10.11	445.0	380.43	0.0824	744.1	13.394	27.99	16.59	1.66
	116.05	33.12	67.70	0.00	0.0586	10.08	443.7	379.32	0.0823	740.5	13.329	27.85	16.51	1.66
	117.05	33.11	67.70	0.00	0.0585	10.04	441.6	377.49	0.0825	741.4	13.345	27.88	16.53	1.66
	118.06	33.12	67.68	-0.00	0.0588	10.10	444.3	379.91	0.0824	742.9	13.372	27.95	16.57	1.66
	119.06	33.12	67.70	-0.00	0.0588	10.09	444.1	379.60	0.0831	750.1	13.503	28.22	16.72	1.66
	120.04	33.14	67.70	0.00	0.0587	10.08	443.5	379.16	0.0829	750.3	13.505	28.22	16.72	1.66
	121.04	33.15	67.68	0.00	0.0585	10.04	441.6	377.65	0.0829	748.2	13.467	28.15	16.68	1.66
	122.04	33.17	67.70	0.00	0.0585	10.02	440.8	376.83	0.0837	760.7	13.693	28.62	16.94	1.66
	123.04	33.14	67.68	0.00	0.0584	10.02	440.8	376.98	0.0837	759.0	13.662	28.56	16.90	1.66
	124.04	33.10	67.70	0.00	0.0584	9.99	439.6	375.76	0.0835	755.3	13.595	28.41	16.83	1.67
	125.05	33.10	67.70	0.00	0.0585	10.01	440.3	376.37	0.0840	762.6	13.727	28.68	16.98	1.66
	126.05	33.07	67.70	0.00	0.0586	10.05	442.2	377.93	0.0843	761.1	13.699	28.62	16.94	1.66
	127.06	33.09	67.68	-0.00	0.0586	10.05	442.0	377.90	0.0841	767.2	13.809	28.86	17.07	1.66
	128.06	33.14	67.68	-0.00	0.0585	10.02	440.9	377.05	0.0844	767.5	13.815	28.88	17.08	1.66
