Jul 25 2015 at 13:07:51
Frequency: 1.00Hz.
CO2
Zero:  Value:0.95  Date:18 Mar 2005	 at 07:22:33	
Span:  Value:1.00  Date:18 Mar 2005	 at 07:25:09	
H2O
Zero:  Value:0.71  Date:18 Mar 2005	 at 07:52:31	
Span:  Value:0.99  Date:18 Mar 2005	 at 11:44:01	
	Relative Time	Temperature	Pressure	Aux Input	CO2 Absorptance	CO2 mmol/m3	CO2 mg/m3	CO2 umol/mol	H2O Absorptance	H2O mmol/m3	H2O g/m3	H2O mmol/mol	H2O(°C)	Cooler Voltage
	0.97	26.75	70.28	0.00	0.0629	10.88	478.9	386.11	0.0701	569.0	10.242	20.19	12.12	1.57
	1.97	26.76	70.28	-0.00	0.0628	10.88	478.5	385.87	0.0692	558.0	10.044	19.80	11.82	1.57
	2.96	26.74	70.26	0.00	0.0628	10.89	479.0	386.29	0.0683	559.9	10.078	19.87	11.87	1.57
	3.96	26.76	70.28	0.00	0.0627	10.87	478.2	385.61	0.0673	537.0	9.665	19.05	11.24	1.57
	4.96	26.76	70.28	0.00	0.0628	10.87	478.4	385.73	0.0673	537.2	9.669	19.06	11.25	1.57
	5.97	26.78	70.26	0.00	0.0628	10.87	478.5	385.96	0.0674	537.2	9.670	19.07	11.25	1.57
	6.97	26.78	70.28	-0.00	0.0629	10.88	478.5	385.86	0.0670	533.5	9.602	18.93	11.15	1.57
	7.97	26.78	70.28	0.00	0.0628	10.87	478.5	385.83	0.0674	537.4	9.673	19.07	11.26	1.57
	8.97	26.76	70.28	0.00	0.0628	10.87	478.1	385.54	0.0675	541.1	9.739	19.20	11.36	1.57
	9.97	26.80	70.28	-0.00	0.0627	10.85	477.3	384.89	0.0685	549.8	9.896	19.51	11.60	1.57
	10.97	26.75	70.28	0.00	0.0627	10.83	476.6	384.27	0.0678	546.8	9.842	19.40	11.52	1.57
	11.97	26.78	70.31	0.00	0.0627	10.84	477.2	384.63	0.0679	543.8	9.789	19.29	11.44	1.57
	12.96	26.74	70.28	-0.00	0.0627	10.80	475.4	383.28	0.0683	556.7	10.021	19.75	11.79	1.57
	13.96	26.76	70.26	0.00	0.0626	10.82	476.2	384.07	0.0687	551.6	9.929	19.58	11.65	1.57
	14.98	26.75	70.31	-0.00	0.0626	10.83	476.3	383.91	0.0698	563.1	10.137	19.97	11.96	1.57
	15.96	26.76	70.26	0.00	0.0625	10.81	475.8	383.76	0.0717	589.3	10.608	20.92	12.65	1.57
	16.97	26.75	70.28	-0.00	0.0626	10.82	476.2	383.96	0.0717	591.4	10.645	20.98	12.71	1.57
	17.97	26.75	70.31	0.00	0.0625	10.80	475.0	382.87	0.0714	585.8	10.544	20.77	12.56	1.57
	18.95	26.74	70.28	0.00	0.0624	10.79	474.6	382.66	0.0712	584.2	10.515	20.72	12.52	1.57
	19.97	26.74	70.26	0.00	0.0625	10.80	475.4	383.43	0.0712	583.2	10.498	20.70	12.49	1.57
	20.98	26.78	70.28	-0.00	0.0625	10.80	475.3	383.26	0.0711	583.3	10.499	20.69	12.50	1.58
	21.98	26.78	70.28	-0.00	0.0626	10.82	476.1	383.94	0.0714	585.2	10.533	20.76	12.55	1.57
	22.98	26.76	70.26	-0.00	0.0625	10.81	475.6	383.64	0.0716	587.1	10.568	20.84	12.60	1.57
	23.98	26.77	70.28	-0.00	0.0624	10.81	475.5	383.46	0.0722	585.4	10.538	20.77	12.55	1.57
	24.96	26.80	70.31	0.00	0.0621	10.72	471.6	380.17	0.0740	616.0	11.089	21.85	13.33	1.57
	25.96	26.78	70.26	0.00	0.0621	10.71	471.2	380.10	0.0746	625.8	11.264	22.21	13.57	1.57
	26.97	26.78	70.28	0.00	0.0619	10.68	469.8	378.81	0.0744	623.9	11.229	22.13	13.53	1.57
	27.99	26.77	70.28	-0.00	0.0619	10.68	469.8	378.86	0.0747	627.5	11.296	22.27	13.62	1.57
	28.97	26.77	70.31	0.00	0.0620	10.69	470.3	379.08	0.0742	624.4	11.239	22.15	13.54	1.57
	29.97	26.76	70.28	0.00	0.0620	10.70	470.8	379.61	0.0737	613.3	11.040	21.76	13.26	1.57
	30.97	26.75	70.28	-0.00	0.0619	10.68	469.9	378.92	0.0738	615.7	11.082	21.84	13.32	1.57
	31.96	26.76	70.25	-0.00	0.0619	10.66	469.1	378.41	0.0729	604.7	10.885	21.46	13.05	1.57
	32.96	26.76	70.31	0.00	0.0619	10.67	469.4	378.36	0.0740	618.3	11.129	21.93	13.39	1.57
	33.96	26.80	70.33	-0.00	0.0619	10.68	470.0	378.78	0.0734	612.8	11.030	21.73	13.25	1.58
	34.98	26.78	70.26	0.00	0.0619	10.66	469.0	378.35	0.0745	623.0	11.214	22.11	13.51	1.57
	35.97	26.77	70.28	-0.00	0.0618	10.65	468.7	377.93	0.0731	616.3	11.094	21.87	13.34	1.57
	36.97	26.77	70.28	-0.00	0.0618	10.65	468.5	377.77	0.0728	603.6	10.864	21.41	13.02	1.57
	37.97	26.80	70.28	-0.00	0.0618	10.64	468.1	377.50	0.0738	617.5	11.116	21.91	13.37	1.58
	38.98	26.80	70.31	-0.00	0.0618	10.65	468.5	377.65	0.0743	621.4	11.185	22.04	13.47	1.58
	39.97	26.80	70.28	0.00	0.0619	10.66	469.0	378.24	0.0736	615.3	11.075	21.83	13.32	1.57
	40.97	26.78	70.25	0.00	0.0619	10.67	469.5	378.74	0.0735	608.0	10.943	21.58	13.13	1.57
	41.98	26.78	70.28	0.00	0.0619	10.67	469.4	378.49	0.0734	610.9	10.996	21.68	13.20	1.57
	42.98	26.80	70.28	-0.00	0.0619	10.66	469.2	378.37	0.0728	602.9	10.853	21.39	13.00	1.57
	43.96	26.77	70.28	0.00	0.0619	10.68	470.1	379.08	0.0727	600.8	10.814	21.32	12.95	1.58
	44.96	26.78	70.28	0.00	0.0619	10.67	469.4	378.54	0.0727	601.6	10.828	21.34	12.97	1.57
	45.96	26.81	70.28	0.00	0.0619	10.67	469.5	378.61	0.0726	600.2	10.803	21.30	12.94	1.57
	46.96	26.81	70.28	0.00	0.0620	10.68	470.0	379.07	0.0729	603.4	10.861	21.41	13.02	1.57
	47.95	26.81	70.31	0.00	0.0620	10.68	470.1	378.97	0.0727	600.2	10.804	21.29	12.94	1.58
	48.98	26.81	70.28	-0.00	0.0620	10.69	470.3	379.30	0.0733	607.6	10.937	21.56	13.12	1.58
	49.97	26.80	70.28	-0.00	0.0619	10.66	469.1	378.33	0.0726	601.3	10.823	21.33	12.96	1.58
	50.98	26.81	70.28	-0.00	0.0619	10.67	469.7	378.79	0.0726	600.7	10.812	21.32	12.95	1.58
	51.98	26.81	70.28	-0.00	0.0619	10.68	469.8	378.88	0.0733	608.0	10.944	21.58	13.13	1.57
	52.98	26.81	70.25	0.00	0.0618	10.65	468.7	378.13	0.0736	608.1	10.946	21.59	13.14	1.58
	53.96	26.81	70.28	0.00	0.0618	10.64	468.3	377.69	0.0747	625.4	11.257	22.19	13.57	1.58
	55.05	26.81	70.28	-0.00	0.0618	10.65	468.5	377.83	0.0753	644.0	11.592	22.85	14.02	1.58
	55.96	26.81	70.25	0.00	0.0618	10.64	468.4	377.86	0.0747	620.4	11.167	22.02	13.44	1.58
	56.97	26.80	70.28	0.00	0.0617	10.62	467.2	376.75	0.0760	644.2	11.596	22.86	14.02	1.58
	57.95	26.77	70.28	0.00	0.0617	10.64	468.1	377.50	0.0758	632.5	11.385	22.44	13.74	1.58
	58.97	26.80	70.28	0.00	0.0617	10.61	466.9	376.51	0.0753	631.2	11.362	22.40	13.71	1.58
	59.97	26.79	70.28	-0.00	0.0617	10.65	468.5	377.79	0.0753	633.3	11.399	22.47	13.76	1.58
	60.97	26.80	70.28	0.00	0.0617	10.63	467.6	377.08	0.0744	630.4	11.348	22.37	13.69	1.58
	61.95	26.80	70.28	0.00	0.0616	10.58	465.4	375.31	0.0764	658.2	11.847	23.35	14.35	1.58
	62.98	26.81	70.28	0.00	0.0617	10.62	467.3	376.88	0.0754	635.8	11.445	22.56	13.82	1.58
	63.98	26.77	70.28	0.00	0.0617	10.63	467.8	377.18	0.0755	635.8	11.444	22.56	13.82	1.58
	64.97	26.81	70.26	0.00	0.0616	10.62	467.3	377.03	0.0754	637.4	11.473	22.63	13.86	1.58
	65.99	26.83	70.28	-0.00	0.0616	10.61	466.8	376.51	0.0748	626.7	11.280	22.24	13.60	1.58
	66.97	26.84	70.28	-0.00	0.0616	10.61	467.0	376.65	0.0755	638.4	11.491	22.66	13.88	1.58
	67.97	26.83	70.28	0.00	0.0615	10.61	466.8	376.48	0.0774	635.6	11.440	22.55	13.82	1.58
	68.97	26.83	70.28	-0.00	0.0614	10.56	464.6	374.74	0.0787	674.0	12.133	23.92	14.72	1.58
	69.97	26.83	70.28	0.00	0.0616	10.60	466.2	376.02	0.0768	655.0	11.790	23.24	14.28	1.58
	70.95	26.83	70.25	0.00	0.0616	10.60	466.3	376.21	0.0764	643.0	11.575	22.83	13.99	1.58
	71.96	26.85	70.28	0.00	0.0615	10.58	465.7	375.59	0.0772	658.6	11.854	23.37	14.36	1.58
	72.96	26.85	70.28	0.00	0.0616	10.59	466.1	376.01	0.0773	656.7	11.821	23.31	14.32	1.58
	73.98	26.87	70.28	-0.00	0.0615	10.60	466.2	376.04	0.0780	665.6	11.982	23.62	14.53	1.58
	74.97	26.87	70.21	0.00	0.0615	10.59	465.9	376.20	0.0786	676.8	12.183	24.05	14.79	1.58
	75.96	26.85	70.28	0.00	0.0616	10.60	466.4	376.17	0.0773	660.2	11.884	23.43	14.40	1.58
	76.97	26.87	70.28	-0.00	0.0617	10.62	467.1	376.77	0.0780	666.9	12.004	23.67	14.56	1.58
	77.97	26.85	70.28	-0.00	0.0617	10.62	467.1	376.73	0.0783	673.0	12.113	23.88	14.70	1.58
	79.05	26.86	70.28	0.00	0.0615	10.59	465.8	375.70	0.0770	661.7	11.911	23.48	14.44	1.58
	79.98	26.87	70.31	-0.00	0.0616	10.59	466.1	375.83	0.0771	652.1	11.738	23.14	14.21	1.58
	80.98	26.87	70.28	-0.00	0.0616	10.60	466.5	376.28	0.0777	666.2	11.991	23.64	14.54	1.58
	81.96	26.89	70.28	0.00	0.0616	10.60	466.2	376.10	0.0774	660.4	11.888	23.44	14.41	1.58
	82.96	26.88	70.28	0.00	0.0616	10.62	467.1	376.79	0.0776	661.5	11.907	23.48	14.43	1.58
	83.98	26.88	70.28	0.00	0.0616	10.60	466.6	376.39	0.0778	671.1	12.079	23.82	14.66	1.58
	85.04	26.90	70.28	0.00	0.0616	10.60	466.5	376.37	0.0777	666.9	12.004	23.67	14.56	1.58
	85.97	26.88	70.28	0.00	0.0616	10.59	466.1	375.97	0.0778	664.0	11.951	23.57	14.49	1.58
	86.95	26.91	70.28	0.00	0.0614	10.55	464.2	374.47	0.0779	669.5	12.050	23.76	14.62	1.58
	87.97	26.88	70.28	0.00	0.0614	10.56	464.8	374.95	0.0778	665.4	11.977	23.62	14.53	1.58
	88.95	26.90	70.28	0.00	0.0614	10.57	464.9	375.06	0.0782	668.1	12.026	23.71	14.59	1.58
	90.04	26.91	70.30	-0.00	0.0614	10.56	464.8	374.80	0.0790	682.3	12.281	24.21	14.91	1.58
	90.95	26.92	70.28	0.00	0.0614	10.55	464.2	374.52	0.0783	671.0	12.079	23.82	14.66	1.58
	91.96	26.92	70.28	-0.00	0.0614	10.56	464.8	374.98	0.0781	669.8	12.056	23.78	14.63	1.58
	92.98	26.92	70.28	-0.00	0.0615	10.57	465.2	375.32	0.0782	670.6	12.071	23.81	14.65	1.58
	93.96	26.95	70.26	-0.00	0.0614	10.57	465.1	375.38	0.0784	671.9	12.094	23.86	14.68	1.58
	94.99	26.91	70.25	-0.00	0.0614	10.55	464.4	374.76	0.0785	673.8	12.129	23.93	14.72	1.58
	95.97	26.92	70.28	0.00	0.0614	10.55	464.4	374.64	0.0783	674.8	12.146	23.95	14.74	1.58
	97.00	26.92	70.28	-0.00	0.0613	10.54	463.9	374.29	0.0781	670.0	12.060	23.78	14.63	1.58
	97.97	26.94	70.28	0.00	0.0613	10.55	464.3	374.60	0.0788	677.0	12.187	24.03	14.80	1.58
	98.98	26.92	70.30	-0.00	0.0614	10.55	464.0	374.20	0.0790	680.6	12.251	24.15	14.88	1.58
	99.97	26.94	70.28	-0.00	0.0613	10.55	464.0	374.38	0.0796	685.4	12.338	24.33	14.99	1.58
	100.98	26.96	70.28	-0.00	0.0611	10.51	462.7	373.29	0.0833	705.5	12.699	25.05	15.44	1.58
	102.03	26.96	70.28	0.00	0.0610	10.49	461.6	372.44	0.0842	741.4	13.344	26.32	16.21	1.58
	102.96	26.96	70.28	0.00	0.0609	10.43	459.1	370.46	0.0850	775.1	13.951	27.52	16.91	1.58
	103.96	26.96	70.26	-0.00	0.0611	10.50	461.8	372.75	0.0825	726.5	13.076	25.80	15.90	1.58
	104.96	26.96	70.28	0.00	0.0611	10.50	461.8	372.60	0.0823	723.4	13.020	25.68	15.83	1.58
	105.96	26.99	70.28	0.00	0.0611	10.50	462.0	372.84	0.0821	721.0	12.977	25.60	15.78	1.58
	106.97	26.98	70.28	0.00	0.0608	10.45	459.6	370.84	0.0853	750.2	13.503	26.63	16.40	1.58
	107.98	26.98	70.28	0.00	0.0608	10.42	458.7	370.10	0.0843	755.7	13.603	26.83	16.52	1.58
	108.97	26.98	70.28	0.00	0.0609	10.45	460.0	371.14	0.0866	771.1	13.880	27.38	16.83	1.58
	110.04	26.96	70.31	0.00	0.0609	10.46	460.4	371.31	0.0831	738.8	13.298	26.22	16.16	1.58
	110.98	27.00	70.28	-0.00	0.0610	10.47	460.7	371.75	0.0842	749.1	13.484	26.60	16.38	1.58
	111.96	27.00	70.28	0.00	0.0610	10.46	460.4	371.54	0.0846	763.9	13.751	27.13	16.69	1.58
	112.96	26.98	70.25	0.00	0.0610	10.47	460.8	372.00	0.0838	746.2	13.432	26.50	16.32	1.58
	113.96	26.98	70.28	0.00	0.0610	10.46	460.2	371.35	0.0837	743.8	13.389	26.41	16.27	1.58
	114.97	27.00	70.28	-0.00	0.0610	10.47	460.9	371.90	0.0830	732.8	13.190	26.02	16.03	1.58
	115.96	26.99	70.28	0.00	0.0609	10.46	460.3	371.47	0.0861	766.2	13.791	27.20	16.73	1.58
	116.97	26.98	70.28	-0.00	0.0611	10.48	461.2	372.19	0.0852	763.9	13.751	27.12	16.69	1.58
