Jul 25 2015 at 10:46:46
Frequency: 1.00Hz.
CO2
Zero:  Value:0.95  Date:18 Mar 2005	 at 07:22:33	
Span:  Value:1.00  Date:18 Mar 2005	 at 07:25:09	
H2O
Zero:  Value:0.71  Date:18 Mar 2005	 at 07:52:31	
Span:  Value:0.99  Date:18 Mar 2005	 at 11:44:01	
	Relative Time	Temperature	Pressure	Aux Input	CO2 Absorptance	CO2 mmol/m3	CO2 mg/m3	CO2 umol/mol	H2O Absorptance	H2O mmol/m3	H2O g/m3	H2O mmol/mol	H2O(°C)	Cooler Voltage
	0.83	21.41	67.81	-0.00	0.0634	11.14	490.2	402.39	0.0587	447.6	8.057	16.17	8.26	1.59
	1.81	21.42	67.81	0.00	0.0651	11.54	507.9	416.93	0.0603	466.7	8.401	16.86	8.88	1.59
	2.82	21.43	67.81	-0.00	0.0652	11.54	507.8	416.89	0.0606	470.9	8.477	17.01	9.01	1.58
	3.82	21.41	67.81	-0.00	0.0650	11.47	504.6	414.19	0.0621	483.4	8.701	17.46	9.40	1.58
	4.79	21.41	67.83	0.00	0.0647	11.45	503.7	413.29	0.0623	487.9	8.782	17.61	9.54	1.59
	5.80	21.40	67.81	0.00	0.0640	11.27	496.0	407.08	0.0638	505.5	9.099	18.26	10.06	1.58
	6.80	21.42	67.81	-0.00	0.0618	10.75	473.1	388.37	0.0709	593.5	10.683	21.44	12.49	1.59
	7.80	21.38	67.81	0.00	0.0605	10.56	464.8	381.46	0.0748	620.7	11.173	22.42	13.17	1.59
	8.81	21.38	67.81	0.00	0.0595	10.26	451.6	370.67	0.0777	675.5	12.159	24.40	14.47	1.59
	9.83	21.38	67.81	-0.00	0.0602	10.35	455.2	373.62	0.0753	656.4	11.815	23.71	14.03	1.59
	10.81	21.38	67.81	-0.00	0.0611	10.58	465.3	381.91	0.0725	611.2	11.001	22.07	12.93	1.59
	11.81	21.40	67.81	0.00	0.0615	10.69	470.3	386.00	0.0715	599.6	10.792	21.65	12.64	1.59
	12.81	21.40	67.81	0.00	0.0620	10.79	474.6	389.54	0.0709	589.3	10.608	21.28	12.38	1.59
	13.82	21.38	67.81	-0.00	0.0622	10.83	476.6	391.18	0.0709	590.2	10.623	21.31	12.40	1.59
	14.82	21.38	67.83	-0.00	0.0624	10.89	479.1	393.07	0.0710	590.4	10.627	21.31	12.41	1.59
	15.87	21.38	67.81	0.00	0.0621	10.84	477.1	391.54	0.0709	589.8	10.616	21.30	12.39	1.58
	16.80	21.36	67.81	0.00	0.0622	10.87	478.1	392.40	0.0707	586.0	10.548	21.16	12.29	1.59
	17.80	21.38	67.81	-0.00	0.0621	10.85	477.2	391.65	0.0705	585.5	10.540	21.15	12.28	1.59
	18.83	21.40	67.78	-0.00	0.0621	10.82	476.3	391.07	0.0707	587.4	10.574	21.22	12.33	1.59
	19.83	21.38	67.83	-0.00	0.0622	10.85	477.3	391.58	0.0708	590.0	10.620	21.30	12.40	1.59
	20.83	21.38	67.83	-0.00	0.0621	10.83	476.6	391.02	0.0703	583.3	10.500	21.06	12.22	1.59
	21.81	21.38	67.80	0.00	0.0619	10.79	474.9	389.77	0.0709	590.3	10.625	21.32	12.40	1.59
	22.81	21.40	67.78	-0.00	0.0619	10.77	473.8	389.04	0.0707	586.7	10.561	21.20	12.31	1.59
	23.80	21.40	67.83	0.00	0.0622	10.83	476.6	391.11	0.0703	583.3	10.500	21.06	12.22	1.59
	24.80	21.40	67.81	0.00	0.0622	10.85	477.5	391.97	0.0702	582.4	10.483	21.03	12.20	1.59
	25.80	21.40	67.83	0.00	0.0621	10.82	476.2	390.72	0.0708	589.9	10.618	21.30	12.39	1.59
	26.89	21.40	67.83	-0.00	0.0620	10.81	475.8	390.41	0.0705	585.2	10.533	21.13	12.27	1.59
	27.82	21.42	67.81	0.00	0.0619	10.79	474.9	389.86	0.0707	586.8	10.562	21.19	12.31	1.59
	28.83	21.41	67.81	-0.00	0.0619	10.79	474.6	389.55	0.0707	587.1	10.567	21.20	12.32	1.59
	29.80	21.42	67.76	0.00	0.0621	10.83	476.5	391.41	0.0709	588.5	10.594	21.27	12.36	1.59
	30.81	21.45	67.81	0.00	0.0620	10.81	475.5	390.35	0.0710	592.2	10.660	21.39	12.46	1.59
	31.81	21.43	67.81	-0.00	0.0621	10.81	475.6	390.46	0.0709	590.3	10.625	21.32	12.41	1.59
	32.82	21.42	67.81	-0.00	0.0621	10.82	475.9	390.66	0.0705	585.7	10.542	21.15	12.29	1.59
	33.80	21.42	67.80	-0.00	0.0621	10.81	475.7	390.52	0.0706	587.0	10.566	21.20	12.32	1.59
	34.80	21.42	67.81	0.00	0.0621	10.82	476.1	390.78	0.0706	584.8	10.527	21.12	12.26	1.59
	35.80	21.42	67.81	0.00	0.0620	10.82	475.9	390.66	0.0708	588.0	10.583	21.24	12.34	1.59
	36.80	21.43	67.81	0.00	0.0620	10.80	475.4	390.26	0.0708	589.6	10.612	21.29	12.39	1.59
	37.80	21.43	67.75	0.00	0.0619	10.80	475.3	390.46	0.0711	591.1	10.639	21.37	12.43	1.59
	38.88	21.43	67.78	0.00	0.0619	10.79	474.6	389.76	0.0715	596.4	10.735	21.55	12.56	1.59
	39.80	21.45	67.78	0.00	0.0619	10.78	474.1	389.37	0.0717	599.4	10.789	21.66	12.64	1.59
	40.81	21.43	67.83	-0.00	0.0619	10.77	474.0	389.00	0.0717	598.8	10.778	21.62	12.62	1.59
	41.81	21.43	67.81	-0.00	0.0618	10.75	472.9	388.22	0.0720	602.7	10.849	21.77	12.72	1.59
	42.81	21.45	67.81	0.00	0.0618	10.75	472.8	388.13	0.0720	602.7	10.849	21.77	12.72	1.59
	43.82	21.45	67.81	-0.00	0.0617	10.76	473.3	388.54	0.0718	598.3	10.769	21.61	12.61	1.59
	44.82	21.48	67.83	0.00	0.0615	10.69	470.6	386.23	0.0720	603.8	10.868	21.81	12.75	1.59
	45.82	21.45	67.78	-0.00	0.0615	10.69	470.4	386.34	0.0723	606.2	10.912	21.91	12.81	1.59
	46.83	21.45	67.81	-0.00	0.0617	10.74	472.4	387.85	0.0719	600.6	10.810	21.69	12.67	1.59
	47.81	21.47	67.81	0.00	0.0615	10.69	470.4	386.18	0.0725	609.4	10.968	22.01	12.89	1.59
	48.81	21.47	67.81	-0.00	0.0614	10.69	470.5	386.32	0.0728	607.6	10.937	21.95	12.85	1.59
	49.81	21.47	67.81	0.00	0.0615	10.70	470.7	386.42	0.0722	606.2	10.912	21.90	12.81	1.59
	50.79	21.47	67.81	0.00	0.0615	10.69	470.5	386.26	0.0722	606.2	10.912	21.90	12.81	1.59
	51.81	21.48	67.81	0.00	0.0616	10.71	471.2	386.89	0.0721	604.1	10.874	21.82	12.76	1.59
	52.79	21.47	67.83	0.00	0.0615	10.69	470.2	385.84	0.0723	608.4	10.951	21.97	12.87	1.59
	53.82	21.50	67.81	0.00	0.0616	10.73	472.0	387.54	0.0721	604.3	10.877	21.83	12.77	1.59
	54.80	21.48	67.81	-0.00	0.0615	10.70	470.8	386.57	0.0723	606.7	10.921	21.92	12.83	1.59
	55.80	21.48	67.81	0.00	0.0616	10.70	470.9	386.65	0.0722	606.2	10.912	21.90	12.82	1.59
	56.80	21.50	67.81	0.00	0.0615	10.70	470.6	386.43	0.0728	610.7	10.993	22.06	12.93	1.59
	57.81	21.48	67.81	0.00	0.0615	10.68	470.0	385.91	0.0728	614.1	11.053	22.18	13.01	1.59
	58.83	21.48	67.83	-0.00	0.0614	10.68	470.0	385.79	0.0728	613.5	11.043	22.16	13.00	1.59
	59.81	21.48	67.80	0.00	0.0613	10.66	469.0	385.06	0.0737	621.1	11.181	22.44	13.19	1.59
	60.81	21.48	67.80	0.00	0.0613	10.64	468.0	384.28	0.0737	626.2	11.272	22.62	13.31	1.59
	61.88	21.50	67.81	0.00	0.0613	10.65	468.5	384.65	0.0737	623.2	11.217	22.51	13.24	1.59
	62.82	21.48	67.78	-0.00	0.0613	10.66	468.8	385.08	0.0735	622.3	11.202	22.49	13.22	1.59
	63.80	21.48	67.81	0.00	0.0613	10.65	468.4	384.59	0.0736	624.0	11.232	22.54	13.26	1.59
	64.80	21.50	67.81	0.00	0.0613	10.65	468.7	384.85	0.0736	622.7	11.209	22.50	13.23	1.59
	65.80	21.50	67.83	0.00	0.0611	10.61	466.9	383.27	0.0745	635.5	11.439	22.95	13.54	1.59
	66.80	21.48	67.81	0.00	0.0612	10.62	467.4	383.77	0.0744	635.6	11.440	22.96	13.54	1.59
	67.81	21.50	67.78	-0.00	0.0610	10.59	465.9	382.71	0.0749	640.9	11.536	23.16	13.67	1.59
	68.81	21.52	67.83	-0.00	0.0611	10.59	465.8	382.34	0.0753	644.5	11.602	23.28	13.76	1.59
	69.81	21.50	67.81	-0.00	0.0610	10.59	465.8	382.45	0.0753	644.7	11.605	23.29	13.76	1.59
	70.82	21.52	67.81	-0.00	0.0610	10.58	465.6	382.32	0.0752	646.1	11.630	23.34	13.79	1.59
	71.82	21.54	67.80	-0.00	0.0610	10.58	465.6	382.40	0.0757	647.7	11.658	23.40	13.83	1.59
	72.81	21.52	67.81	-0.00	0.0609	10.55	464.2	381.13	0.0763	656.5	11.817	23.72	14.04	1.59
	73.80	21.53	67.81	0.00	0.0608	10.54	463.6	380.68	0.0763	659.4	11.869	23.82	14.11	1.59
	74.80	21.54	67.78	0.00	0.0608	10.53	463.4	380.73	0.0763	659.0	11.862	23.82	14.10	1.59
	75.82	21.54	67.83	0.00	0.0607	10.52	463.0	380.09	0.0763	659.0	11.861	23.80	14.10	1.59
	76.80	21.53	67.78	0.00	0.0608	10.52	463.0	380.33	0.0762	658.2	11.847	23.79	14.08	1.59
	77.88	21.52	67.81	0.00	0.0608	10.54	463.7	380.77	0.0761	656.4	11.815	23.72	14.04	1.59
	78.80	21.55	67.81	0.00	0.0608	10.53	463.4	380.53	0.0763	657.3	11.831	23.75	14.06	1.59
	79.81	21.55	67.81	-0.00	0.0608	10.54	463.6	380.70	0.0760	655.9	11.806	23.70	14.03	1.59
	80.79	21.55	67.81	0.00	0.0609	10.55	464.1	381.12	0.0757	650.3	11.706	23.50	13.90	1.59
	81.89	21.55	67.83	-0.00	0.0607	10.53	463.2	380.24	0.0757	649.5	11.691	23.46	13.88	1.59
	82.82	21.55	67.83	-0.00	0.0606	10.51	462.6	379.78	0.0758	651.6	11.729	23.54	13.93	1.59
	83.80	21.53	67.81	-0.00	0.0607	10.49	461.7	379.17	0.0760	655.4	11.796	23.68	14.01	1.59
	84.80	21.57	67.81	0.00	0.0607	10.52	462.9	380.17	0.0760	655.5	11.800	23.69	14.02	1.59
	85.82	21.55	67.81	-0.00	0.0607	10.52	462.8	380.07	0.0764	657.1	11.828	23.74	14.05	1.59
	86.81	21.57	67.83	0.00	0.0606	10.49	461.5	378.93	0.0764	660.5	11.889	23.86	14.13	1.59
	87.80	21.55	67.81	0.00	0.0607	10.50	462.2	379.54	0.0764	659.6	11.872	23.83	14.11	1.59
	88.81	21.55	67.81	-0.00	0.0606	10.50	462.1	379.46	0.0763	658.5	11.853	23.80	14.09	1.59
	89.81	21.57	67.83	0.00	0.0607	10.51	462.5	379.71	0.0762	658.0	11.844	23.77	14.08	1.59
	90.81	21.55	67.81	0.00	0.0606	10.49	461.6	379.07	0.0765	660.1	11.882	23.85	14.13	1.59
	91.82	21.55	67.83	-0.00	0.0606	10.49	461.6	378.97	0.0763	657.9	11.843	23.77	14.07	1.59
	92.81	21.55	67.81	0.00	0.0606	10.49	461.5	379.02	0.0764	658.1	11.845	23.78	14.08	1.59
	93.88	21.55	67.81	0.00	0.0606	10.49	461.5	378.98	0.0766	662.0	11.916	23.92	14.17	1.59
	94.80	21.57	67.81	0.00	0.0605	10.47	460.6	378.24	0.0767	664.9	11.968	24.03	14.24	1.59
	95.80	21.57	67.81	0.00	0.0606	10.48	461.3	378.84	0.0768	664.8	11.966	24.02	14.23	1.59
	96.81	21.54	67.81	-0.00	0.0605	10.47	460.6	378.25	0.0768	665.5	11.979	24.05	14.25	1.59
	97.81	21.55	67.81	0.00	0.0606	10.48	461.1	378.63	0.0765	660.6	11.890	23.87	14.14	1.59
	98.81	21.55	67.81	0.00	0.0606	10.49	461.8	379.23	0.0764	659.5	11.872	23.83	14.11	1.59
	99.83	21.53	67.78	0.00	0.0606	10.49	461.7	379.25	0.0765	661.1	11.900	23.90	14.15	1.59
	100.81	21.55	67.81	-0.00	0.0605	10.47	460.8	378.43	0.0766	664.3	11.957	24.00	14.22	1.59
	101.81	21.53	67.81	0.00	0.0606	10.47	460.8	378.36	0.0766	662.8	11.931	23.95	14.19	1.59
	102.80	21.57	67.81	0.00	0.0606	10.50	461.8	379.28	0.0765	661.2	11.902	23.89	14.15	1.59
	103.79	21.57	67.81	0.00	0.0606	10.48	461.3	378.85	0.0765	660.1	11.883	23.86	14.13	1.59
	104.82	21.55	67.81	0.00	0.0606	10.48	461.3	378.83	0.0765	660.4	11.887	23.86	14.13	1.59
	105.81	21.57	67.81	-0.00	0.0604	10.46	460.2	377.96	0.0766	662.5	11.925	23.94	14.18	1.59
	106.83	21.57	67.86	-0.00	0.0606	10.48	461.3	378.55	0.0764	660.4	11.887	23.84	14.13	1.59
	107.81	21.57	67.81	-0.00	0.0606	10.49	461.7	379.18	0.0765	660.6	11.890	23.87	14.14	1.59
	108.80	21.55	67.81	-0.00	0.0606	10.49	461.4	378.95	0.0765	660.4	11.887	23.86	14.13	1.59
	109.81	21.59	67.81	-0.00	0.0606	10.48	461.2	378.79	0.0764	659.2	11.865	23.82	14.11	1.59
	110.79	21.59	67.81	0.00	0.0605	10.47	460.8	378.43	0.0763	659.1	11.863	23.82	14.10	1.59
	111.81	21.59	67.81	0.00	0.0606	10.48	461.1	378.73	0.0763	658.9	11.860	23.81	14.10	1.59
	112.79	21.60	67.81	0.00	0.0606	10.49	461.4	379.01	0.0763	659.4	11.869	23.83	14.11	1.60
	113.80	21.60	67.78	0.00	0.0605	10.48	461.1	378.86	0.0765	660.5	11.889	23.88	14.14	1.59
	114.80	21.60	67.78	0.00	0.0605	10.46	460.4	378.33	0.0768	664.0	11.951	24.00	14.22	1.59
	115.81	21.62	67.81	-0.00	0.0605	10.47	460.6	378.37	0.0769	667.3	12.011	24.12	14.30	1.59
	116.88	21.60	67.81	0.00	0.0605	10.47	460.5	378.25	0.0771	668.5	12.033	24.16	14.32	1.59
	117.81	21.60	67.78	0.00	0.0605	10.46	460.5	378.36	0.0770	665.7	11.982	24.07	14.26	1.59
	118.81	21.60	67.81	-0.00	0.0604	10.46	460.4	378.15	0.0770	667.9	12.022	24.14	14.31	1.59
	119.82	21.60	67.81	-0.00	0.0604	10.44	459.1	377.12	0.0772	668.4	12.031	24.15	14.32	1.59
	120.81	21.64	67.78	0.00	0.0604	10.43	459.1	377.25	0.0773	671.4	12.085	24.28	14.39	1.59
	121.88	21.65	67.80	0.00	0.0604	10.44	459.3	377.33	0.0772	669.7	12.055	24.21	14.35	1.59
