Jul 25 2015 at 16:42:21
Frequency: 1.00Hz.
CO2
Zero:  Value:0.95  Date:18 Mar 2005	 at 07:22:33	
Span:  Value:1.00  Date:18 Mar 2005	 at 07:25:09	
H2O
Zero:  Value:0.71  Date:18 Mar 2005	 at 07:52:31	
Span:  Value:0.99  Date:18 Mar 2005	 at 11:44:01	
	Relative Time	Temperature	Pressure	Aux Input	CO2 Absorptance	CO2 mmol/m3	CO2 mg/m3	CO2 umol/mol	H2O Absorptance	H2O mmol/m3	H2O g/m3	H2O mmol/mol	H2O(°C)	Cooler Voltage
	0.62	34.24	67.70	0.00	0.0613	10.65	468.4	401.91	0.0733	621.4	11.186	23.46	13.84	1.70
	1.62	34.21	67.70	0.00	0.0618	10.74	472.4	405.24	0.0711	603.2	10.858	22.77	13.39	1.69
	2.64	34.24	67.68	0.00	0.0625	10.86	477.9	410.20	0.0674	565.8	10.184	21.36	12.41	1.70
	3.63	34.22	67.68	-0.00	0.0621	10.86	477.8	410.06	0.0683	557.2	10.030	21.04	12.18	1.69
	4.63	34.19	67.67	-0.00	0.0627	10.96	482.4	414.02	0.0632	498.5	8.972	18.82	10.49	1.70
	5.63	34.24	67.67	0.00	0.0618	10.75	472.9	405.87	0.0692	574.8	10.346	21.71	12.65	1.70
	6.64	34.23	67.70	0.00	0.0615	10.76	473.6	406.33	0.0707	568.4	10.232	21.46	12.48	1.69
	7.63	34.23	67.65	0.00	0.0625	10.89	479.1	411.37	0.0638	517.7	9.318	19.56	11.06	1.69
	8.63	34.29	67.68	0.00	0.0625	10.92	480.6	412.56	0.0646	509.6	9.172	19.25	10.83	1.69
	9.64	34.33	67.72	-0.00	0.0624	10.88	478.9	410.84	0.0647	520.6	9.370	19.65	11.15	1.70
	10.64	34.29	67.65	-0.00	0.0620	10.81	475.8	408.61	0.0671	551.4	9.926	20.83	12.02	1.70
	11.62	34.31	67.65	0.00	0.0622	10.90	479.6	411.88	0.0657	518.4	9.331	19.59	11.09	1.69
	12.64	34.30	67.65	0.00	0.0623	10.88	478.8	411.15	0.0651	521.2	9.382	19.69	11.17	1.69
	13.63	34.28	67.70	-0.00	0.0623	10.85	477.2	409.48	0.0653	530.6	9.551	20.03	11.44	1.70
	14.71	34.30	67.68	0.00	0.0622	10.87	478.4	410.64	0.0653	518.7	9.337	19.59	11.10	1.70
	15.65	34.33	67.67	-0.00	0.0623	10.85	477.5	409.94	0.0651	523.6	9.425	19.78	11.24	1.70
	16.63	34.31	67.70	0.00	0.0619	10.85	477.3	409.56	0.0667	526.8	9.482	19.89	11.33	1.70
	17.63	34.33	67.70	-0.00	0.0623	10.89	479.3	411.37	0.0655	523.8	9.428	19.78	11.24	1.69
	18.64	34.34	67.67	-0.00	0.0622	10.88	478.8	411.05	0.0662	529.5	9.531	20.00	11.41	1.70
	19.66	34.32	67.68	0.00	0.0624	10.89	479.0	411.21	0.0658	526.6	9.480	19.89	11.33	1.69
	20.64	34.35	67.67	-0.00	0.0625	10.89	479.2	411.46	0.0659	532.2	9.579	20.11	11.49	1.69
	21.62	34.29	67.65	0.00	0.0624	10.92	480.3	412.47	0.0660	535.2	9.633	20.22	11.57	1.70
	22.64	34.23	67.70	0.00	0.0624	10.89	479.1	411.06	0.0668	539.5	9.710	20.36	11.68	1.70
	23.63	34.29	67.67	0.00	0.0624	10.90	479.4	411.52	0.0668	542.2	9.760	20.48	11.76	1.70
	24.63	34.24	67.62	-0.00	0.0624	10.90	479.6	411.94	0.0670	543.1	9.777	20.53	11.79	1.69
	25.65	34.26	67.68	0.00	0.0625	10.91	480.0	412.00	0.0670	543.1	9.776	20.51	11.79	1.69
	26.63	34.29	67.68	0.00	0.0625	10.92	480.3	412.27	0.0667	541.7	9.751	20.46	11.75	1.69
	27.64	34.29	67.68	-0.00	0.0625	10.91	480.1	412.08	0.0675	549.7	9.894	20.76	11.97	1.70
	28.63	34.23	67.68	0.00	0.0625	10.91	480.2	412.12	0.0678	553.0	9.953	20.88	12.06	1.70
	29.64	34.29	67.67	-0.00	0.0625	10.92	480.6	412.58	0.0676	552.1	9.938	20.86	12.04	1.70
	30.64	34.26	67.68	0.00	0.0625	10.93	481.0	412.84	0.0677	553.5	9.964	20.90	12.08	1.69
	31.64	34.22	67.68	-0.00	0.0625	10.91	480.2	412.07	0.0672	544.4	9.800	20.56	11.82	1.70
	32.63	34.26	67.68	0.00	0.0626	10.93	480.9	412.76	0.0682	554.4	9.979	20.94	12.10	1.70
	33.63	34.28	67.70	0.00	0.0626	10.93	480.9	412.68	0.0682	556.2	10.012	21.00	12.15	1.70
	34.65	34.31	67.70	0.00	0.0625	10.93	480.9	412.72	0.0681	557.4	10.034	21.05	12.19	1.70
	35.65	34.29	67.70	-0.00	0.0625	10.92	480.5	412.33	0.0682	558.4	10.051	21.08	12.21	1.70
	36.63	34.26	67.65	0.00	0.0625	10.92	480.5	412.62	0.0683	557.3	10.031	21.06	12.18	1.70
	37.63	34.29	67.70	-0.00	0.0625	10.91	480.2	412.08	0.0682	556.1	10.011	21.00	12.15	1.70
	38.64	34.31	67.68	-0.00	0.0625	10.90	479.7	411.77	0.0683	557.4	10.033	21.05	12.18	1.70
	39.62	34.28	67.68	0.00	0.0624	10.91	479.8	411.86	0.0682	558.8	10.058	21.10	12.22	1.70
	40.62	34.33	67.70	0.00	0.0624	10.90	479.7	411.63	0.0685	559.9	10.077	21.14	12.25	1.70
	41.65	34.28	67.68	0.00	0.0624	10.91	480.0	411.99	0.0686	562.7	10.128	21.25	12.33	1.70
	42.63	34.31	67.70	0.00	0.0624	10.90	479.6	411.59	0.0683	560.1	10.082	21.15	12.26	1.70
	43.65	34.31	67.67	-0.00	0.0624	10.90	479.6	411.76	0.0683	559.9	10.078	21.15	12.25	1.70
	44.63	34.31	67.70	0.00	0.0624	10.89	479.2	411.26	0.0687	562.3	10.121	21.23	12.32	1.70
	45.71	34.33	67.67	0.00	0.0624	10.90	479.5	411.64	0.0686	562.6	10.127	21.25	12.33	1.70
	46.64	34.33	67.72	-0.00	0.0624	10.90	479.5	411.43	0.0685	561.8	10.112	21.21	12.30	1.70
	47.64	34.30	67.65	0.00	0.0625	10.90	479.6	411.82	0.0686	561.9	10.115	21.23	12.31	1.70
	48.70	34.36	67.65	0.00	0.0624	10.91	479.9	412.17	0.0686	562.6	10.126	21.26	12.33	1.70
	49.62	34.34	67.68	0.00	0.0624	10.90	479.6	411.74	0.0689	564.6	10.163	21.33	12.38	1.70
	50.65	34.37	67.67	-0.00	0.0624	10.91	479.9	412.04	0.0691	566.6	10.199	21.41	12.44	1.70
	51.64	34.39	67.67	-0.00	0.0625	10.91	479.9	412.09	0.0692	570.3	10.266	21.55	12.54	1.70
	52.63	34.36	67.70	-0.00	0.0623	10.89	479.2	411.34	0.0688	566.2	10.192	21.38	12.43	1.70
	53.65	34.39	67.68	-0.00	0.0624	10.90	479.6	411.81	0.0694	570.5	10.268	21.55	12.54	1.69
	54.65	34.35	67.70	-0.00	0.0624	10.89	479.3	411.36	0.0694	570.7	10.273	21.55	12.55	1.70
	55.63	34.38	67.72	-0.00	0.0623	10.89	479.1	411.13	0.0692	569.8	10.256	21.51	12.52	1.70
	56.63	34.42	67.72	0.00	0.0623	10.88	478.7	410.81	0.0691	568.7	10.237	21.47	12.50	1.70
	57.64	34.38	67.70	-0.00	0.0624	10.89	479.1	411.27	0.0693	571.6	10.290	21.59	12.57	1.70
	58.64	34.37	67.67	0.00	0.0624	10.89	479.2	411.50	0.0696	574.4	10.339	21.70	12.64	1.70
	59.62	34.34	67.70	0.00	0.0624	10.89	479.1	411.21	0.0698	576.6	10.378	21.77	12.70	1.70
	60.64	34.37	67.70	0.00	0.0623	10.89	479.2	411.34	0.0696	576.1	10.371	21.76	12.69	1.70
	61.64	34.39	67.70	0.00	0.0624	10.89	479.3	411.40	0.0698	575.6	10.361	21.74	12.68	1.70
	62.62	34.38	67.68	0.00	0.0624	10.90	479.5	411.73	0.0700	578.8	10.419	21.87	12.76	1.70
	63.63	34.41	67.70	0.00	0.0624	10.90	479.5	411.56	0.0699	578.8	10.419	21.86	12.76	1.70
	64.63	34.37	67.67	0.00	0.0623	10.89	479.3	411.52	0.0701	580.1	10.441	21.92	12.79	1.70
	65.63	34.32	67.68	-0.00	0.0624	10.89	479.3	411.46	0.0702	581.4	10.465	21.96	12.83	1.70
	66.64	34.30	67.68	-0.00	0.0624	10.90	479.5	411.58	0.0703	582.7	10.489	22.01	12.86	1.70
	67.64	34.30	67.68	-0.00	0.0623	10.88	478.9	411.11	0.0701	580.3	10.445	21.92	12.80	1.70
	68.70	34.32	67.68	-0.00	0.0623	10.88	478.9	411.12	0.0701	581.7	10.471	21.97	12.84	1.70
	69.70	34.34	67.65	0.00	0.0623	10.89	479.1	411.47	0.0705	585.8	10.545	22.14	12.94	1.70
	70.64	34.35	67.67	0.00	0.0624	10.89	479.2	411.47	0.0706	586.9	10.564	22.17	12.97	1.70
	71.64	34.34	67.70	0.00	0.0623	10.88	478.8	410.94	0.0707	588.0	10.585	22.21	13.00	1.70
	72.71	34.39	67.70	0.00	0.0624	10.88	478.9	411.06	0.0709	586.3	10.553	22.14	12.96	1.70
	73.63	34.37	67.70	0.00	0.0624	10.91	480.1	412.09	0.0710	592.7	10.668	22.38	13.12	1.70
	74.65	34.31	67.68	-0.00	0.0624	10.90	479.7	411.83	0.0711	593.4	10.680	22.41	13.14	1.70
	75.64	34.39	67.65	0.00	0.0625	10.91	480.0	412.35	0.0709	591.1	10.639	22.34	13.08	1.70
	76.63	34.33	67.67	0.00	0.0624	10.90	479.7	411.89	0.0709	588.5	10.593	22.23	13.01	1.70
	77.64	34.38	67.70	0.00	0.0624	10.90	479.8	411.80	0.0709	590.8	10.635	22.31	13.08	1.70
	78.62	34.34	67.70	0.00	0.0624	10.91	479.9	411.86	0.0712	593.0	10.675	22.39	13.13	1.70
	79.70	34.33	67.68	0.00	0.0623	10.88	478.8	411.05	0.0708	589.9	10.619	22.28	13.05	1.70
	80.64	34.40	67.67	-0.00	0.0624	10.91	480.2	412.40	0.0715	600.9	10.816	22.70	13.34	1.70
	81.64	34.32	67.70	-0.00	0.0624	10.90	479.7	411.65	0.0714	597.6	10.758	22.57	13.25	1.70
	82.63	34.39	67.65	-0.00	0.0624	10.90	479.7	412.09	0.0714	597.3	10.752	22.58	13.24	1.70
	83.63	34.32	67.67	-0.00	0.0624	10.91	480.0	412.06	0.0715	598.6	10.775	22.61	13.27	1.70
	84.61	34.33	67.70	0.00	0.0625	10.92	480.4	412.27	0.0721	603.1	10.856	22.77	13.39	1.70
	85.63	34.33	67.70	0.00	0.0625	10.92	480.6	412.49	0.0727	612.1	11.018	23.11	13.62	1.70
	86.64	34.33	67.67	0.00	0.0624	10.91	480.3	412.31	0.0721	607.8	10.941	22.96	13.51	1.70
	87.64	34.28	67.67	-0.00	0.0624	10.90	479.7	411.78	0.0724	606.1	10.910	22.89	13.46	1.70
	88.64	34.31	67.68	0.00	0.0625	10.91	479.9	411.93	0.0724	608.7	10.956	22.99	13.53	1.70
	89.64	34.31	67.68	0.00	0.0625	10.92	480.4	412.36	0.0721	608.4	10.952	22.98	13.52	1.70
	90.62	34.30	67.68	0.00	0.0625	10.92	480.6	412.53	0.0723	608.9	10.961	23.00	13.54	1.70
	91.65	34.33	67.70	0.00	0.0625	10.91	480.2	412.06	0.0723	607.8	10.941	22.95	13.51	1.70
	92.65	34.30	67.68	-0.00	0.0625	10.92	480.4	412.41	0.0726	610.4	10.986	23.05	13.57	1.70
	93.71	34.32	67.68	0.00	0.0626	10.94	481.3	413.17	0.0727	613.2	11.037	23.16	13.64	1.70
	94.65	34.30	67.67	-0.00	0.0626	10.93	481.1	412.97	0.0728	613.5	11.042	23.17	13.65	1.70
	95.64	34.28	67.68	-0.00	0.0626	10.93	481.0	412.90	0.0730	614.6	11.063	23.21	13.68	1.70
	96.64	34.31	67.67	-0.00	0.0626	10.94	481.2	413.06	0.0729	615.2	11.073	23.24	13.69	1.70
	97.62	34.36	67.67	0.00	0.0625	10.93	480.9	412.97	0.0729	616.0	11.089	23.28	13.72	1.70
	98.62	34.33	67.67	0.00	0.0625	10.93	481.0	412.93	0.0729	615.7	11.083	23.26	13.71	1.70
	99.64	34.33	67.68	0.00	0.0626	10.94	481.2	413.12	0.0735	619.4	11.150	23.40	13.80	1.70
	100.64	34.34	67.68	-0.00	0.0625	10.93	480.7	412.71	0.0730	616.0	11.088	23.27	13.71	1.70
	101.63	34.28	67.70	-0.00	0.0625	10.92	480.6	412.34	0.0733	619.7	11.155	23.40	13.80	1.70
	102.65	34.34	67.68	-0.00	0.0625	10.93	480.9	412.85	0.0733	619.1	11.144	23.39	13.79	1.70
	103.71	34.35	67.67	-0.00	0.0625	10.93	481.1	413.04	0.0734	622.8	11.211	23.53	13.88	1.70
	104.63	34.37	67.68	-0.00	0.0625	10.93	480.9	412.94	0.0735	622.8	11.210	23.53	13.88	1.70
	105.66	34.35	67.68	0.00	0.0625	10.92	480.6	412.61	0.0734	623.1	11.216	23.54	13.89	1.70
	106.64	34.30	67.68	0.00	0.0625	10.91	480.2	412.22	0.0733	621.5	11.187	23.47	13.85	1.70
	107.64	34.28	67.68	-0.00	0.0625	10.92	480.3	412.25	0.0734	620.9	11.175	23.45	13.83	1.70
	108.64	34.30	67.70	0.00	0.0625	10.92	480.6	412.44	0.0736	622.4	11.203	23.50	13.87	1.70
	109.65	34.26	67.68	-0.00	0.0625	10.92	480.3	412.28	0.0734	621.7	11.190	23.48	13.85	1.70
	110.64	34.26	67.65	0.00	0.0625	10.92	480.4	412.47	0.0737	623.8	11.229	23.57	13.90	1.70
	111.63	34.33	67.67	0.00	0.0624	10.91	479.8	411.96	0.0735	622.6	11.206	23.52	13.88	1.70
	112.63	34.31	67.65	0.00	0.0625	10.91	480.2	412.42	0.0735	623.3	11.219	23.55	13.89	1.70
	113.63	34.34	67.68	0.00	0.0625	10.92	480.5	412.54	0.0735	623.1	11.215	23.54	13.89	1.70
	114.61	34.34	67.70	0.00	0.0625	10.91	480.1	412.05	0.0735	623.5	11.224	23.55	13.90	1.70
	115.64	34.33	67.67	-0.00	0.0625	10.91	480.0	412.07	0.0740	626.5	11.276	23.67	13.97	1.70
	116.63	34.32	67.68	0.00	0.0624	10.91	480.0	412.07	0.0737	625.7	11.263	23.64	13.95	1.70
	117.62	34.35	67.70	-0.00	0.0624	10.91	480.0	412.00	0.0737	626.1	11.270	23.64	13.97	1.70
	118.64	34.37	67.68	-0.00	0.0624	10.91	479.8	412.00	0.0739	627.3	11.292	23.70	14.00	1.70
	119.62	34.36	67.70	0.00	0.0625	10.91	480.2	412.15	0.0739	627.2	11.290	23.69	13.99	1.70
	120.64	34.34	67.67	-0.00	0.0625	10.92	480.3	412.40	0.0741	628.9	11.321	23.76	14.03	1.70
	121.62	34.32	67.70	0.00	0.0626	10.94	481.5	413.18	0.0745	635.0	11.430	23.98	14.18	1.70
