Jul 25 2015 at 9:37:15
Frequency: 1.00Hz.
CO2
Zero:  Value:0.95  Date:18 Mar 2005	 at 07:22:33	
Span:  Value:1.00  Date:18 Mar 2005	 at 07:25:09	
H2O
Zero:  Value:0.71  Date:18 Mar 2005	 at 07:52:31	
Span:  Value:0.99  Date:18 Mar 2005	 at 11:44:01	
	Relative Time	Temperature	Pressure	Aux Input	CO2 Absorptance	CO2 mmol/m3	CO2 mg/m3	CO2 umol/mol	H2O Absorptance	H2O mmol/m3	H2O g/m3	H2O mmol/mol	H2O(°C)	Cooler Voltage
	0.39	17.31	67.81	0.00	0.0627	10.96	482.2	390.27	0.0551	409.2	7.366	14.57	6.74	1.52
	1.42	17.31	67.81	0.00	0.0627	10.98	483.0	390.92	0.0551	410.8	7.395	14.63	6.80	1.52
	2.40	17.33	67.81	-0.00	0.0627	10.96	482.1	390.21	0.0550	408.9	7.361	14.57	6.73	1.52
	3.40	17.31	67.81	0.00	0.0627	10.97	482.6	390.60	0.0551	410.3	7.385	14.61	6.78	1.52
	4.42	17.31	67.81	-0.00	0.0627	10.92	480.6	389.00	0.0535	405.4	7.296	14.44	6.61	1.52
	5.40	17.31	67.81	0.00	0.0625	10.92	480.6	388.97	0.0535	394.2	7.096	14.04	6.20	1.52
	6.41	17.30	67.81	-0.00	0.0627	10.97	482.6	390.61	0.0533	393.3	7.079	14.01	6.17	1.52
	7.41	17.30	67.81	0.00	0.0627	10.97	482.9	390.85	0.0542	400.9	7.216	14.28	6.44	1.52
	8.41	17.31	67.83	-0.00	0.0629	11.00	484.2	391.73	0.0522	384.4	6.919	13.68	5.84	1.52
	9.42	17.30	67.81	-0.00	0.0628	10.99	483.4	391.20	0.0523	381.0	6.857	13.57	5.71	1.52
	10.40	17.30	67.81	0.00	0.0624	10.92	480.3	388.70	0.0530	387.2	6.969	13.79	5.94	1.52
	11.40	17.28	67.81	0.00	0.0625	10.90	479.7	388.22	0.0537	394.4	7.099	14.05	6.21	1.52
	12.40	17.26	67.81	0.00	0.0626	10.95	481.8	389.95	0.0543	400.0	7.200	14.24	6.41	1.52
	13.42	17.28	67.81	-0.00	0.0626	10.96	482.1	390.19	0.0539	399.5	7.192	14.23	6.39	1.52
	14.41	17.30	67.83	-0.00	0.0627	10.97	482.5	390.34	0.0541	398.4	7.171	14.18	6.35	1.52
	15.41	17.26	67.83	-0.00	0.0624	10.94	481.3	389.39	0.0537	394.0	7.093	14.03	6.19	1.52
	16.41	17.26	67.81	0.00	0.0626	10.94	481.5	389.68	0.0539	397.9	7.162	14.17	6.33	1.52
	17.49	17.28	67.81	-0.00	0.0621	10.85	477.6	386.50	0.0538	396.0	7.128	14.10	6.27	1.52
	18.41	17.28	67.81	0.00	0.0623	10.92	480.3	388.72	0.0540	398.2	7.168	14.18	6.35	1.52
	19.41	17.28	67.81	0.00	0.0624	10.90	479.7	388.24	0.0537	394.3	7.097	14.04	6.20	1.52
	20.39	17.30	67.81	0.00	0.0623	10.87	478.4	387.15	0.0543	400.6	7.210	14.27	6.43	1.52
	21.42	17.30	67.81	-0.00	0.0621	10.84	477.0	386.05	0.0541	401.0	7.218	14.28	6.45	1.52
	22.40	17.31	67.81	-0.00	0.0622	10.86	477.7	386.66	0.0543	402.3	7.241	14.33	6.50	1.52
	23.43	17.33	67.83	-0.00	0.0622	10.85	477.3	386.16	0.0547	405.8	7.304	14.45	6.62	1.52
	24.41	17.33	67.86	-0.00	0.0621	10.83	476.6	385.54	0.0546	405.0	7.291	14.42	6.60	1.52
	25.40	17.33	67.81	0.00	0.0622	10.85	477.2	386.28	0.0549	406.4	7.314	14.47	6.64	1.52
	26.41	17.33	67.78	0.00	0.0622	10.85	477.3	386.52	0.0549	407.6	7.338	14.52	6.69	1.52
	27.39	17.34	67.81	0.00	0.0622	10.86	477.6	386.63	0.0548	407.2	7.329	14.50	6.67	1.52
	28.41	17.34	67.81	0.00	0.0621	10.83	476.6	385.78	0.0549	408.8	7.358	14.56	6.73	1.52
	29.39	17.33	67.81	0.00	0.0622	10.85	477.5	386.49	0.0550	409.7	7.374	14.59	6.76	1.51
	30.41	17.34	67.78	0.00	0.0621	10.83	476.5	385.91	0.0550	408.6	7.356	14.56	6.73	1.52
	31.40	17.36	67.81	-0.00	0.0620	10.81	475.7	385.10	0.0553	412.3	7.422	14.69	6.86	1.52
	32.40	17.36	67.81	0.00	0.0620	10.78	474.5	384.12	0.0552	411.2	7.402	14.65	6.82	1.52
	33.42	17.34	67.81	0.00	0.0620	10.81	475.7	385.05	0.0551	410.6	7.391	14.63	6.80	1.52
	34.40	17.38	67.79	0.00	0.0621	10.82	476.3	385.72	0.0553	410.7	7.393	14.64	6.80	1.52
	35.41	17.39	67.81	-0.00	0.0619	10.78	474.1	383.86	0.0561	419.2	7.546	14.94	7.10	1.51
	36.41	17.38	67.83	-0.00	0.0617	10.75	473.0	382.79	0.0564	423.0	7.614	15.06	7.23	1.52
	37.41	17.39	67.81	0.00	0.0616	10.72	471.7	381.86	0.0563	424.4	7.640	15.12	7.28	1.51
	38.41	17.39	67.81	-0.00	0.0616	10.74	472.5	382.60	0.0563	420.5	7.569	14.98	7.14	1.52
	39.42	17.39	67.81	-0.00	0.0614	10.68	469.8	380.35	0.0566	425.3	7.655	15.15	7.31	1.52
	40.40	17.39	67.83	0.00	0.0616	10.69	470.4	380.67	0.0565	425.6	7.661	15.16	7.32	1.52
	41.42	17.39	67.81	-0.00	0.0619	10.78	474.2	383.89	0.0563	422.1	7.598	15.04	7.20	1.51
	42.40	17.41	67.81	0.00	0.0618	10.77	473.9	383.70	0.0562	421.4	7.585	15.01	7.17	1.52
	43.40	17.41	67.78	0.00	0.0616	10.71	471.2	381.68	0.0560	419.7	7.555	14.96	7.12	1.51
	44.40	17.41	67.81	0.00	0.0615	10.70	470.6	381.07	0.0562	419.8	7.557	14.96	7.12	1.52
	45.41	17.39	67.81	0.00	0.0615	10.70	470.9	381.30	0.0563	423.0	7.614	15.07	7.23	1.52
	46.41	17.39	67.81	0.00	0.0617	10.71	471.3	381.59	0.0564	423.8	7.628	15.10	7.26	1.52
	47.42	17.41	67.81	0.00	0.0617	10.72	471.7	381.93	0.0561	421.2	7.581	15.00	7.17	1.51
	48.42	17.39	67.78	-0.00	0.0623	10.86	477.8	387.01	0.0542	401.1	7.220	14.29	6.46	1.52
	49.41	17.41	67.81	-0.00	0.0621	10.83	476.7	385.97	0.0542	401.9	7.234	14.32	6.49	1.51
	50.40	17.43	67.80	0.00	0.0617	10.77	473.8	383.64	0.0548	406.1	7.310	14.47	6.64	1.52
	51.42	17.41	67.81	-0.00	0.0617	10.72	471.8	381.98	0.0553	411.1	7.400	14.65	6.82	1.52
	52.40	17.41	67.81	0.00	0.0616	10.74	472.6	382.69	0.0557	415.1	7.472	14.79	6.96	1.51
	53.40	17.41	67.78	-0.00	0.0615	10.70	470.8	381.31	0.0559	418.2	7.528	14.91	7.07	1.51
	54.40	17.41	67.81	-0.00	0.0615	10.69	470.3	380.75	0.0556	415.7	7.483	14.81	6.98	1.52
	55.43	17.43	67.81	-0.00	0.0615	10.70	470.9	381.33	0.0560	418.2	7.528	14.90	7.07	1.51
	56.41	17.43	67.81	0.00	0.0615	10.69	470.5	380.95	0.0562	421.4	7.584	15.01	7.18	1.52
	57.42	17.43	67.83	-0.00	0.0615	10.69	470.5	380.81	0.0562	421.4	7.585	15.01	7.18	1.52
	58.41	17.43	67.81	0.00	0.0615	10.70	470.7	381.10	0.0561	420.9	7.577	15.00	7.16	1.52
	59.39	17.44	67.83	0.00	0.0615	10.71	471.4	381.58	0.0561	420.3	7.565	14.97	7.14	1.52
	60.42	17.43	67.81	-0.00	0.0615	10.70	470.6	381.07	0.0562	422.0	7.596	15.04	7.20	1.52
	61.39	17.43	67.81	0.00	0.0614	10.68	469.8	380.39	0.0562	421.0	7.578	15.00	7.16	1.51
	62.42	17.43	67.81	0.00	0.0615	10.68	470.1	380.67	0.0562	421.2	7.582	15.01	7.17	1.52
	63.41	17.43	67.81	-0.00	0.0617	10.73	472.2	382.32	0.0564	424.0	7.631	15.10	7.27	1.52
	64.40	17.43	67.81	0.00	0.0616	10.72	471.5	381.79	0.0565	423.8	7.629	15.10	7.26	1.52
	65.41	17.44	67.81	0.00	0.0615	10.70	470.8	381.29	0.0565	424.6	7.642	15.13	7.29	1.52
	66.41	17.43	67.81	-0.00	0.0615	10.70	471.0	381.33	0.0566	425.1	7.652	15.14	7.30	1.51
	67.41	17.48	67.81	0.00	0.0614	10.67	469.4	380.18	0.0564	424.3	7.638	15.12	7.28	1.52
	68.41	17.43	67.81	-0.00	0.0613	10.65	468.8	379.54	0.0567	426.4	7.674	15.19	7.35	1.52
	69.41	17.44	67.81	-0.00	0.0614	10.66	469.1	379.90	0.0571	430.4	7.747	15.34	7.49	1.52
	70.48	17.44	67.81	0.00	0.0612	10.62	467.3	378.38	0.0575	434.0	7.812	15.46	7.61	1.52
	71.42	17.44	67.81	-0.00	0.0610	10.59	466.0	377.36	0.0576	436.3	7.853	15.54	7.68	1.52
	72.42	17.46	67.81	0.00	0.0608	10.54	463.7	375.48	0.0580	438.5	7.892	15.62	7.76	1.52
	73.41	17.46	67.81	-0.00	0.0610	10.58	465.7	377.15	0.0578	438.2	7.888	15.62	7.75	1.52
	74.40	17.46	67.81	0.00	0.0612	10.61	467.1	378.23	0.0577	437.8	7.880	15.60	7.74	1.52
	75.41	17.46	67.81	-0.00	0.0611	10.60	466.6	377.85	0.0580	440.7	7.932	15.70	7.83	1.52
	76.41	17.46	67.83	-0.00	0.0609	10.56	464.8	376.23	0.0585	446.4	8.035	15.90	8.02	1.52
	77.39	17.44	67.81	0.00	0.0609	10.56	464.5	376.12	0.0583	443.6	7.984	15.80	7.93	1.52
	78.41	17.48	67.81	-0.00	0.0609	10.56	464.6	376.26	0.0577	438.1	7.885	15.61	7.75	1.52
	79.42	17.48	67.81	-0.00	0.0609	10.58	465.4	376.91	0.0576	437.7	7.878	15.60	7.73	1.52
	80.42	17.48	67.81	-0.00	0.0610	10.59	465.8	377.27	0.0578	436.9	7.864	15.57	7.71	1.52
	81.42	17.48	67.81	-0.00	0.0611	10.59	466.1	377.47	0.0578	438.5	7.894	15.63	7.76	1.52
	82.42	17.49	67.83	-0.00	0.0610	10.58	465.4	376.78	0.0579	440.5	7.929	15.69	7.83	1.52
	83.41	17.47	67.81	0.00	0.0610	10.57	465.2	376.80	0.0581	441.0	7.938	15.72	7.85	1.52
	84.40	17.49	67.81	0.00	0.0608	10.54	463.6	375.46	0.0585	446.3	8.033	15.90	8.02	1.52
	85.43	17.49	67.83	-0.00	0.0608	10.52	463.1	374.94	0.0585	446.3	8.034	15.90	8.02	1.52
	86.41	17.51	67.81	-0.00	0.0607	10.52	463.1	375.07	0.0588	450.3	8.106	16.05	8.15	1.52
	87.42	17.51	67.83	-0.00	0.0607	10.50	462.0	374.05	0.0590	449.9	8.098	16.03	8.14	1.52
	88.41	17.51	67.81	-0.00	0.0605	10.49	461.4	373.75	0.0594	455.1	8.191	16.22	8.31	1.51
	89.39	17.51	67.76	0.00	0.0607	10.44	459.6	372.50	0.0581	447.8	8.061	15.97	8.07	1.52
	90.48	17.51	67.81	-0.00	0.0605	10.48	461.2	373.52	0.0590	450.3	8.106	16.05	8.15	1.52
	91.39	17.46	67.81	0.00	0.0605	10.46	460.3	372.74	0.0594	455.8	8.204	16.24	8.33	1.52
	92.42	17.54	67.81	-0.00	0.0606	10.49	461.8	374.03	0.0587	451.4	8.126	16.09	8.19	1.52
	93.40	17.52	67.81	0.00	0.0607	10.51	462.6	374.71	0.0591	451.8	8.132	16.10	8.20	1.52
	94.41	17.52	67.76	0.00	0.0606	10.48	461.0	373.71	0.0594	456.3	8.213	16.27	8.35	1.52
	95.41	17.54	67.81	-0.00	0.0607	10.50	462.1	374.35	0.0590	452.8	8.150	16.14	8.24	1.52
	96.42	17.51	67.81	-0.00	0.0605	10.49	461.4	373.68	0.0590	452.4	8.144	16.12	8.22	1.52
	97.41	17.51	67.81	0.00	0.0604	10.44	459.6	372.23	0.0594	454.4	8.179	16.19	8.29	1.52
	98.41	17.49	67.81	0.00	0.0606	10.49	461.6	373.87	0.0587	449.5	8.091	16.02	8.13	1.52
	99.40	17.52	67.78	0.00	0.0604	10.44	459.6	372.38	0.0589	448.4	8.071	15.99	8.09	1.52
	100.42	17.52	67.81	0.00	0.0603	10.44	459.4	372.09	0.0596	456.0	8.207	16.25	8.34	1.52
	101.42	17.52	67.81	-0.00	0.0604	10.45	459.6	372.30	0.0594	455.5	8.200	16.24	8.33	1.52
	102.42	17.52	67.81	-0.00	0.0604	10.45	459.7	372.36	0.0589	451.6	8.129	16.10	8.20	1.52
	103.40	17.52	67.81	0.00	0.0605	10.47	460.6	373.12	0.0589	450.9	8.116	16.07	8.17	1.52
	104.40	17.52	67.81	0.00	0.0603	10.45	459.6	372.33	0.0594	456.2	8.211	16.26	8.35	1.52
	105.39	17.54	67.81	0.00	0.0604	10.41	458.2	371.21	0.0595	456.8	8.222	16.28	8.37	1.52
	106.42	17.54	67.81	-0.00	0.0601	10.39	457.1	370.31	0.0591	452.9	8.153	16.14	8.24	1.52
	107.42	17.52	67.81	-0.00	0.0603	10.42	458.5	371.39	0.0589	449.3	8.088	16.02	8.12	1.52
	108.42	17.54	67.81	-0.00	0.0603	10.43	459.1	371.91	0.0588	449.8	8.097	16.03	8.14	1.52
	109.40	17.54	67.81	0.00	0.0604	10.45	459.7	372.38	0.0588	449.6	8.094	16.03	8.13	1.52
	110.40	17.56	67.81	0.00	0.0605	10.48	460.9	373.39	0.0592	453.6	8.166	16.17	8.26	1.52
	111.40	17.56	67.81	0.00	0.0606	10.48	461.0	373.45	0.0593	454.0	8.172	16.18	8.28	1.52
	112.41	17.57	67.78	0.00	0.0604	10.46	460.3	373.03	0.0593	454.9	8.189	16.22	8.31	1.52
	113.41	17.57	67.81	0.00	0.0604	10.44	459.5	372.30	0.0592	453.6	8.164	16.17	8.26	1.52
	114.40	17.59	67.83	0.00	0.0604	10.44	459.2	371.92	0.0594	456.6	8.218	16.27	8.36	1.52
	115.42	17.59	67.86	-0.00	0.0605	10.46	460.2	372.54	0.0598	459.7	8.275	16.38	8.46	1.52
	116.41	17.57	67.83	-0.00	0.0602	10.41	458.0	370.87	0.0607	468.7	8.436	16.70	8.75	1.52
	117.41	17.57	67.81	0.00	0.0602	10.41	458.0	371.08	0.0608	470.3	8.466	16.77	8.80	1.52
	118.41	17.57	67.83	-0.00	0.0601	10.38	456.8	369.92	0.0610	473.9	8.531	16.89	8.91	1.52
	119.40	17.59	67.81	-0.00	0.0601	10.38	456.8	370.09	0.0611	474.1	8.533	16.90	8.92	1.52
	120.40	17.57	67.81	-0.00	0.0600	10.36	455.7	369.20	0.0606	470.7	8.472	16.78	8.81	1.52
	121.40	17.61	67.81	0.00	0.0602	10.38	456.8	370.14	0.0603	469.4	8.450	16.74	8.77	1.52
	122.40	17.64	67.81	0.00	0.0602	10.41	457.9	371.04	0.0601	463.3	8.340	16.52	8.58	1.52
	123.40	17.66	67.81	-0.00	0.0603	10.42	458.7	371.72	0.0598	460.1	8.281	16.40	8.48	1.52
