Jul 25 2015 at 16:21:36
Frequency: 1.00Hz.
CO2
Zero:  Value:0.95  Date:18 Mar 2005	 at 07:22:33	
Span:  Value:1.00  Date:18 Mar 2005	 at 07:25:09	
H2O
Zero:  Value:0.71  Date:18 Mar 2005	 at 07:52:31	
Span:  Value:0.99  Date:18 Mar 2005	 at 11:44:01	
	Relative Time	Temperature	Pressure	Aux Input	CO2 Absorptance	CO2 mmol/m3	CO2 mg/m3	CO2 umol/mol	H2O Absorptance	H2O mmol/m3	H2O g/m3	H2O mmol/mol	H2O(°C)	Cooler Voltage
	0.39	33.06	67.68	0.00	0.0633	11.11	488.8	417.92	0.0496	355.7	6.403	13.38	5.48	1.67
	1.33	33.11	67.68	-0.00	0.0636	11.16	491.3	420.07	0.0502	357.7	6.439	13.46	5.56	1.67
	2.32	33.08	67.72	0.00	0.0631	11.06	486.7	415.85	0.0497	354.8	6.387	13.34	5.44	1.67
	3.32	33.08	67.68	0.00	0.0634	11.07	487.2	416.50	0.0519	383.4	6.901	14.42	6.56	1.67
	4.34	33.11	67.70	-0.00	0.0634	11.13	489.6	418.55	0.0522	383.4	6.900	14.42	6.56	1.67
	5.32	33.13	67.68	0.00	0.0629	11.07	486.9	416.35	0.0560	402.2	7.240	15.13	7.27	1.67
	6.33	33.11	67.70	-0.00	0.0632	11.11	488.7	417.75	0.0548	402.8	7.250	15.15	7.29	1.66
	7.38	33.07	67.70	0.00	0.0633	11.09	488.1	417.12	0.0546	402.3	7.242	15.13	7.27	1.66
	8.31	33.11	67.70	0.00	0.0632	11.07	487.2	416.45	0.0551	408.7	7.356	15.37	7.50	1.66
	9.34	33.06	67.72	-0.00	0.0632	11.04	485.8	415.07	0.0545	405.7	7.302	15.25	7.39	1.66
	10.33	33.09	67.68	-0.00	0.0630	11.03	485.5	415.08	0.0559	415.4	7.477	15.63	7.73	1.67
	11.32	33.08	67.70	-0.00	0.0630	11.05	486.4	415.70	0.0564	417.6	7.516	15.70	7.81	1.66
	12.32	33.11	67.68	0.00	0.0630	11.05	486.1	415.60	0.0559	419.2	7.546	15.77	7.87	1.66
	13.34	33.03	67.68	-0.00	0.0631	11.04	485.6	415.15	0.0565	424.6	7.643	15.97	8.06	1.66
	14.30	33.09	67.65	0.00	0.0630	11.02	484.9	414.76	0.0569	426.7	7.681	16.06	8.13	1.66
	15.30	33.09	67.70	0.00	0.0629	11.00	484.1	413.77	0.0585	439.4	7.910	16.53	8.56	1.66
	16.32	33.06	67.68	0.00	0.0627	11.01	484.2	413.99	0.0580	441.6	7.949	16.61	8.63	1.66
	17.33	33.04	67.70	0.00	0.0629	10.97	482.7	412.53	0.0593	455.1	8.192	17.11	9.08	1.66
	18.31	33.07	67.68	0.00	0.0626	10.97	482.5	412.55	0.0613	478.9	8.620	18.01	9.84	1.66
	19.33	33.04	67.72	0.00	0.0627	10.96	482.1	411.86	0.0615	479.8	8.636	18.03	9.86	1.66
	20.41	33.07	67.72	-0.00	0.0624	10.95	481.9	411.71	0.0616	488.3	8.790	18.36	10.13	1.66
	21.31	33.06	67.70	0.00	0.0626	10.93	480.9	411.00	0.0624	489.2	8.805	18.40	10.15	1.66
	22.31	33.04	67.66	0.00	0.0624	10.91	479.9	410.37	0.0631	495.8	8.925	18.66	10.36	1.66
	23.32	33.04	67.70	0.00	0.0625	10.91	480.0	410.19	0.0627	494.1	8.893	18.58	10.30	1.66
	24.34	33.06	67.70	-0.00	0.0624	10.90	479.5	409.84	0.0630	490.5	8.829	18.45	10.20	1.66
	25.32	33.06	67.68	0.00	0.0623	10.85	477.4	408.15	0.0626	483.2	8.697	18.18	9.97	1.66
	26.32	33.08	67.68	0.00	0.0622	10.84	476.7	407.61	0.0618	470.6	8.472	17.71	9.58	1.66
	27.32	33.06	67.70	0.00	0.0620	10.80	475.4	406.31	0.0606	470.3	8.465	17.69	9.57	1.66
	28.39	33.09	67.70	0.00	0.0621	10.80	475.4	406.34	0.0622	475.3	8.556	17.88	9.73	1.66
	29.31	33.03	67.70	0.00	0.0622	10.87	478.4	408.82	0.0630	499.4	8.989	18.78	10.46	1.66
	30.33	33.02	67.68	-0.00	0.0623	10.83	476.7	407.50	0.0643	508.2	9.148	19.11	10.72	1.66
	31.39	33.02	67.70	0.00	0.0623	10.88	478.8	409.18	0.0642	511.3	9.203	19.22	10.82	1.66
	32.34	32.98	67.70	-0.00	0.0620	10.84	476.9	407.48	0.0634	504.2	9.076	18.96	10.61	1.66
	33.34	32.98	67.70	-0.00	0.0622	10.85	477.6	408.05	0.0646	513.5	9.242	19.30	10.88	1.66
	34.32	32.98	67.70	-0.00	0.0617	10.77	473.8	404.80	0.0672	536.1	9.650	20.16	11.53	1.66
	35.32	33.02	67.68	-0.00	0.0617	10.74	472.4	403.84	0.0668	540.4	9.727	20.33	11.65	1.66
	36.32	33.04	67.70	0.00	0.0618	10.74	472.7	404.01	0.0668	538.0	9.684	20.23	11.58	1.66
	37.31	33.04	67.68	0.00	0.0620	10.82	476.0	406.96	0.0666	538.2	9.687	20.24	11.59	1.66
	38.38	33.04	67.68	0.00	0.0616	10.75	472.8	404.19	0.0663	536.7	9.660	20.19	11.55	1.66
	39.31	33.01	67.70	0.00	0.0619	10.78	474.5	405.43	0.0670	544.0	9.792	20.45	11.75	1.66
	40.34	33.07	67.68	-0.00	0.0619	10.80	475.2	406.30	0.0678	549.1	9.884	20.66	11.90	1.66
	41.32	33.04	67.70	0.00	0.0618	10.77	474.0	405.07	0.0679	547.8	9.860	20.60	11.86	1.66
	42.31	33.02	67.70	0.00	0.0619	10.79	474.9	405.79	0.0682	557.4	10.034	20.96	12.12	1.66
	43.32	33.04	67.70	-0.00	0.0618	10.77	473.9	404.95	0.0680	554.1	9.973	20.83	12.03	1.66
	44.34	33.02	67.70	-0.00	0.0618	10.76	473.3	404.48	0.0678	548.7	9.876	20.63	11.88	1.66
	45.32	32.98	67.70	0.00	0.0615	10.74	472.7	403.88	0.0680	558.3	10.049	20.99	12.14	1.66
	46.32	32.94	67.70	0.00	0.0616	10.72	471.6	402.85	0.0690	569.9	10.257	21.42	12.45	1.66
	47.33	32.99	67.70	0.00	0.0617	10.72	471.7	403.05	0.0689	562.0	10.117	21.13	12.25	1.66
	48.33	33.00	67.70	0.00	0.0617	10.72	471.8	403.13	0.0699	569.7	10.254	21.42	12.45	1.66
	49.33	33.02	67.70	-0.00	0.0615	10.70	470.7	402.27	0.0708	592.1	10.657	22.26	13.04	1.66
	50.33	33.00	67.68	0.00	0.0614	10.67	469.6	401.38	0.0720	598.6	10.775	22.51	13.21	1.66
	51.31	32.98	67.70	0.00	0.0616	10.71	471.4	402.80	0.0707	595.4	10.717	22.38	13.12	1.66
	52.38	32.95	67.70	0.00	0.0613	10.65	468.8	400.50	0.0717	598.8	10.778	22.51	13.21	1.66
	53.34	32.95	67.70	-0.00	0.0609	10.54	463.8	396.23	0.0723	603.4	10.860	22.68	13.33	1.66
	54.32	32.98	67.70	0.00	0.0612	10.59	466.2	398.33	0.0726	598.5	10.772	22.50	13.20	1.66
	55.33	32.96	67.67	0.00	0.0610	10.59	466.1	398.42	0.0741	634.6	11.423	23.87	14.10	1.66
	56.32	32.98	67.68	0.00	0.0609	10.57	465.0	397.42	0.0734	627.1	11.288	23.58	13.92	1.66
	57.31	32.98	67.68	0.00	0.0610	10.58	465.4	397.82	0.0760	653.4	11.761	24.57	14.56	1.66
	58.33	32.97	67.70	0.00	0.0611	10.60	466.5	398.55	0.0764	652.7	11.749	24.54	14.54	1.66
	59.33	32.95	67.73	0.00	0.0611	10.64	468.0	399.66	0.0748	640.8	11.535	24.08	14.25	1.66
	60.31	32.91	67.70	0.00	0.0613	10.64	468.3	400.03	0.0742	627.7	11.299	23.59	13.93	1.66
	61.32	32.92	67.67	0.00	0.0612	10.65	468.5	400.43	0.0758	638.6	11.495	24.02	14.20	1.66
	62.32	32.93	67.70	0.00	0.0611	10.62	467.2	399.12	0.0763	664.3	11.957	24.97	14.81	1.66
	63.30	32.98	67.68	0.00	0.0610	10.60	466.5	398.72	0.0759	657.3	11.831	24.72	14.65	1.66
	64.33	33.00	67.73	-0.00	0.0611	10.60	466.2	398.21	0.0759	653.7	11.766	24.57	14.56	1.66
	65.32	33.00	67.68	0.00	0.0609	10.57	465.2	397.61	0.0750	644.5	11.601	24.24	14.35	1.66
	66.30	33.02	67.70	0.00	0.0612	10.60	466.4	398.52	0.0750	641.8	11.552	24.13	14.28	1.66
	67.31	33.04	67.70	0.00	0.0610	10.61	466.7	398.84	0.0744	637.0	11.467	23.95	14.17	1.66
	68.41	33.07	67.72	0.00	0.0610	10.59	465.9	398.08	0.0749	639.5	11.511	24.04	14.23	1.66
	69.33	33.04	67.68	-0.00	0.0608	10.54	463.9	396.56	0.0747	637.1	11.469	23.97	14.17	1.66
	70.33	33.02	67.68	-0.00	0.0607	10.50	462.2	395.12	0.0750	639.1	11.504	24.04	14.22	1.66
	71.34	33.02	67.70	-0.00	0.0609	10.57	465.0	397.33	0.0755	650.8	11.715	24.47	14.50	1.66
	72.32	33.01	67.68	-0.00	0.0609	10.57	465.0	397.46	0.0753	645.4	11.617	24.27	14.37	1.66
	73.31	33.02	67.70	0.00	0.0609	10.58	465.4	397.70	0.0753	646.7	11.641	24.32	14.40	1.66
	74.33	33.04	67.70	-0.00	0.0611	10.58	465.6	397.88	0.0756	653.3	11.760	24.57	14.56	1.66
	75.33	33.02	67.70	-0.00	0.0609	10.55	464.2	396.66	0.0760	654.7	11.784	24.61	14.59	1.66
	76.31	33.04	67.72	-0.00	0.0606	10.49	461.6	394.31	0.0798	705.5	12.698	26.52	15.75	1.66
	77.31	33.04	67.70	0.00	0.0607	10.51	462.5	395.29	0.0788	690.1	12.423	25.95	15.41	1.66
	78.33	33.02	67.70	-0.00	0.0607	10.52	463.0	395.60	0.0785	687.4	12.373	25.85	15.35	1.66
	79.31	33.02	67.68	0.00	0.0606	10.50	462.1	395.04	0.0779	681.1	12.260	25.62	15.20	1.66
	80.31	33.01	67.70	0.00	0.0606	10.50	462.2	394.93	0.0790	689.7	12.414	25.93	15.40	1.66
	81.31	33.00	67.68	0.00	0.0604	10.43	458.8	392.17	0.0794	699.6	12.592	26.31	15.62	1.66
	82.32	33.02	67.68	0.00	0.0605	10.48	461.3	394.36	0.0796	703.1	12.656	26.45	15.70	1.66
	83.34	33.00	67.70	0.00	0.0604	10.46	460.2	393.24	0.0794	702.2	12.639	26.40	15.68	1.66
	84.33	33.00	67.70	-0.00	0.0603	10.42	458.3	391.62	0.0807	714.6	12.863	26.87	15.95	1.66
	85.33	32.95	67.68	-0.00	0.0602	10.41	458.2	391.59	0.0811	727.5	13.095	27.36	16.23	1.66
	86.41	32.98	67.70	-0.00	0.0601	10.40	457.6	390.99	0.0801	718.2	12.928	27.00	16.03	1.66
	87.33	33.00	67.72	0.00	0.0603	10.41	458.1	391.32	0.0813	722.0	12.995	27.13	16.11	1.66
	88.31	32.93	67.68	0.00	0.0603	10.41	458.2	391.56	0.0816	725.6	13.060	27.28	16.18	1.66
	89.40	32.93	67.70	-0.00	0.0604	10.42	458.6	391.83	0.0813	727.7	13.099	27.36	16.23	1.66
	90.32	32.94	67.72	-0.00	0.0603	10.43	459.0	392.00	0.0807	715.8	12.884	26.90	15.97	1.66
	91.31	32.93	67.68	0.00	0.0604	10.43	459.0	392.20	0.0813	721.8	12.993	27.14	16.10	1.66
	92.32	32.90	67.67	0.00	0.0601	10.41	457.9	391.34	0.0814	730.2	13.144	27.46	16.28	1.66
	93.32	32.89	67.70	-0.00	0.0601	10.37	456.2	389.65	0.0810	720.2	12.963	27.07	16.07	1.66
	94.30	32.95	67.68	0.00	0.0602	10.39	457.2	390.72	0.0817	731.6	13.168	27.51	16.31	1.66
	95.32	32.94	67.70	0.00	0.0599	10.34	454.9	388.62	0.0835	750.3	13.505	28.20	16.71	1.66
	96.31	32.93	67.68	0.00	0.0598	10.30	453.3	387.38	0.0810	725.1	13.052	27.27	16.18	1.66
	97.31	32.94	67.70	0.00	0.0598	10.33	454.3	388.15	0.0814	725.1	13.053	27.26	16.18	1.66
	98.31	32.96	67.68	0.00	0.0597	10.29	452.9	387.09	0.0827	750.5	13.508	28.22	16.72	1.66
	99.33	33.00	67.68	0.00	0.0597	10.30	453.4	387.58	0.0823	742.8	13.371	27.94	16.56	1.66
	100.32	32.98	67.70	0.00	0.0597	10.30	453.3	387.30	0.0819	741.9	13.354	27.89	16.54	1.66
	101.34	33.00	67.68	-0.00	0.0598	10.31	453.8	387.89	0.0827	735.1	13.231	27.65	16.39	1.66
	102.34	32.98	67.68	0.00	0.0599	10.35	455.3	389.16	0.0836	754.1	13.574	28.36	16.79	1.66
	103.32	32.98	67.68	0.00	0.0600	10.35	455.5	389.36	0.0844	767.7	13.819	28.87	17.08	1.66
	104.32	32.98	67.68	0.00	0.0599	10.32	454.3	388.28	0.0844	769.6	13.852	28.94	17.11	1.66
	105.33	33.03	67.70	0.00	0.0599	10.33	454.5	388.42	0.0862	793.4	14.282	29.84	17.60	1.66
	106.31	33.02	67.70	0.00	0.0599	10.34	455.2	388.96	0.0862	793.4	14.280	29.83	17.60	1.66
	107.39	33.02	67.70	0.00	0.0598	10.32	454.1	388.04	0.0855	786.0	14.149	29.56	17.45	1.66
	108.31	33.04	67.70	0.00	0.0599	10.33	454.7	388.62	0.0850	777.2	13.989	29.22	17.27	1.66
	109.33	33.02	67.65	-0.00	0.0597	10.28	452.3	386.82	0.0849	778.3	14.009	29.29	17.29	1.66
	110.32	32.95	67.65	0.00	0.0598	10.31	453.6	387.86	0.0864	799.3	14.387	30.07	17.71	1.66
	111.31	32.98	67.70	0.00	0.0597	10.29	452.6	386.66	0.0849	773.9	13.931	29.10	17.20	1.66
	112.31	33.01	67.68	0.00	0.0598	10.34	455.0	388.92	0.0852	778.8	14.019	29.29	17.30	1.66
	113.30	32.98	67.70	0.00	0.0594	10.23	449.9	384.42	0.0869	808.1	14.546	30.38	17.89	1.66
	114.39	32.98	67.70	0.00	0.0594	10.22	449.9	384.38	0.0864	800.6	14.411	30.10	17.74	1.66
	115.32	32.94	67.68	0.00	0.0594	10.22	449.7	384.30	0.0872	803.5	14.463	30.21	17.80	1.66
	116.33	32.95	67.70	0.00	0.0595	10.25	451.1	385.38	0.0862	795.3	14.315	29.90	17.63	1.66
	117.33	32.91	67.70	-0.00	0.0598	10.30	453.4	387.30	0.0863	794.2	14.295	29.85	17.61	1.66
	118.33	32.96	67.70	-0.00	0.0596	10.28	452.1	386.32	0.0866	799.4	14.389	30.05	17.71	1.66
	119.34	32.95	67.68	-0.00	0.0595	10.26	451.5	385.85	0.0864	797.7	14.359	30.00	17.68	1.66
	120.40	33.00	67.70	-0.00	0.0591	10.19	448.4	383.14	0.0866	796.9	14.344	29.96	17.67	1.67
	121.31	32.98	67.67	0.00	0.0592	10.18	447.9	382.84	0.0872	809.6	14.573	30.45	17.92	1.66
