Jul 25 2015 at 14:26:36
Frequency: 1.00Hz.
CO2
Zero:  Value:0.95  Date:18 Mar 2005	 at 07:22:33	
Span:  Value:1.00  Date:18 Mar 2005	 at 07:25:09	
H2O
Zero:  Value:0.71  Date:18 Mar 2005	 at 07:52:31	
Span:  Value:0.99  Date:18 Mar 2005	 at 11:44:01	
	Relative Time	Temperature	Pressure	Aux Input	CO2 Absorptance	CO2 mmol/m3	CO2 mg/m3	CO2 umol/mol	H2O Absorptance	H2O mmol/m3	H2O g/m3	H2O mmol/mol	H2O(°C)	Cooler Voltage
	0.28	36.90	70.20	-0.00	0.0609	10.49	461.6	385.26	0.0736	614.5	11.060	22.56	13.80	1.77
	1.28	36.82	70.20	0.00	0.0611	10.51	462.2	385.67	0.0737	613.4	11.042	22.52	13.77	1.77
	2.26	36.80	70.20	0.00	0.0612	10.53	463.2	386.41	0.0731	607.0	10.926	22.28	13.61	1.77
	3.29	36.82	70.20	0.00	0.0615	10.56	464.4	387.51	0.0726	604.6	10.883	22.20	13.55	1.77
	4.28	36.88	70.18	0.00	0.0614	10.56	464.8	388.01	0.0728	607.6	10.936	22.32	13.63	1.77
	5.37	36.88	70.20	-0.00	0.0613	10.55	464.2	387.36	0.0732	606.4	10.915	22.26	13.60	1.77
	6.27	36.89	70.15	0.00	0.0612	10.53	463.2	386.84	0.0731	608.2	10.948	22.35	13.65	1.77
	7.29	36.86	70.20	0.00	0.0612	10.54	463.5	386.78	0.0723	598.5	10.773	21.97	13.40	1.77
	8.30	36.79	70.20	-0.00	0.0613	10.52	463.0	386.30	0.0720	595.4	10.717	21.86	13.31	1.77
	9.35	36.81	70.20	0.00	0.0612	10.53	463.5	386.68	0.0718	588.7	10.597	21.61	13.14	1.77
	10.28	36.83	70.15	0.00	0.0613	10.57	464.9	388.18	0.0719	588.8	10.598	21.63	13.15	1.77
	11.28	36.82	70.17	-0.00	0.0612	10.51	462.2	385.80	0.0722	598.9	10.781	22.00	13.41	1.77
	12.29	36.78	70.18	-0.00	0.0615	10.57	465.2	388.20	0.0713	586.2	10.552	21.52	13.08	1.77
	13.28	36.76	70.20	-0.00	0.0616	10.60	466.3	388.98	0.0714	585.3	10.535	21.48	13.05	1.77
	14.27	36.81	70.20	0.00	0.0614	10.57	464.9	387.90	0.0715	586.4	10.556	21.53	13.08	1.77
	15.29	36.81	70.20	-0.00	0.0615	10.57	464.9	387.87	0.0713	587.2	10.570	21.56	13.10	1.77
	16.27	36.83	70.18	0.00	0.0620	10.70	471.0	393.12	0.0700	570.0	10.260	20.93	12.65	1.77
	17.30	36.83	70.20	-0.00	0.0621	10.74	472.7	394.42	0.0699	567.9	10.223	20.85	12.59	1.77
	18.30	36.76	70.18	-0.00	0.0620	10.66	469.1	391.42	0.0701	572.3	10.302	21.01	12.71	1.77
	19.30	36.76	70.20	0.00	0.0622	10.74	472.6	394.22	0.0696	565.6	10.181	20.76	12.53	1.77
	20.28	36.76	70.20	0.00	0.0620	10.71	471.3	393.15	0.0701	570.1	10.262	20.93	12.65	1.77
	21.29	36.71	70.20	-0.00	0.0621	10.71	471.2	392.98	0.0701	571.2	10.282	20.96	12.68	1.77
	22.28	36.73	70.17	0.00	0.0624	10.78	474.2	395.70	0.0689	559.0	10.061	20.52	12.35	1.78
	23.29	36.74	70.20	-0.00	0.0622	10.76	473.5	394.97	0.0693	559.3	10.067	20.53	12.36	1.77
	24.27	36.71	70.15	0.00	0.0623	10.77	473.9	395.47	0.0691	558.8	10.059	20.52	12.34	1.77
	25.29	36.79	70.20	-0.00	0.0622	10.76	473.3	394.83	0.0691	559.1	10.063	20.52	12.35	1.77
	26.36	36.79	70.18	-0.00	0.0624	10.78	474.5	395.95	0.0686	553.9	9.971	20.34	12.21	1.77
	27.29	36.77	70.18	-0.00	0.0625	10.80	475.4	396.71	0.0689	554.9	9.988	20.37	12.24	1.77
	28.28	36.77	70.20	0.00	0.0623	10.76	473.7	395.12	0.0689	558.3	10.050	20.49	12.33	1.78
	29.27	36.72	70.20	0.00	0.0623	10.78	474.2	395.49	0.0688	555.9	10.006	20.40	12.26	1.77
	30.28	36.69	70.20	0.00	0.0625	10.79	474.6	395.84	0.0684	552.0	9.936	20.25	12.15	1.77
	31.29	36.70	70.20	-0.00	0.0625	10.80	475.1	396.26	0.0681	549.3	9.888	20.16	12.08	1.77
	32.28	36.69	70.15	0.00	0.0627	10.86	477.7	398.65	0.0676	538.4	9.691	19.77	11.78	1.77
	33.29	36.71	70.18	-0.00	0.0624	10.81	475.5	396.74	0.0678	545.2	9.814	20.02	11.97	1.77
	34.29	36.76	70.18	0.00	0.0627	10.83	476.5	397.61	0.0674	539.6	9.712	19.81	11.81	1.78
	35.29	36.79	70.20	0.00	0.0627	10.86	477.9	398.72	0.0677	542.2	9.759	19.90	11.89	1.77
	36.29	36.77	70.18	0.00	0.0627	10.86	477.7	398.66	0.0680	545.7	9.822	20.04	11.98	1.77
	37.28	36.76	70.20	0.00	0.0626	10.85	477.2	398.07	0.0681	547.0	9.846	20.08	12.02	1.77
	38.34	36.78	70.18	0.00	0.0625	10.81	475.5	396.83	0.0676	541.7	9.751	19.89	11.87	1.77
	39.28	36.73	70.18	0.00	0.0626	10.83	476.6	397.68	0.0676	541.0	9.738	19.86	11.85	1.78
	40.28	36.74	70.13	-0.00	0.0625	10.82	476.0	397.47	0.0673	540.5	9.728	19.86	11.84	1.78
	41.29	36.64	70.18	-0.00	0.0628	10.87	478.1	398.78	0.0673	538.3	9.689	19.75	11.77	1.77
	42.29	36.74	70.17	0.00	0.0628	10.87	478.4	399.23	0.0674	538.4	9.691	19.77	11.78	1.78
	43.29	36.73	70.18	-0.00	0.0628	10.88	478.6	399.34	0.0677	542.0	9.756	19.90	11.88	1.78
	44.27	36.79	70.20	0.00	0.0626	10.83	476.7	397.66	0.0675	539.9	9.719	19.82	11.82	1.78
	45.27	36.79	70.18	0.00	0.0626	10.83	476.7	397.79	0.0676	541.1	9.740	19.87	11.86	1.78
	46.27	36.79	70.17	0.00	0.0626	10.82	475.9	397.20	0.0671	536.0	9.648	19.68	11.71	1.78
	47.28	36.79	70.15	-0.00	0.0625	10.82	476.0	397.38	0.0673	537.3	9.672	19.74	11.75	1.78
	48.27	36.79	70.20	0.00	0.0627	10.84	476.8	397.80	0.0675	539.4	9.710	19.80	11.81	1.78
	49.28	36.76	70.20	0.00	0.0627	10.85	477.2	398.07	0.0675	538.9	9.700	19.78	11.79	1.78
	50.26	36.76	70.18	0.00	0.0627	10.86	477.8	398.74	0.0675	539.3	9.707	19.80	11.80	1.78
	51.29	36.74	70.20	0.00	0.0627	10.86	478.0	398.67	0.0677	542.3	9.762	19.90	11.89	1.78
	52.26	36.77	70.20	0.00	0.0627	10.85	477.2	398.08	0.0676	540.4	9.727	19.83	11.83	1.78
	53.37	36.80	70.20	-0.00	0.0628	10.86	477.9	398.72	0.0678	542.1	9.758	19.90	11.89	1.78
	54.29	36.74	70.18	-0.00	0.0628	10.87	478.3	399.08	0.0678	542.6	9.766	19.92	11.89	1.78
	55.29	36.70	70.20	-0.00	0.0626	10.84	476.9	397.78	0.0677	541.4	9.746	19.87	11.86	1.78
	56.27	36.71	70.18	0.00	0.0626	10.83	476.6	397.60	0.0675	539.2	9.705	19.79	11.80	1.78
	57.28	36.73	70.23	0.00	0.0627	10.86	477.7	398.30	0.0678	543.0	9.773	19.92	11.91	1.78
	58.28	36.73	70.20	0.00	0.0627	10.85	477.2	398.06	0.0678	543.8	9.789	19.96	11.93	1.78
	59.28	36.72	70.18	0.00	0.0627	10.84	476.9	397.91	0.0679	544.4	9.800	19.99	11.95	1.78
	60.30	36.70	70.20	-0.00	0.0627	10.85	477.6	398.31	0.0681	545.9	9.827	20.03	11.99	1.78
	61.34	36.67	70.17	0.00	0.0626	10.84	477.0	397.91	0.0679	544.9	9.809	20.00	11.96	1.78
	62.28	36.69	70.20	0.00	0.0626	10.84	477.0	397.82	0.0679	544.9	9.808	19.99	11.96	1.78
	63.27	36.70	70.20	-0.00	0.0626	10.83	476.6	397.51	0.0678	544.3	9.798	19.97	11.94	1.78
	64.27	36.73	70.20	0.00	0.0626	10.83	476.7	397.63	0.0680	546.0	9.829	20.04	11.99	1.78
	65.27	36.77	70.17	-0.00	0.0626	10.84	476.8	397.93	0.0681	546.7	9.841	20.08	12.01	1.78
	66.28	36.80	70.18	-0.00	0.0626	10.82	476.3	397.49	0.0681	546.3	9.833	20.06	12.00	1.78
	67.27	36.82	70.20	0.00	0.0626	10.83	476.7	397.72	0.0683	549.5	9.890	20.17	12.09	1.78
	68.28	36.88	70.17	-0.00	0.0627	10.86	477.6	398.73	0.0683	549.9	9.899	20.20	12.11	1.78
	69.30	36.90	70.20	-0.00	0.0627	10.84	477.1	398.19	0.0683	550.1	9.901	20.20	12.11	1.78
	70.29	36.88	70.18	-0.00	0.0627	10.84	477.1	398.28	0.0684	549.6	9.893	20.19	12.10	1.78
	71.29	36.89	70.18	0.00	0.0626	10.85	477.3	398.43	0.0684	552.3	9.941	20.29	12.17	1.78
	72.28	36.93	70.15	0.00	0.0626	10.84	476.9	398.29	0.0684	550.6	9.912	20.24	12.13	1.78
	73.27	36.90	70.20	0.00	0.0627	10.85	477.3	398.33	0.0686	552.1	9.938	20.27	12.17	1.79
	74.27	36.93	70.20	0.00	0.0627	10.86	477.7	398.67	0.0686	553.3	9.959	20.32	12.20	1.79
	75.27	36.90	70.20	0.00	0.0625	10.81	475.6	396.93	0.0683	548.9	9.880	20.15	12.08	1.79
	76.28	36.87	70.20	0.00	0.0626	10.83	476.4	397.51	0.0684	550.6	9.910	20.21	12.12	1.78
	77.27	36.83	70.20	0.00	0.0626	10.83	476.6	397.70	0.0684	550.8	9.915	20.22	12.13	1.78
	78.28	36.82	70.17	0.00	0.0626	10.84	477.0	398.11	0.0686	552.7	9.949	20.30	12.18	1.78
	79.28	36.77	70.20	-0.00	0.0626	10.83	476.5	397.51	0.0684	550.9	9.917	20.22	12.13	1.79
	80.28	36.81	70.20	0.00	0.0627	10.84	476.9	397.88	0.0687	552.7	9.948	20.29	12.18	1.79
	81.28	36.76	70.20	-0.00	0.0627	10.86	477.8	398.59	0.0689	556.8	10.023	20.44	12.29	1.79
	82.35	36.72	70.18	-0.00	0.0627	10.86	477.7	398.56	0.0688	555.6	10.001	20.40	12.26	1.79
	83.27	36.77	70.23	-0.00	0.0626	10.84	477.1	397.86	0.0689	556.5	10.017	20.42	12.28	1.79
	84.29	36.74	70.18	0.00	0.0626	10.84	476.8	397.84	0.0687	554.6	9.982	20.36	12.23	1.79
	85.29	36.73	70.18	0.00	0.0626	10.83	476.7	397.73	0.0689	555.8	10.005	20.41	12.26	1.79
	86.28	36.73	70.15	0.00	0.0627	10.84	477.1	398.27	0.0692	559.7	10.074	20.56	12.37	1.79
	87.27	36.77	70.17	0.00	0.0627	10.86	477.9	398.83	0.0694	562.5	10.125	20.65	12.44	1.79
	88.28	36.77	70.20	0.00	0.0627	10.85	477.3	398.13	0.0692	560.7	10.092	20.58	12.40	1.79
	89.28	36.76	70.20	0.00	0.0626	10.83	476.4	397.41	0.0690	557.2	10.030	20.45	12.30	1.79
	90.34	36.80	70.18	0.00	0.0626	10.83	476.6	397.77	0.0691	558.4	10.051	20.50	12.33	1.79
	91.28	36.78	70.18	0.00	0.0626	10.84	477.1	398.14	0.0691	559.6	10.073	20.55	12.37	1.79
	92.28	36.73	70.15	-0.00	0.0626	10.82	476.0	397.32	0.0691	557.8	10.041	20.49	12.32	1.79
	93.29	36.81	70.18	-0.00	0.0627	10.85	477.5	398.49	0.0694	562.6	10.126	20.66	12.45	1.79
	94.27	36.79	70.23	-0.00	0.0627	10.85	477.3	398.06	0.0695	562.7	10.129	20.65	12.45	1.79
	95.29	36.77	70.18	-0.00	0.0628	10.86	478.0	398.83	0.0696	564.2	10.156	20.71	12.49	1.79
	96.27	36.77	70.18	0.00	0.0628	10.86	478.0	398.91	0.0697	565.5	10.179	20.76	12.52	1.79
	97.30	36.76	70.17	-0.00	0.0627	10.86	478.0	398.85	0.0697	565.3	10.176	20.76	12.52	1.79
	98.28	36.76	70.18	0.00	0.0628	10.85	477.6	398.55	0.0698	567.5	10.215	20.84	12.58	1.79
	99.30	36.81	70.18	0.00	0.0629	10.88	478.5	399.39	0.0699	568.6	10.235	20.88	12.61	1.79
	100.29	36.79	70.15	-0.00	0.0628	10.87	478.1	399.13	0.0699	567.4	10.214	20.84	12.58	1.79
	101.28	36.75	70.17	0.00	0.0628	10.88	478.7	399.47	0.0700	569.0	10.242	20.89	12.62	1.79
	102.28	36.79	70.20	0.00	0.0628	10.87	478.4	399.07	0.0699	568.4	10.232	20.87	12.61	1.79
	103.27	36.78	70.18	0.00	0.0628	10.88	478.6	399.40	0.0700	569.2	10.246	20.90	12.63	1.79
	104.27	36.77	70.15	0.00	0.0627	10.87	478.4	399.38	0.0701	570.1	10.262	20.94	12.65	1.79
	105.28	36.77	70.17	0.00	0.0627	10.86	477.9	398.78	0.0699	568.6	10.234	20.88	12.61	1.79
	106.28	36.69	70.15	-0.00	0.0628	10.87	478.5	399.33	0.0700	569.5	10.252	20.91	12.63	1.79
	107.36	36.74	70.17	-0.00	0.0627	10.84	477.0	398.03	0.0698	566.6	10.199	20.80	12.55	1.79
	108.28	36.76	70.18	0.00	0.0627	10.87	478.2	399.00	0.0699	568.9	10.241	20.89	12.62	1.79
	109.28	36.78	70.15	0.00	0.0628	10.87	478.2	399.23	0.0700	570.6	10.272	20.96	12.66	1.79
	110.26	36.74	70.20	0.00	0.0628	10.87	478.3	398.97	0.0701	570.7	10.273	20.95	12.66	1.79
	111.28	36.77	70.17	0.00	0.0627	10.86	477.8	398.69	0.0699	569.5	10.251	20.91	12.63	1.79
	112.26	36.78	70.15	0.00	0.0627	10.84	477.1	398.29	0.0700	568.7	10.237	20.89	12.61	1.79
	113.29	36.83	70.20	0.00	0.0627	10.84	476.9	397.92	0.0701	569.8	10.257	20.92	12.65	1.79
	114.27	36.80	70.17	0.00	0.0628	10.87	478.2	399.11	0.0703	573.1	10.315	21.04	12.73	1.80
	115.28	36.81	70.17	0.00	0.0628	10.86	477.7	398.69	0.0703	573.1	10.316	21.05	12.73	1.80
	116.30	36.78	70.18	0.00	0.0628	10.87	478.3	399.18	0.0704	574.5	10.342	21.10	12.77	1.80
	117.28	36.80	70.20	0.00	0.0627	10.86	477.8	398.59	0.0703	573.5	10.323	21.05	12.74	1.80
	118.28	36.83	70.20	0.00	0.0627	10.86	477.9	398.71	0.0704	573.8	10.328	21.06	12.75	1.80
	119.28	36.88	70.20	-0.00	0.0627	10.85	477.5	398.50	0.0703	573.4	10.321	21.05	12.74	1.80
	120.29	36.89	70.20	-0.00	0.0628	10.86	478.0	398.94	0.0705	575.0	10.350	21.11	12.79	1.80
	121.34	36.90	70.17	0.00	0.0628	10.87	478.1	399.20	0.0705	575.8	10.364	21.15	12.81	1.80
	122.29	36.90	70.20	-0.00	0.0628	10.87	478.2	399.06	0.0707	577.8	10.400	21.22	12.86	1.80
	123.27	36.84	70.12	-0.00	0.0627	10.87	478.1	399.34	0.0706	577.4	10.394	21.22	12.85	1.80
	124.27	36.88	70.20	0.00	0.0627	10.87	478.2	399.08	0.0707	578.0	10.404	21.22	12.86	1.80
