Jul 25 2015 at 13:14:22
Frequency: 1.00Hz.
CO2
Zero:  Value:0.95  Date:18 Mar 2005	 at 07:22:33	
Span:  Value:1.00  Date:18 Mar 2005	 at 07:25:09	
H2O
Zero:  Value:0.71  Date:18 Mar 2005	 at 07:52:31	
Span:  Value:0.99  Date:18 Mar 2005	 at 11:44:01	
	Relative Time	Temperature	Pressure	Aux Input	CO2 Absorptance	CO2 mmol/m3	CO2 mg/m3	CO2 umol/mol	H2O Absorptance	H2O mmol/m3	H2O g/m3	H2O mmol/mol	H2O(°C)	Cooler Voltage
	0.02	27.52	70.28	-0.00	0.0618	10.63	467.9	378.23	0.0780	671.7	12.091	23.89	14.70	1.62
	1.03	27.50	70.25	-0.00	0.0618	10.67	469.4	379.56	0.0772	668.3	12.030	23.78	14.63	1.62
	2.01	27.52	70.28	-0.00	0.0621	10.68	470.0	379.93	0.0745	641.8	11.552	22.83	14.00	1.62
	3.01	27.57	70.28	0.00	0.0623	10.79	474.8	383.84	0.0740	609.8	10.977	21.69	13.22	1.62
	4.01	27.55	70.28	-0.00	0.0623	10.76	473.4	382.73	0.0733	608.6	10.955	21.65	13.19	1.62
	5.01	27.52	70.28	-0.00	0.0622	10.72	471.8	381.40	0.0735	612.0	11.015	21.77	13.27	1.62
	5.99	27.51	70.30	0.00	0.0624	10.79	474.7	383.56	0.0738	617.1	11.107	21.94	13.40	1.62
	7.00	27.54	70.30	0.00	0.0622	10.75	473.1	382.30	0.0732	612.5	11.025	21.78	13.28	1.62
	8.00	27.56	70.28	0.00	0.0623	10.75	473.1	382.50	0.0735	611.2	11.002	21.74	13.25	1.62
	9.00	27.52	70.28	-0.00	0.0620	10.71	471.3	380.94	0.0739	614.3	11.058	21.85	13.33	1.62
	10.00	27.52	70.25	0.00	0.0620	10.69	470.4	380.42	0.0734	608.1	10.946	21.64	13.17	1.62
	11.00	27.52	70.28	0.00	0.0619	10.68	469.8	379.80	0.0738	614.7	11.065	21.86	13.34	1.62
	12.00	27.53	70.28	0.00	0.0620	10.70	470.8	380.57	0.0739	614.9	11.068	21.87	13.34	1.62
	13.01	27.53	70.30	-0.00	0.0621	10.73	472.1	381.48	0.0734	610.2	10.983	21.70	13.22	1.62
	14.01	27.55	70.28	0.00	0.0621	10.72	471.5	381.22	0.0732	607.7	10.938	21.62	13.16	1.62
	15.02	27.55	70.28	-0.00	0.0622	10.75	473.0	382.39	0.0734	609.8	10.976	21.69	13.22	1.62
	16.02	27.58	70.25	-0.00	0.0619	10.72	471.5	381.41	0.0730	606.6	10.918	21.59	13.14	1.62
	17.02	27.53	70.28	-0.00	0.0621	10.71	471.4	381.12	0.0733	612.1	11.018	21.77	13.27	1.63
	18.00	27.53	70.30	0.00	0.0620	10.71	471.4	380.94	0.0733	610.6	10.991	21.71	13.24	1.62
	19.02	27.52	70.28	-0.00	0.0622	10.71	471.3	380.98	0.0737	613.2	11.038	21.81	13.30	1.62
	20.02	27.50	70.28	-0.00	0.0622	10.73	472.2	381.73	0.0740	616.1	11.090	21.91	13.37	1.62
	21.01	27.47	70.31	-0.00	0.0620	10.71	471.3	380.75	0.0738	616.3	11.093	21.91	13.37	1.62
	22.01	27.48	70.28	-0.00	0.0619	10.68	470.0	379.87	0.0736	612.3	11.022	21.78	13.28	1.62
	23.07	27.47	70.26	0.00	0.0622	10.74	472.7	382.19	0.0746	626.4	11.275	22.28	13.62	1.63
	24.01	27.47	70.28	0.00	0.0621	10.72	471.6	381.17	0.0744	623.1	11.215	22.16	13.54	1.62
	25.01	27.47	70.28	-0.00	0.0621	10.71	471.4	381.00	0.0745	624.7	11.244	22.22	13.58	1.62
	26.02	27.49	70.28	-0.00	0.0622	10.73	472.0	381.52	0.0750	628.5	11.313	22.35	13.68	1.62
	27.00	27.52	70.33	0.00	0.0623	10.75	473.1	382.16	0.0757	636.2	11.452	22.61	13.87	1.62
	28.00	27.54	70.26	0.00	0.0623	10.75	473.1	382.63	0.0756	636.6	11.459	22.65	13.88	1.63
	29.00	27.52	70.28	0.00	0.0623	10.74	472.5	381.92	0.0756	637.1	11.468	22.66	13.89	1.63
	30.02	27.53	70.28	-0.00	0.0623	10.75	473.0	382.38	0.0758	639.9	11.518	22.76	13.96	1.62
	31.00	27.55	70.30	0.00	0.0622	10.74	472.8	382.07	0.0756	639.8	11.517	22.75	13.96	1.62
	32.00	27.53	70.28	0.00	0.0620	10.68	469.8	379.77	0.0748	628.4	11.311	22.35	13.68	1.62
	33.01	27.55	70.30	-0.00	0.0620	10.68	469.9	379.79	0.0746	624.1	11.234	22.19	13.57	1.62
	34.01	27.55	70.28	0.00	0.0620	10.69	470.2	380.16	0.0740	620.2	11.164	22.06	13.48	1.63
	34.99	27.55	70.25	0.00	0.0621	10.70	470.9	380.86	0.0748	621.2	11.182	22.11	13.50	1.63
	36.02	27.60	70.30	0.00	0.0623	10.74	472.5	381.94	0.0760	639.8	11.516	22.75	13.96	1.63
	37.02	27.57	70.28	-0.00	0.0623	10.74	472.6	382.08	0.0758	638.2	11.488	22.70	13.92	1.63
	38.02	27.55	70.25	-0.00	0.0623	10.75	473.0	382.51	0.0756	634.8	11.426	22.59	13.83	1.62
	39.02	27.60	70.25	0.00	0.0620	10.70	470.6	380.67	0.0754	634.3	11.418	22.58	13.82	1.63
	40.01	27.55	70.28	0.00	0.0623	10.76	473.7	382.93	0.0758	641.6	11.548	22.82	14.00	1.63
	41.00	27.55	70.28	0.00	0.0622	10.74	472.5	382.00	0.0755	637.7	11.479	22.68	13.90	1.63
	42.01	27.57	70.28	-0.00	0.0623	10.75	473.1	382.55	0.0762	644.6	11.603	22.93	14.07	1.63
	43.02	27.57	70.28	-0.00	0.0621	10.73	472.0	381.65	0.0752	636.6	11.459	22.65	13.88	1.63
	44.01	27.57	70.28	-0.00	0.0620	10.70	470.9	380.75	0.0751	633.0	11.393	22.52	13.79	1.63
	45.02	27.60	70.31	-0.00	0.0622	10.74	472.7	382.04	0.0758	639.5	11.511	22.74	13.95	1.63
	46.01	27.57	70.28	-0.00	0.0621	10.72	471.6	381.31	0.0757	638.6	11.495	22.72	13.93	1.63
	47.02	27.57	70.28	-0.00	0.0622	10.74	472.6	382.12	0.0759	640.3	11.525	22.78	13.97	1.63
	47.99	27.55	70.30	0.00	0.0623	10.75	473.0	382.26	0.0776	659.9	11.877	23.46	14.43	1.63
	49.00	27.59	70.28	0.00	0.0623	10.73	472.1	381.69	0.0782	666.2	11.991	23.70	14.58	1.63
	50.00	27.59	70.28	-0.00	0.0622	10.73	471.9	381.57	0.0764	644.2	11.596	22.92	14.06	1.63
	51.01	27.59	70.30	0.00	0.0623	10.74	472.4	381.82	0.0771	650.4	11.707	23.13	14.21	1.63
	52.09	27.59	70.28	0.00	0.0622	10.74	472.4	381.92	0.0761	642.9	11.572	22.87	14.03	1.63
	53.01	27.59	70.28	0.00	0.0623	10.75	472.8	382.32	0.0762	650.5	11.709	23.14	14.21	1.63
	53.99	27.61	70.30	0.00	0.0623	10.74	472.6	381.98	0.0768	652.0	11.736	23.19	14.25	1.63
	55.02	27.57	70.26	-0.00	0.0624	10.76	473.5	382.95	0.0751	632.4	11.383	22.51	13.78	1.63
	56.00	27.59	70.28	0.00	0.0622	10.75	473.2	382.61	0.0754	635.9	11.446	22.62	13.86	1.63
	57.00	27.59	70.31	0.00	0.0623	10.75	472.8	382.16	0.0758	634.6	11.423	22.57	13.83	1.63
	58.02	27.59	70.28	-0.00	0.0623	10.77	473.7	383.02	0.0757	639.4	11.508	22.75	13.95	1.63
	59.00	27.59	70.28	0.00	0.0623	10.76	473.5	382.84	0.0752	635.8	11.444	22.62	13.86	1.63
	60.00	27.62	70.30	0.00	0.0622	10.74	472.7	382.15	0.0750	629.9	11.338	22.40	13.72	1.63
	61.00	27.60	70.28	0.00	0.0620	10.71	471.4	381.16	0.0749	630.8	11.354	22.44	13.74	1.63
	61.99	27.61	70.28	0.00	0.0620	10.69	470.5	380.49	0.0747	626.7	11.280	22.30	13.64	1.63
	63.01	27.61	70.28	0.00	0.0621	10.71	471.2	381.01	0.0747	627.0	11.286	22.31	13.65	1.63
	63.99	27.61	70.28	0.00	0.0621	10.72	471.6	381.35	0.0748	627.8	11.300	22.34	13.66	1.63
	65.01	27.61	70.28	0.00	0.0621	10.72	471.8	381.54	0.0755	634.8	11.426	22.59	13.84	1.63
	66.00	27.66	70.25	0.00	0.0622	10.73	472.0	381.87	0.0751	632.2	11.380	22.51	13.78	1.63
	67.02	27.61	70.28	0.00	0.0621	10.72	471.8	381.47	0.0757	635.2	11.433	22.60	13.85	1.63
	68.00	27.60	70.28	0.00	0.0621	10.71	471.3	381.12	0.0758	640.9	11.536	22.80	13.98	1.63
	69.02	27.60	70.28	0.00	0.0621	10.72	471.8	381.54	0.0763	647.1	11.648	23.02	14.13	1.63
	70.03	27.59	70.25	-0.00	0.0622	10.74	472.8	382.41	0.0765	649.1	11.684	23.10	14.18	1.63
	71.01	27.61	70.28	-0.00	0.0621	10.73	472.0	381.67	0.0762	647.3	11.652	23.03	14.14	1.63
	72.01	27.61	70.28	0.00	0.0621	10.71	471.3	381.10	0.0755	637.0	11.466	22.66	13.89	1.63
	72.99	27.60	70.28	0.00	0.0620	10.71	471.1	380.95	0.0756	637.4	11.474	22.68	13.90	1.63
	74.02	27.60	70.26	-0.00	0.0620	10.70	470.8	380.78	0.0757	639.7	11.515	22.77	13.96	1.63
	74.99	27.63	70.31	0.00	0.0621	10.71	471.4	381.05	0.0756	638.9	11.500	22.72	13.94	1.63
	76.00	27.63	70.28	0.00	0.0621	10.71	471.1	380.99	0.0758	640.3	11.526	22.78	13.97	1.63
	77.00	27.63	70.28	0.00	0.0620	10.70	470.8	380.74	0.0758	640.8	11.534	22.80	13.98	1.63
	78.00	27.62	70.25	0.00	0.0621	10.71	471.2	381.18	0.0757	638.0	11.484	22.71	13.91	1.63
	78.98	27.64	70.28	0.00	0.0621	10.71	471.2	381.06	0.0759	640.5	11.529	22.79	13.98	1.63
	80.00	27.65	70.28	0.00	0.0622	10.74	472.4	382.03	0.0762	644.7	11.604	22.94	14.08	1.63
	81.01	27.65	70.25	0.00	0.0623	10.75	473.2	382.79	0.0763	646.2	11.632	23.00	14.11	1.63
	82.03	27.65	70.28	-0.00	0.0624	10.78	474.4	383.66	0.0764	646.3	11.633	23.00	14.11	1.63
	83.02	27.66	70.28	-0.00	0.0625	10.80	475.1	384.28	0.0766	650.3	11.706	23.14	14.21	1.63
	84.08	27.66	70.28	-0.00	0.0625	10.81	475.5	384.54	0.0764	646.9	11.645	23.02	14.13	1.63
	85.00	27.67	70.28	0.00	0.0623	10.77	473.7	383.14	0.0769	652.8	11.751	23.23	14.27	1.63
	86.00	27.66	70.28	0.00	0.0625	10.80	475.1	384.22	0.0792	681.7	12.271	24.26	14.94	1.64
	87.02	27.66	70.28	0.00	0.0625	10.80	475.4	384.45	0.0785	679.6	12.233	24.19	14.89	1.63
	88.09	27.66	70.28	-0.00	0.0623	10.75	473.1	382.64	0.0769	656.1	11.809	23.35	14.35	1.63
	89.00	27.65	70.25	0.00	0.0624	10.77	474.0	383.45	0.0766	650.1	11.702	23.14	14.21	1.63
	90.01	27.69	70.28	0.00	0.0624	10.77	474.0	383.41	0.0758	641.2	11.541	22.82	13.99	1.63
	91.01	27.66	70.28	-0.00	0.0622	10.75	472.9	382.50	0.0757	636.4	11.455	22.65	13.88	1.63
	92.01	27.66	70.28	-0.00	0.0624	10.76	473.4	382.88	0.0780	656.5	11.817	23.36	14.36	1.64
	93.01	27.66	70.28	-0.00	0.0623	10.76	473.2	382.74	0.0780	662.8	11.931	23.59	14.51	1.64
	94.01	27.68	70.28	-0.00	0.0622	10.75	472.8	382.41	0.0781	673.4	12.122	23.97	14.75	1.63
	95.00	27.66	70.28	-0.00	0.0622	10.74	472.4	382.10	0.0776	665.3	11.975	23.68	14.56	1.63
	96.00	27.66	70.30	-0.00	0.0622	10.73	472.2	381.75	0.0774	661.3	11.904	23.53	14.47	1.63
	97.02	27.66	70.31	-0.00	0.0622	10.74	472.7	382.14	0.0777	663.8	11.949	23.61	14.53	1.64
	98.02	27.66	70.28	-0.00	0.0623	10.76	473.5	382.96	0.0768	654.0	11.772	23.27	14.30	1.64
	99.01	27.68	70.28	0.00	0.0623	10.75	473.2	382.74	0.0774	661.1	11.899	23.53	14.47	1.64
	100.08	27.66	70.23	0.00	0.0624	10.78	474.3	383.88	0.0776	664.6	11.962	23.67	14.55	1.63
	101.01	27.64	70.28	0.00	0.0624	10.79	474.9	384.00	0.0770	658.5	11.853	23.43	14.40	1.64
	102.01	27.63	70.28	-0.00	0.0624	10.76	473.6	383.02	0.0774	661.3	11.904	23.53	14.47	1.63
	103.01	27.63	70.26	0.00	0.0624	10.78	474.2	383.58	0.0767	651.8	11.733	23.20	14.25	1.64
	103.99	27.63	70.28	0.00	0.0624	10.77	474.1	383.38	0.0762	647.2	11.649	23.03	14.13	1.64
	105.02	27.63	70.28	-0.00	0.0624	10.79	474.9	384.07	0.0770	653.4	11.761	23.25	14.28	1.64
	105.99	27.63	70.25	0.00	0.0624	10.80	475.3	384.50	0.0789	677.8	12.200	24.12	14.85	1.64
	107.00	27.63	70.28	0.00	0.0624	10.79	474.6	383.79	0.0774	664.3	11.957	23.64	14.54	1.64
	108.00	27.68	70.28	0.00	0.0623	10.76	473.4	382.84	0.0776	661.3	11.904	23.53	14.47	1.64
	109.03	27.66	70.26	-0.00	0.0624	10.78	474.2	383.67	0.0781	666.3	11.993	23.72	14.59	1.64
	110.01	27.68	70.28	-0.00	0.0624	10.78	474.5	383.78	0.0778	668.5	12.033	23.79	14.64	1.64
	111.03	27.68	70.25	-0.00	0.0624	10.78	474.3	383.74	0.0779	667.0	12.005	23.74	14.60	1.64
	111.99	27.70	70.28	0.00	0.0624	10.78	474.4	383.76	0.0782	670.7	12.073	23.87	14.69	1.64
	113.08	27.70	70.28	-0.00	0.0624	10.78	474.5	383.79	0.0782	671.2	12.081	23.89	14.70	1.64
	114.01	27.70	70.28	0.00	0.0625	10.79	474.9	384.15	0.0783	670.9	12.077	23.88	14.70	1.64
	115.00	27.68	70.23	0.00	0.0625	10.81	475.4	384.82	0.0781	670.4	12.067	23.88	14.68	1.64
	116.02	27.70	70.28	-0.00	0.0625	10.78	474.2	383.60	0.0782	670.4	12.067	23.86	14.68	1.64
	117.02	27.70	70.25	0.00	0.0626	10.81	475.8	385.04	0.0784	672.4	12.104	23.94	14.73	1.64
	118.00	27.70	70.26	0.00	0.0626	10.81	475.5	384.78	0.0781	671.2	12.081	23.90	14.70	1.64
	119.00	27.70	70.21	0.00	0.0627	10.85	477.4	386.52	0.0776	663.8	11.948	23.65	14.53	1.64
	120.00	27.72	70.28	0.00	0.0626	10.84	476.7	385.64	0.0777	663.7	11.946	23.62	14.53	1.64
