Jul 25 2015 at 14:01:42
Frequency: 1.00Hz.
CO2
Zero:  Value:0.95  Date:18 Mar 2005	 at 07:22:33	
Span:  Value:1.00  Date:18 Mar 2005	 at 07:25:09	
H2O
Zero:  Value:0.71  Date:18 Mar 2005	 at 07:52:31	
Span:  Value:0.99  Date:18 Mar 2005	 at 11:44:01	
	Relative Time	Temperature	Pressure	Aux Input	CO2 Absorptance	CO2 mmol/m3	CO2 mg/m3	CO2 umol/mol	H2O Absorptance	H2O mmol/m3	H2O g/m3	H2O mmol/mol	H2O(°C)	Cooler Voltage
	0.77	34.44	70.20	0.00	0.0586	9.97	438.5	363.03	0.0986	961.9	17.315	35.04	20.76	1.78
	1.79	34.38	70.26	0.00	0.0587	9.97	438.6	362.79	0.0989	963.5	17.343	35.06	20.79	1.78
	2.76	34.46	70.20	0.00	0.0587	9.97	438.6	363.18	0.0989	965.7	17.383	35.18	20.83	1.78
	3.79	34.51	70.23	-0.00	0.0586	9.96	438.3	362.85	0.0991	967.0	17.407	35.22	20.85	1.78
	4.77	34.47	70.20	-0.00	0.0587	9.97	438.5	363.07	0.0990	967.3	17.411	35.24	20.86	1.78
	5.79	34.46	70.18	0.00	0.0587	9.98	438.9	363.55	0.0988	963.5	17.343	35.11	20.79	1.78
	6.77	34.44	70.20	0.00	0.0587	9.98	439.3	363.66	0.0983	956.5	17.216	34.84	20.67	1.78
	7.86	34.38	70.23	-0.00	0.0587	9.98	439.2	363.44	0.0980	951.7	17.131	34.65	20.59	1.78
	8.80	34.41	70.17	-0.00	0.0588	9.99	439.5	363.95	0.0971	937.9	16.883	34.18	20.35	1.78
	9.86	34.48	70.20	-0.00	0.0587	9.99	439.5	363.90	0.0969	935.2	16.833	34.07	20.31	1.78
	10.78	34.47	70.20	0.00	0.0588	9.99	439.4	363.85	0.0968	934.8	16.827	34.06	20.30	1.78
	11.78	34.45	70.20	0.00	0.0588	10.00	440.0	364.26	0.0966	929.7	16.735	33.87	20.21	1.78
	12.79	34.43	70.20	0.00	0.0588	9.99	439.7	364.04	0.0965	928.6	16.714	33.82	20.19	1.78
	13.78	34.52	70.23	0.00	0.0589	10.00	440.0	364.28	0.0957	921.0	16.579	33.55	20.06	1.78
	14.77	34.52	70.23	0.00	0.0594	10.08	443.7	367.30	0.0934	892.7	16.069	32.52	19.56	1.78
	15.77	34.47	70.20	0.00	0.0596	10.13	445.7	369.01	0.0928	879.4	15.829	32.04	19.32	1.78
	16.85	34.47	70.20	0.00	0.0596	10.17	447.7	370.64	0.0929	871.5	15.686	31.75	19.17	1.78
	17.78	34.54	70.20	0.00	0.0593	10.11	444.9	368.48	0.0937	882.7	15.889	32.17	19.38	1.78
	18.77	34.51	70.23	0.00	0.0593	10.06	442.8	366.52	0.0935	892.4	16.063	32.50	19.55	1.78
	19.78	34.49	70.23	0.00	0.0590	10.03	441.5	365.47	0.0956	912.4	16.423	33.23	19.91	1.78
	20.80	34.54	70.23	-0.00	0.0589	10.02	440.8	364.91	0.0957	916.5	16.497	33.39	19.99	1.78
	21.79	34.56	70.23	0.00	0.0591	10.04	441.9	365.84	0.0949	910.0	16.379	33.15	19.87	1.78
	22.79	34.59	70.20	-0.00	0.0590	10.03	441.2	365.46	0.0954	911.0	16.397	33.20	19.89	1.78
	23.79	34.60	70.20	0.00	0.0589	10.05	442.3	366.35	0.0954	905.0	16.289	32.98	19.78	1.78
	24.77	34.60	70.23	0.00	0.0591	10.05	442.3	366.23	0.0946	902.0	16.236	32.86	19.73	1.78
	25.79	34.64	70.20	0.00	0.0592	10.08	443.6	367.48	0.0939	889.7	16.015	32.43	19.51	1.78
	26.77	34.67	70.23	0.00	0.0594	10.12	445.3	368.81	0.0931	877.8	15.801	31.99	19.30	1.78
	27.78	34.67	70.23	0.00	0.0593	10.11	444.7	368.31	0.0932	879.6	15.834	32.06	19.33	1.78
	28.78	34.72	70.20	0.00	0.0592	10.08	443.7	367.69	0.0937	885.7	15.943	32.29	19.44	1.78
	29.84	34.68	70.23	0.00	0.0591	10.07	442.9	366.81	0.0938	887.6	15.977	32.35	19.48	1.78
	30.80	34.76	70.20	-0.00	0.0591	10.07	442.9	367.06	0.0936	884.9	15.928	32.27	19.43	1.78
	31.76	34.76	70.23	0.00	0.0592	10.07	443.1	367.10	0.0935	882.7	15.888	32.18	19.39	1.78
	32.78	34.79	70.20	0.00	0.0592	10.08	443.4	367.49	0.0932	879.4	15.828	32.07	19.33	1.78
	33.77	34.74	70.20	0.00	0.0595	10.12	445.1	368.85	0.0922	869.5	15.651	31.70	19.15	1.78
	34.79	34.77	70.20	-0.00	0.0598	10.12	445.2	368.97	0.0918	867.7	15.619	31.64	19.12	1.78
	35.79	34.79	70.23	0.00	0.0599	10.23	450.1	372.90	0.0912	847.9	15.263	30.91	18.75	1.78
	36.78	34.79	70.18	0.00	0.0598	10.21	449.0	372.32	0.0913	851.5	15.327	31.07	18.82	1.78
	37.78	34.78	70.20	0.00	0.0597	10.20	448.9	372.06	0.0912	848.7	15.277	30.95	18.76	1.78
	38.78	34.79	70.23	0.00	0.0596	10.17	447.3	370.64	0.0914	850.9	15.316	31.02	18.80	1.78
	39.78	34.79	70.23	0.00	0.0597	10.22	449.7	372.62	0.0904	840.6	15.130	30.64	18.61	1.78
	40.78	34.74	70.21	0.00	0.0595	10.14	446.2	369.73	0.0905	839.0	15.101	30.59	18.58	1.78
	41.78	34.71	70.23	0.00	0.0596	10.18	447.9	370.98	0.0907	842.9	15.172	30.72	18.65	1.78
	42.79	34.73	70.23	-0.00	0.0598	10.19	448.4	371.46	0.0909	844.8	15.206	30.79	18.69	1.78
	43.77	34.68	70.20	0.00	0.0599	10.22	449.7	372.60	0.0907	841.6	15.149	30.68	18.62	1.78
	44.87	34.67	70.23	-0.00	0.0597	10.19	448.4	371.40	0.0904	839.9	15.117	30.61	18.59	1.78
	45.79	34.62	70.23	-0.00	0.0597	10.19	448.5	371.40	0.0902	835.5	15.039	30.44	18.50	1.78
	46.77	34.65	70.20	0.00	0.0597	10.20	448.7	371.77	0.0904	838.4	15.091	30.56	18.56	1.78
	47.78	34.56	70.25	-0.00	0.0597	10.20	448.7	371.33	0.0904	841.0	15.138	30.63	18.61	1.78
	48.78	34.54	70.20	-0.00	0.0596	10.17	447.6	370.67	0.0905	838.4	15.091	30.55	18.56	1.78
	49.77	34.51	70.20	0.00	0.0598	10.20	448.8	371.67	0.0901	836.5	15.058	30.48	18.52	1.78
	50.79	34.51	70.23	-0.00	0.0600	10.24	450.7	373.12	0.0902	836.2	15.052	30.46	18.51	1.78
	51.78	34.53	70.20	0.00	0.0599	10.27	451.9	374.22	0.0901	841.8	15.152	30.67	18.62	1.78
	52.79	34.59	70.20	0.00	0.0598	10.23	450.2	372.89	0.0895	826.9	14.884	30.14	18.34	1.78
	53.79	34.56	70.23	0.00	0.0598	10.23	450.1	372.63	0.0896	827.6	14.897	30.15	18.35	1.78
	54.79	34.60	70.20	0.00	0.0602	10.27	452.0	374.40	0.0915	845.6	15.222	30.82	18.70	1.78
	55.77	34.63	70.20	0.00	0.0601	10.26	451.6	374.10	0.0907	842.0	15.155	30.69	18.63	1.78
	56.78	34.62	70.17	-0.00	0.0600	10.26	451.5	374.15	0.0904	842.7	15.169	30.73	18.64	1.79
	57.78	34.65	70.23	0.00	0.0600	10.26	451.2	373.70	0.0902	836.0	15.048	30.46	18.51	1.78
	58.78	34.65	70.23	-0.00	0.0599	10.25	450.9	373.45	0.0896	830.1	14.943	30.25	18.40	1.78
	59.78	34.62	70.23	0.00	0.0600	10.24	450.4	372.98	0.0897	824.4	14.838	30.03	18.29	1.78
	60.84	34.67	70.23	0.00	0.0599	10.23	450.2	372.86	0.0895	824.3	14.837	30.04	18.29	1.78
	61.79	34.62	70.23	-0.00	0.0600	10.26	451.6	373.93	0.0903	836.5	15.057	30.48	18.52	1.78
	62.77	34.62	70.25	-0.00	0.0600	10.26	451.3	373.59	0.0900	833.2	14.997	30.35	18.46	1.78
	63.77	34.65	70.20	0.00	0.0601	10.25	451.2	373.82	0.0896	826.5	14.878	30.13	18.33	1.78
	64.76	34.68	70.25	0.00	0.0600	10.25	451.1	373.52	0.0893	824.5	14.841	30.04	18.30	1.78
	65.79	34.66	70.20	0.00	0.0600	10.25	450.8	373.50	0.0903	836.8	15.062	30.50	18.53	1.78
	66.77	34.71	70.20	0.00	0.0601	10.26	451.5	374.18	0.0895	825.0	14.849	30.08	18.31	1.78
	67.80	34.71	70.23	0.00	0.0600	10.25	451.2	373.74	0.0897	829.1	14.925	30.22	18.39	1.78
	68.78	34.74	70.23	0.00	0.0601	10.25	450.9	373.51	0.0907	821.2	14.781	29.93	18.23	1.78
	69.80	34.76	70.25	0.00	0.0600	10.26	451.2	373.68	0.0898	830.5	14.950	30.26	18.42	1.78
	70.79	34.81	70.23	0.00	0.0601	10.26	451.4	374.06	0.0908	839.5	15.112	30.61	18.59	1.78
	71.78	34.73	70.20	0.00	0.0600	10.25	450.9	373.63	0.0895	829.7	14.935	30.25	18.40	1.78
	72.79	34.80	70.20	-0.00	0.0600	10.23	450.2	373.20	0.0910	840.1	15.123	30.64	18.60	1.78
	73.77	34.78	70.20	0.00	0.0600	10.25	450.8	373.65	0.0911	852.4	15.343	31.09	18.83	1.79
	74.77	34.80	70.23	0.00	0.0600	10.25	451.2	373.83	0.0907	844.2	15.195	30.78	18.68	1.78
	75.77	34.79	70.23	0.00	0.0600	10.26	451.5	374.07	0.0906	838.9	15.100	30.58	18.58	1.78
	76.78	34.79	70.20	-0.00	0.0600	10.26	451.5	374.27	0.0902	836.6	15.059	30.51	18.53	1.78
	77.78	34.76	70.18	0.00	0.0600	10.26	451.4	374.21	0.0899	831.9	14.975	30.35	18.44	1.78
	78.77	34.77	70.20	0.00	0.0600	10.25	451.1	373.90	0.0905	830.4	14.947	30.28	18.41	1.78
	79.78	34.75	70.23	0.00	0.0599	10.23	450.1	372.90	0.0896	829.3	14.928	30.23	18.39	1.79
	80.78	34.76	70.23	0.00	0.0599	10.24	450.5	373.21	0.0890	817.7	14.719	29.81	18.17	1.79
	81.79	34.71	70.20	-0.00	0.0599	10.23	450.3	373.15	0.0895	823.7	14.826	30.03	18.28	1.78
	82.78	34.65	70.23	0.00	0.0600	10.24	450.7	373.25	0.0897	822.9	14.812	29.99	18.26	1.78
	83.85	34.62	70.23	0.00	0.0600	10.25	451.0	373.45	0.0907	837.6	15.076	30.52	18.54	1.78
	84.77	34.59	70.23	0.00	0.0600	10.25	450.8	373.30	0.0910	841.6	15.150	30.66	18.62	1.79
	85.78	34.59	70.23	-0.00	0.0600	10.25	451.1	373.50	0.0905	840.5	15.130	30.62	18.60	1.79
	86.77	34.59	70.23	0.00	0.0600	10.26	451.4	373.75	0.0911	843.3	15.179	30.72	18.65	1.78
	87.78	34.58	70.20	0.00	0.0599	10.23	450.0	372.68	0.0907	844.2	15.195	30.77	18.67	1.78
	88.77	34.56	70.25	0.00	0.0599	10.23	450.1	372.55	0.0905	835.0	15.029	30.41	18.49	1.78
	89.78	34.59	70.23	0.00	0.0600	10.24	450.5	373.03	0.0911	846.3	15.233	30.83	18.71	1.79
	90.79	34.62	70.23	0.00	0.0599	10.23	450.0	372.63	0.0895	829.3	14.927	30.22	18.38	1.79
	91.79	34.57	70.23	0.00	0.0599	10.22	449.8	372.43	0.0899	830.2	14.943	30.24	18.40	1.79
	92.77	34.58	70.18	0.00	0.0599	10.22	449.7	372.59	0.0898	830.5	14.948	30.28	18.41	1.79
	93.77	34.62	70.20	0.00	0.0599	10.23	450.0	372.76	0.0890	820.3	14.765	29.90	18.21	1.79
	94.77	34.60	70.20	0.00	0.0599	10.25	450.9	373.46	0.0895	828.0	14.905	30.18	18.36	1.79
	95.78	34.63	70.23	-0.00	0.0599	10.24	450.6	373.13	0.0899	827.1	14.887	30.14	18.34	1.79
	96.80	34.65	70.25	-0.00	0.0599	10.21	449.3	371.99	0.0906	841.1	15.140	30.64	18.61	1.79
	97.77	34.65	70.20	0.00	0.0599	10.24	450.4	373.12	0.0908	846.2	15.232	30.85	18.71	1.79
	98.78	34.66	70.20	0.00	0.0599	10.24	450.7	373.43	0.0903	839.9	15.118	30.62	18.59	1.79
	99.78	34.62	70.25	-0.00	0.0600	10.25	450.8	373.20	0.0906	841.9	15.155	30.67	18.63	1.79
	100.78	34.61	70.25	0.00	0.0599	10.25	451.1	373.45	0.0914	852.9	15.353	31.07	18.83	1.79
	101.76	34.57	70.23	0.00	0.0601	10.26	451.2	373.62	0.0916	853.8	15.368	31.10	18.85	1.79
	102.77	34.61	70.23	0.00	0.0601	10.27	451.7	374.08	0.0922	862.2	15.520	31.42	19.01	1.79
	103.79	34.65	70.23	-0.00	0.0598	10.23	449.9	372.63	0.0910	851.7	15.330	31.04	18.81	1.79
	104.79	34.67	70.23	-0.00	0.0599	10.24	450.5	373.09	0.0913	856.1	15.410	31.20	18.90	1.79
	105.78	34.64	70.23	0.00	0.0600	10.26	451.5	373.89	0.0914	856.4	15.415	31.21	18.90	1.79
	106.78	34.71	70.25	0.00	0.0600	10.25	451.2	373.61	0.0921	857.8	15.440	31.25	18.93	1.79
	107.78	34.74	70.23	0.00	0.0600	10.25	451.0	373.62	0.0914	857.9	15.442	31.27	18.93	1.79
	108.78	34.71	70.23	0.00	0.0599	10.23	450.1	372.83	0.0912	853.0	15.354	31.09	18.84	1.79
	109.79	34.75	70.20	-0.00	0.0599	10.22	449.5	372.48	0.0916	854.9	15.389	31.17	18.88	1.79
	110.78	34.78	70.23	0.00	0.0599	10.23	450.2	373.03	0.0917	856.6	15.419	31.23	18.91	1.79
	111.79	34.74	70.23	-0.00	0.0598	10.23	450.2	372.92	0.0915	857.5	15.436	31.26	18.93	1.79
	112.77	34.75	70.20	-0.00	0.0598	10.22	449.5	372.53	0.0919	859.8	15.477	31.35	18.97	1.79
	113.79	34.76	70.25	-0.00	0.0598	10.21	449.1	371.89	0.0917	856.3	15.413	31.20	18.90	1.79
	114.85	34.74	70.23	0.00	0.0596	10.18	447.8	370.96	0.0921	864.8	15.567	31.52	19.06	1.79
	115.77	34.68	70.23	0.00	0.0596	10.17	447.5	370.64	0.0918	860.1	15.482	31.35	18.97	1.79
	116.78	34.58	70.23	0.00	0.0598	10.22	449.7	372.36	0.0917	858.4	15.452	31.27	18.93	1.79
	117.78	34.54	70.25	-0.00	0.0597	10.20	448.7	371.36	0.0924	866.0	15.589	31.54	19.07	1.79
	118.76	34.49	70.23	0.00	0.0597	10.19	448.4	371.16	0.0925	872.4	15.703	31.77	19.19	1.79
	119.76	34.53	70.23	0.00	0.0593	10.11	445.0	368.39	0.0961	913.2	16.438	33.27	19.93	1.79
	120.79	34.53	70.18	0.00	0.0597	10.15	446.5	369.88	0.0941	899.2	16.186	32.78	19.68	1.79
	121.78	34.53	70.25	0.00	0.0596	10.18	447.8	370.61	0.0930	877.3	15.791	31.94	19.28	1.79
	122.79	34.47	70.23	-0.00	0.0596	10.16	447.0	370.02	0.0939	883.7	15.906	32.18	19.39	1.79
	123.80	34.38	70.20	-0.00	0.0593	10.09	443.9	367.45	0.0952	909.9	16.379	33.14	19.86	1.79
	124.77	34.38	70.20	0.00	0.0591	10.06	442.6	366.39	0.0961	914.1	16.454	33.29	19.94	1.79
	125.78	34.35	70.20	0.00	0.0593	10.10	444.4	367.80	0.0943	901.4	16.225	32.83	19.71	1.79
