Jul 25 2015 at 16:17:55
Frequency: 1.00Hz.
CO2
Zero:  Value:0.95  Date:18 Mar 2005	 at 07:22:33	
Span:  Value:1.00  Date:18 Mar 2005	 at 07:25:09	
H2O
Zero:  Value:0.71  Date:18 Mar 2005	 at 07:52:31	
Span:  Value:0.99  Date:18 Mar 2005	 at 11:44:01	
	Relative Time	Temperature	Pressure	Aux Input	CO2 Absorptance	CO2 mmol/m3	CO2 mg/m3	CO2 umol/mol	H2O Absorptance	H2O mmol/m3	H2O g/m3	H2O mmol/mol	H2O(°C)	Cooler Voltage
	0.69	33.20	67.68	0.00	0.0615	10.70	470.9	402.75	0.0738	620.3	11.165	23.34	13.76	1.69
	1.69	33.27	67.68	-0.00	0.0615	10.70	470.6	402.63	0.0741	629.8	11.337	23.71	14.00	1.68
	2.68	33.25	67.70	-0.00	0.0615	10.68	470.0	401.93	0.0738	627.5	11.295	23.61	13.94	1.68
	3.68	33.24	67.70	-0.00	0.0617	10.74	472.7	404.20	0.0732	618.4	11.132	23.27	13.72	1.68
	4.68	33.25	67.72	-0.00	0.0615	10.69	470.3	402.05	0.0736	623.1	11.216	23.44	13.84	1.68
	5.66	33.25	67.68	0.00	0.0617	10.73	472.2	403.97	0.0733	622.4	11.203	23.43	13.82	1.69
	6.68	33.27	67.68	0.00	0.0617	10.74	472.6	404.33	0.0730	614.3	11.057	23.12	13.62	1.68
	7.67	33.27	67.70	-0.00	0.0615	10.70	470.8	402.67	0.0732	617.6	11.116	23.24	13.70	1.68
	8.66	33.25	67.68	0.00	0.0624	10.83	476.7	407.82	0.0697	587.5	10.576	22.12	12.93	1.68
	9.67	33.29	67.68	0.00	0.0622	10.86	477.7	408.73	0.0682	559.5	10.072	21.06	12.19	1.69
	10.67	33.32	67.70	0.00	0.0623	10.85	477.3	408.29	0.0676	557.4	10.033	20.98	12.14	1.69
	11.67	33.27	67.70	0.00	0.0621	10.92	480.3	410.75	0.0685	534.4	9.620	20.11	11.50	1.69
	12.67	33.30	67.68	0.00	0.0619	10.74	472.6	404.33	0.0696	585.0	10.530	22.02	12.87	1.69
	13.70	33.27	67.68	-0.00	0.0622	10.85	477.4	408.44	0.0675	548.7	9.877	20.66	11.89	1.68
	14.74	33.27	67.70	0.00	0.0621	10.82	476.1	407.12	0.0683	560.3	10.085	21.08	12.21	1.69
	15.66	33.25	67.70	0.00	0.0621	10.76	473.4	404.85	0.0683	580.9	10.457	21.86	12.76	1.68
	16.69	33.27	67.72	-0.00	0.0623	10.87	478.4	409.03	0.0670	542.3	9.761	20.40	11.72	1.69
	17.68	33.25	67.70	-0.00	0.0623	10.88	478.6	409.27	0.0664	538.4	9.691	20.26	11.61	1.69
	18.67	33.22	67.68	-0.00	0.0623	10.88	478.7	409.48	0.0660	533.7	9.607	20.09	11.47	1.69
	19.69	33.23	67.68	-0.00	0.0624	10.88	478.9	409.64	0.0659	533.2	9.598	20.07	11.46	1.68
	20.67	33.23	67.68	0.00	0.0624	10.93	480.7	411.21	0.0658	524.1	9.434	19.73	11.20	1.69
	21.67	33.23	67.70	-0.00	0.0624	10.91	480.1	410.57	0.0656	526.9	9.483	19.82	11.28	1.68
	22.67	33.20	67.67	0.00	0.0625	10.91	480.2	410.75	0.0653	524.9	9.447	19.75	11.22	1.69
	23.66	33.25	67.70	0.00	0.0624	10.90	479.7	410.25	0.0653	524.9	9.449	19.75	11.22	1.69
	24.68	33.25	67.70	0.00	0.0624	10.89	479.1	409.72	0.0657	527.5	9.495	19.85	11.30	1.69
	25.76	33.20	67.68	0.00	0.0624	10.91	480.2	410.74	0.0654	524.7	9.444	19.75	11.21	1.69
	26.68	33.18	67.68	0.00	0.0624	10.91	479.9	410.47	0.0653	522.9	9.412	19.68	11.16	1.69
	27.68	33.21	67.63	-0.00	0.0625	10.92	480.6	411.39	0.0650	520.5	9.369	19.60	11.09	1.68
	28.66	33.15	67.65	0.00	0.0626	10.95	481.7	412.10	0.0646	516.1	9.290	19.43	10.96	1.69
	29.69	33.17	67.72	0.00	0.0624	10.92	480.6	410.72	0.0650	519.2	9.346	19.52	11.05	1.69
	30.68	33.16	67.70	-0.00	0.0625	10.91	480.2	410.56	0.0650	521.2	9.382	19.61	11.11	1.68
	31.67	33.23	67.68	-0.00	0.0625	10.93	480.8	411.24	0.0648	517.3	9.312	19.47	11.00	1.68
	32.68	33.23	67.70	-0.00	0.0624	10.90	479.5	410.03	0.0648	516.8	9.302	19.44	10.99	1.69
	33.70	33.20	67.68	-0.00	0.0624	10.91	479.9	410.44	0.0648	515.5	9.279	19.40	10.95	1.68
	34.68	33.27	67.65	0.00	0.0623	10.88	478.9	409.89	0.0648	515.0	9.270	19.39	10.94	1.69
	35.68	33.25	67.70	0.00	0.0623	10.88	478.7	409.35	0.0647	516.8	9.303	19.45	10.99	1.69
	36.68	33.20	67.70	-0.00	0.0624	10.91	480.0	410.42	0.0646	516.6	9.299	19.44	10.98	1.69
	37.69	33.23	67.70	0.00	0.0624	10.89	479.1	409.69	0.0647	516.5	9.297	19.43	10.98	1.69
	38.73	33.21	67.68	0.00	0.0624	10.90	479.6	410.22	0.0647	516.3	9.294	19.43	10.97	1.69
	39.67	33.23	67.70	0.00	0.0624	10.90	479.8	410.28	0.0649	516.7	9.300	19.44	10.98	1.69
	40.69	33.20	67.70	0.00	0.0624	10.89	479.0	409.57	0.0647	516.7	9.300	19.44	10.98	1.69
	41.70	33.22	67.68	-0.00	0.0624	10.90	479.6	410.27	0.0649	518.8	9.339	19.53	11.05	1.69
	42.68	33.25	67.70	0.00	0.0625	10.91	480.0	410.51	0.0650	519.2	9.345	19.54	11.06	1.69
	43.66	33.25	67.68	0.00	0.0624	10.91	480.0	410.65	0.0648	516.4	9.296	19.44	10.98	1.69
	44.69	33.18	67.68	-0.00	0.0625	10.92	480.3	410.80	0.0647	516.3	9.293	19.43	10.97	1.69
	45.74	33.17	67.70	0.00	0.0624	10.91	479.9	410.29	0.0647	516.6	9.298	19.43	10.98	1.69
	46.66	33.23	67.65	0.00	0.0624	10.90	479.8	410.60	0.0648	517.4	9.314	19.48	11.01	1.69
	47.67	33.20	67.70	0.00	0.0625	10.92	480.5	410.85	0.0648	517.6	9.316	19.47	11.01	1.69
	48.75	33.18	67.72	-0.00	0.0624	10.89	479.1	409.52	0.0648	517.3	9.311	19.45	11.00	1.69
	49.67	33.20	67.68	-0.00	0.0624	10.90	479.4	410.08	0.0648	517.0	9.306	19.46	10.99	1.69
	50.69	33.18	67.65	-0.00	0.0624	10.92	480.4	411.01	0.0651	520.6	9.370	19.60	11.09	1.69
	51.68	33.18	67.68	0.00	0.0624	10.91	480.1	410.61	0.0650	518.8	9.339	19.52	11.04	1.69
	52.68	33.20	67.68	-0.00	0.0623	10.89	479.3	409.98	0.0647	517.6	9.317	19.48	11.01	1.69
	53.68	33.19	67.67	0.00	0.0623	10.87	478.3	409.15	0.0649	518.1	9.326	19.50	11.02	1.69
	54.69	33.21	67.68	-0.00	0.0624	10.90	479.5	410.13	0.0651	520.8	9.375	19.60	11.10	1.69
	55.68	33.22	67.68	0.00	0.0624	10.91	480.0	410.62	0.0652	522.2	9.400	19.65	11.14	1.69
	56.69	33.23	67.70	-0.00	0.0624	10.88	478.9	409.51	0.0651	520.1	9.362	19.57	11.08	1.69
	57.67	33.20	67.70	0.00	0.0624	10.88	478.8	409.41	0.0649	520.2	9.364	19.57	11.09	1.69
	58.69	33.18	67.68	-0.00	0.0623	10.89	479.1	409.78	0.0651	520.5	9.370	19.59	11.09	1.69
	59.69	33.19	67.70	-0.00	0.0623	10.88	478.6	409.21	0.0651	520.3	9.366	19.58	11.09	1.69
	60.67	33.21	67.70	0.00	0.0624	10.89	479.1	409.63	0.0652	522.1	9.397	19.64	11.14	1.69
	61.68	33.19	67.70	-0.00	0.0624	10.89	479.2	409.68	0.0653	522.7	9.408	19.66	11.16	1.69
	62.68	33.16	67.70	-0.00	0.0623	10.88	478.7	409.24	0.0652	522.2	9.399	19.64	11.14	1.69
	63.68	33.18	67.68	-0.00	0.0623	10.89	479.0	409.67	0.0652	522.2	9.400	19.65	11.14	1.69
	64.68	33.24	67.68	-0.00	0.0623	10.88	478.7	409.53	0.0653	523.3	9.420	19.70	11.18	1.69
	65.68	33.23	67.68	0.00	0.0623	10.88	478.9	409.64	0.0654	523.4	9.421	19.70	11.18	1.69
	66.66	33.20	67.70	0.00	0.0623	10.88	478.6	409.22	0.0655	525.4	9.457	19.77	11.24	1.69
	67.69	33.17	67.68	-0.00	0.0623	10.87	478.4	409.18	0.0653	522.9	9.413	19.68	11.16	1.69
	68.67	33.22	67.68	0.00	0.0623	10.88	478.7	409.49	0.0654	524.3	9.438	19.73	11.21	1.69
	69.69	33.23	67.68	-0.00	0.0623	10.88	478.9	409.63	0.0654	525.6	9.460	19.78	11.24	1.69
	70.68	33.23	67.68	-0.00	0.0623	10.88	478.8	409.56	0.0654	523.5	9.423	19.70	11.18	1.69
	71.67	33.23	67.68	0.00	0.0623	10.87	478.3	409.15	0.0654	524.2	9.436	19.73	11.20	1.69
	72.68	33.20	67.70	0.00	0.0623	10.89	479.2	409.75	0.0657	525.6	9.461	19.77	11.24	1.69
	73.66	33.27	67.65	0.00	0.0623	10.88	478.7	409.69	0.0658	528.0	9.504	19.88	11.31	1.69
	74.68	33.25	67.70	-0.00	0.0622	10.85	477.6	408.42	0.0655	525.2	9.453	19.76	11.23	1.69
	75.69	33.25	67.70	-0.00	0.0622	10.85	477.5	408.35	0.0655	524.3	9.437	19.73	11.21	1.69
	76.67	33.22	67.68	-0.00	0.0624	10.88	478.9	409.67	0.0658	529.0	9.522	19.91	11.34	1.69
	77.66	33.27	67.70	0.00	0.0623	10.88	478.8	409.45	0.0657	528.8	9.519	19.90	11.34	1.69
	78.67	33.20	67.68	0.00	0.0622	10.85	477.5	408.43	0.0657	528.7	9.517	19.90	11.33	1.69
	79.69	33.20	67.70	0.00	0.0622	10.86	477.9	408.63	0.0657	527.4	9.493	19.84	11.29	1.69
	80.68	33.23	67.70	-0.00	0.0622	10.86	477.6	408.42	0.0657	528.7	9.517	19.89	11.33	1.69
	81.70	33.20	67.70	-0.00	0.0621	10.83	476.7	407.61	0.0655	525.5	9.459	19.77	11.24	1.69
	82.70	33.23	67.68	-0.00	0.0622	10.85	477.4	408.31	0.0659	528.6	9.515	19.89	11.33	1.69
	83.68	33.25	67.68	-0.00	0.0623	10.86	477.7	408.69	0.0660	530.4	9.547	19.96	11.38	1.69
	84.69	33.27	67.70	-0.00	0.0623	10.86	478.0	408.82	0.0661	531.5	9.566	20.00	11.41	1.69
	85.68	33.27	67.68	0.00	0.0622	10.85	477.6	408.58	0.0658	529.9	9.538	19.95	11.37	1.69
	86.67	33.29	67.70	-0.00	0.0622	10.84	477.1	408.09	0.0657	528.5	9.513	19.89	11.33	1.69
	87.69	33.22	67.68	-0.00	0.0622	10.85	477.5	408.49	0.0659	532.1	9.577	20.03	11.43	1.69
	88.67	33.25	67.68	0.00	0.0621	10.84	476.9	407.96	0.0661	532.6	9.587	20.05	11.44	1.69
	89.69	33.25	67.68	-0.00	0.0622	10.84	477.1	408.19	0.0661	533.2	9.598	20.07	11.46	1.69
	90.67	33.23	67.65	0.00	0.0622	10.84	477.1	408.26	0.0660	531.7	9.570	20.02	11.42	1.69
	91.68	33.27	67.68	0.00	0.0621	10.84	477.1	408.17	0.0661	530.4	9.548	19.97	11.38	1.69
	92.67	33.27	67.70	0.00	0.0622	10.84	477.1	408.01	0.0663	533.1	9.595	20.06	11.46	1.69
	93.68	33.25	67.68	0.00	0.0623	10.87	478.3	409.19	0.0666	537.6	9.677	20.24	11.58	1.69
	94.68	33.29	67.72	-0.00	0.0622	10.85	477.2	407.98	0.0664	535.7	9.643	20.15	11.53	1.69
	95.67	33.29	67.68	-0.00	0.0622	10.85	477.6	408.60	0.0664	536.0	9.648	20.18	11.54	1.69
	96.67	33.22	67.70	0.00	0.0622	10.86	477.8	408.50	0.0664	536.6	9.658	20.19	11.55	1.69
	97.69	33.20	67.68	-0.00	0.0622	10.86	478.0	408.84	0.0665	538.2	9.687	20.25	11.60	1.69
	98.69	33.20	67.70	-0.00	0.0622	10.86	477.9	408.61	0.0663	536.0	9.647	20.16	11.54	1.69
	99.70	33.20	67.73	-0.00	0.0622	10.85	477.3	407.94	0.0663	535.2	9.633	20.12	11.51	1.69
	100.68	33.24	67.68	0.00	0.0622	10.84	476.8	407.85	0.0664	535.2	9.633	20.14	11.51	1.69
	101.68	33.22	67.70	-0.00	0.0621	10.84	477.0	407.88	0.0665	536.6	9.660	20.19	11.56	1.69
	102.69	33.25	67.70	0.00	0.0622	10.84	477.1	408.00	0.0667	537.2	9.669	20.21	11.57	1.69
	103.68	33.27	67.70	0.00	0.0622	10.86	477.7	408.60	0.0667	539.9	9.719	20.32	11.65	1.69
	104.66	33.27	67.68	0.00	0.0622	10.86	477.9	408.82	0.0667	540.6	9.730	20.35	11.67	1.69
	105.67	33.22	67.68	0.00	0.0622	10.85	477.5	408.48	0.0667	540.3	9.725	20.34	11.66	1.69
	106.69	33.25	67.68	0.00	0.0622	10.85	477.5	408.46	0.0667	539.7	9.715	20.32	11.64	1.69
	107.67	33.22	67.70	-0.00	0.0621	10.84	477.0	407.92	0.0667	539.8	9.716	20.31	11.64	1.69
	108.67	33.25	67.68	-0.00	0.0621	10.83	476.4	407.52	0.0667	539.3	9.708	20.30	11.63	1.69
	109.68	33.27	67.68	-0.00	0.0620	10.82	475.9	407.15	0.0666	539.4	9.710	20.31	11.64	1.69
	110.67	33.27	67.70	-0.00	0.0621	10.83	476.6	407.62	0.0667	539.0	9.702	20.28	11.62	1.69
	111.67	33.28	67.70	-0.00	0.0622	10.85	477.2	408.18	0.0667	540.5	9.729	20.34	11.67	1.69
	112.69	33.34	67.67	-0.00	0.0621	10.83	476.5	407.78	0.0666	538.3	9.689	20.27	11.61	1.69
	113.69	33.33	67.68	-0.00	0.0622	10.84	476.9	408.07	0.0670	539.5	9.711	20.31	11.64	1.69
	114.68	33.36	67.68	-0.00	0.0619	10.80	475.2	406.71	0.0665	537.9	9.682	20.25	11.60	1.69
	115.67	33.34	67.67	0.00	0.0620	10.80	475.3	406.73	0.0665	537.6	9.677	20.24	11.59	1.69
	116.67	33.32	67.70	0.00	0.0620	10.81	475.8	406.98	0.0665	536.9	9.664	20.21	11.57	1.69
	117.67	33.27	67.68	0.00	0.0621	10.84	477.0	408.05	0.0669	541.8	9.752	20.39	11.70	1.69
	118.65	33.27	67.70	0.00	0.0621	10.83	476.4	407.44	0.0668	540.6	9.732	20.35	11.67	1.69
	119.67	33.25	67.65	0.00	0.0621	10.83	476.4	407.69	0.0669	541.4	9.744	20.39	11.69	1.69
	120.68	33.25	67.70	0.00	0.0621	10.83	476.5	407.46	0.0668	540.9	9.736	20.35	11.68	1.69
