Jul 25 2015 at 17:09:11
Frequency: 1.00Hz.
CO2
Zero:  Value:0.95  Date:18 Mar 2005	 at 07:22:33	
Span:  Value:1.00  Date:18 Mar 2005	 at 07:25:09	
H2O
Zero:  Value:0.71  Date:18 Mar 2005	 at 07:52:31	
Span:  Value:0.99  Date:18 Mar 2005	 at 11:44:01	
	Relative Time	Temperature	Pressure	Aux Input	CO2 Absorptance	CO2 mmol/m3	CO2 mg/m3	CO2 umol/mol	H2O Absorptance	H2O mmol/m3	H2O g/m3	H2O mmol/mol	H2O(°C)	Cooler Voltage
	0.73	34.81	67.65	0.00	0.0639	11.27	495.9	426.50	0.0501	360.4	6.486	13.64	5.75	1.64
	1.69	34.82	67.67	-0.00	0.0633	11.17	491.6	422.77	0.0517	373.7	6.726	14.14	6.27	1.64
	2.68	34.80	67.65	0.00	0.0631	11.05	486.0	418.06	0.0521	382.6	6.886	14.48	6.61	1.64
	3.67	34.84	67.67	0.00	0.0631	11.05	486.2	418.08	0.0520	380.3	6.845	14.39	6.53	1.64
	4.67	34.83	67.67	0.00	0.0629	11.02	484.8	416.86	0.0522	380.5	6.849	14.40	6.54	1.64
	5.66	34.84	67.68	0.00	0.0628	11.02	484.8	416.94	0.0518	375.7	6.763	14.22	6.35	1.64
	6.68	34.81	67.65	0.00	0.0625	10.95	481.6	414.28	0.0524	382.8	6.891	14.49	6.63	1.64
	7.66	34.81	67.68	-0.00	0.0625	10.92	480.6	413.23	0.0527	386.0	6.948	14.60	6.75	1.64
	8.67	34.81	67.68	-0.00	0.0626	10.94	481.4	413.90	0.0526	384.3	6.917	14.54	6.68	1.64
	9.67	34.84	67.73	-0.00	0.0627	10.96	482.3	414.40	0.0528	386.4	6.956	14.61	6.76	1.64
	10.67	34.87	67.67	0.00	0.0627	10.99	483.6	415.95	0.0528	389.0	7.002	14.72	6.86	1.64
	11.65	34.89	67.68	0.00	0.0627	10.98	483.2	415.53	0.0534	393.0	7.075	14.87	7.01	1.64
	12.67	34.86	67.70	0.00	0.0627	10.99	483.5	415.63	0.0542	401.3	7.223	15.18	7.31	1.64
	13.74	34.89	67.67	-0.00	0.0625	10.91	480.0	412.88	0.0544	399.8	7.196	15.13	7.26	1.64
	14.65	34.90	67.68	0.00	0.0628	10.99	483.7	415.99	0.0551	410.9	7.397	15.55	7.66	1.64
	15.66	34.82	67.67	0.00	0.0629	11.00	483.8	416.07	0.0555	412.7	7.429	15.62	7.72	1.64
	16.66	34.87	67.65	0.00	0.0629	11.02	484.8	417.10	0.0557	416.6	7.498	15.77	7.86	1.64
	17.66	34.78	67.65	0.00	0.0629	11.04	485.8	417.81	0.0558	421.7	7.590	15.96	8.04	1.64
	18.67	34.81	67.67	-0.00	0.0630	11.04	485.7	417.65	0.0558	417.9	7.522	15.81	7.91	1.64
	19.67	34.84	67.67	-0.00	0.0629	11.00	484.1	416.34	0.0557	414.2	7.455	15.67	7.78	1.64
	20.66	34.82	67.68	0.00	0.0628	11.00	483.9	416.07	0.0554	412.3	7.422	15.60	7.71	1.64
	21.65	34.80	67.65	0.00	0.0628	10.98	483.1	415.56	0.0552	411.5	7.406	15.57	7.68	1.64
	22.67	34.80	67.67	-0.00	0.0630	11.04	485.9	417.79	0.0561	420.1	7.561	15.89	7.98	1.64
	23.66	34.78	67.68	-0.00	0.0630	11.05	486.3	418.13	0.0568	428.3	7.709	16.20	8.27	1.64
	24.66	34.79	67.67	-0.00	0.0628	11.01	484.4	416.51	0.0542	407.3	7.332	15.41	7.53	1.64
	25.68	34.77	67.65	-0.00	0.0629	11.01	484.3	416.55	0.0545	403.6	7.265	15.27	7.39	1.64
	26.68	34.78	67.67	-0.00	0.0628	10.99	483.4	415.67	0.0544	406.9	7.324	15.39	7.51	1.64
	27.68	34.80	67.68	0.00	0.0627	10.97	482.7	415.04	0.0541	399.2	7.185	15.10	7.23	1.64
	28.73	34.77	67.67	0.00	0.0628	11.00	484.0	416.12	0.0554	417.4	7.514	15.79	7.89	1.64
	29.66	34.82	67.67	0.00	0.0627	10.98	483.3	415.60	0.0555	408.2	7.347	15.44	7.56	1.64
	30.67	34.82	67.67	0.00	0.0627	10.98	483.3	415.62	0.0557	418.9	7.540	15.85	7.94	1.64
	31.67	34.79	67.68	-0.00	0.0627	10.98	482.9	415.21	0.0553	412.7	7.428	15.61	7.72	1.64
	32.67	34.77	67.67	0.00	0.0627	10.98	483.1	415.36	0.0560	421.8	7.592	15.96	8.04	1.64
	33.66	34.79	67.67	0.00	0.0628	10.99	483.7	415.92	0.0579	437.0	7.867	16.53	8.56	1.64
	34.66	34.84	67.67	0.00	0.0628	10.99	483.5	415.83	0.0572	426.2	7.672	16.13	8.20	1.64
	35.65	34.84	67.68	0.00	0.0628	11.00	483.9	416.14	0.0570	433.3	7.799	16.39	8.44	1.64
	36.66	34.81	67.68	0.00	0.0628	11.00	483.8	416.02	0.0574	432.7	7.788	16.37	8.42	1.64
	37.66	34.84	67.68	0.00	0.0628	11.00	484.0	416.22	0.0578	441.0	7.939	16.69	8.70	1.64
	38.66	34.89	67.70	-0.00	0.0628	10.98	483.2	415.42	0.0571	431.6	7.769	16.33	8.39	1.64
	39.64	34.84	67.65	0.00	0.0627	10.97	482.9	415.39	0.0561	423.3	7.619	16.02	8.10	1.64
	40.65	34.87	67.70	0.00	0.0627	10.97	482.9	415.14	0.0572	431.7	7.771	16.33	8.39	1.64
	41.67	34.84	67.65	0.00	0.0627	10.96	482.4	414.96	0.0572	431.0	7.758	16.31	8.36	1.64
	42.65	34.88	67.60	0.00	0.0627	10.97	482.7	415.61	0.0572	433.0	7.793	16.40	8.43	1.64
	43.68	34.88	67.67	0.00	0.0626	10.95	481.9	414.48	0.0570	430.3	7.745	16.28	8.34	1.64
	44.68	34.91	67.67	-0.00	0.0626	10.95	481.7	414.33	0.0585	445.6	8.021	16.87	8.86	1.64
	45.66	34.91	67.65	0.00	0.0625	10.94	481.2	414.07	0.0583	439.4	7.909	16.64	8.65	1.64
	46.66	34.89	67.67	0.00	0.0626	10.95	481.9	414.47	0.0589	451.8	8.133	17.10	9.06	1.64
	47.66	34.91	67.68	0.00	0.0625	10.94	481.2	413.88	0.0568	433.9	7.811	16.42	8.46	1.64
	48.66	34.89	67.68	0.00	0.0627	10.96	482.3	414.84	0.0565	422.2	7.599	15.98	8.06	1.64
	49.67	34.86	67.68	0.00	0.0627	10.97	482.7	415.06	0.0569	429.7	7.734	16.26	8.32	1.64
	50.67	34.89	67.67	-0.00	0.0626	10.95	481.9	414.51	0.0568	428.3	7.709	16.21	8.27	1.64
	51.67	34.84	67.65	-0.00	0.0626	10.94	481.3	414.08	0.0590	450.0	8.099	17.03	9.00	1.64
	52.67	34.81	67.70	0.00	0.0626	10.93	481.0	413.46	0.0584	451.9	8.134	17.09	9.06	1.64
	53.68	34.86	67.67	-0.00	0.0625	10.92	480.7	413.38	0.0588	453.5	8.163	17.16	9.11	1.64
	54.68	34.84	67.67	-0.00	0.0625	10.94	481.3	413.89	0.0580	441.6	7.949	16.71	8.72	1.64
	55.66	34.87	67.63	0.00	0.0624	10.90	479.8	412.91	0.0587	446.2	8.032	16.90	8.88	1.64
	56.66	34.84	67.65	0.00	0.0625	10.93	480.9	413.70	0.0584	445.4	8.017	16.86	8.85	1.64
	57.67	34.84	67.67	-0.00	0.0625	10.92	480.7	413.37	0.0583	444.9	8.008	16.83	8.83	1.64
	58.66	34.84	67.65	0.00	0.0625	10.92	480.4	413.29	0.0583	445.3	8.015	16.85	8.84	1.64
	59.73	34.84	67.65	0.00	0.0623	10.89	479.4	412.38	0.0598	456.2	8.212	17.27	9.20	1.64
	60.65	34.80	67.70	0.00	0.0624	10.90	479.5	412.17	0.0596	457.9	8.241	17.32	9.25	1.64
	61.67	34.81	67.70	-0.00	0.0624	10.92	480.5	413.08	0.0593	450.9	8.116	17.05	9.03	1.64
	62.74	34.82	67.67	0.00	0.0623	10.88	478.5	411.50	0.0603	464.6	8.362	17.58	9.47	1.64
	63.65	34.81	67.67	0.00	0.0622	10.86	477.7	410.79	0.0602	466.5	8.397	17.65	9.53	1.64
	64.66	34.74	67.62	-0.00	0.0623	10.88	478.8	411.96	0.0602	464.7	8.365	17.59	9.47	1.64
	65.66	34.74	67.67	0.00	0.0624	10.89	479.0	411.78	0.0599	461.1	8.299	17.44	9.35	1.64
	66.66	34.79	67.67	-0.00	0.0623	10.88	478.6	411.51	0.0598	462.2	8.319	17.49	9.39	1.64
	67.66	34.74	67.65	-0.00	0.0623	10.88	478.9	411.86	0.0600	463.9	8.350	17.55	9.44	1.64
	68.67	34.80	67.67	0.00	0.0623	10.87	478.4	411.34	0.0601	464.8	8.366	17.58	9.48	1.64
	69.75	34.82	67.67	-0.00	0.0623	10.86	478.0	411.02	0.0599	462.8	8.330	17.51	9.41	1.64
	70.65	34.84	67.65	0.00	0.0623	10.87	478.3	411.47	0.0598	461.9	8.313	17.48	9.39	1.64
	71.67	34.88	67.67	0.00	0.0621	10.84	477.0	410.29	0.0600	458.3	8.249	17.34	9.27	1.64
	72.68	34.84	67.65	-0.00	0.0622	10.86	478.0	411.19	0.0600	464.6	8.364	17.59	9.47	1.64
	73.73	34.86	67.65	0.00	0.0622	10.86	477.7	410.97	0.0601	464.2	8.356	17.57	9.46	1.64
	74.68	34.83	67.70	0.00	0.0621	10.86	477.6	410.56	0.0601	463.3	8.339	17.52	9.43	1.64
	75.68	34.84	67.68	-0.00	0.0622	10.85	477.2	410.39	0.0601	464.3	8.358	17.57	9.46	1.64
	76.66	34.84	67.68	-0.00	0.0622	10.85	477.5	410.63	0.0599	461.0	8.297	17.44	9.36	1.64
	77.67	34.88	67.67	-0.00	0.0622	10.86	477.9	411.06	0.0605	468.7	8.437	17.74	9.61	1.64
	78.66	34.86	67.65	0.00	0.0621	10.84	476.9	410.25	0.0602	465.0	8.369	17.60	9.49	1.64
	79.65	34.84	67.68	0.00	0.0622	10.86	477.9	410.97	0.0606	470.5	8.469	17.80	9.66	1.64
	80.64	34.81	67.67	0.00	0.0621	10.83	476.6	409.82	0.0607	471.7	8.490	17.85	9.70	1.64
	81.65	34.84	67.65	0.00	0.0622	10.85	477.4	410.65	0.0607	469.9	8.459	17.79	9.64	1.64
	82.67	34.87	67.67	0.00	0.0622	10.85	477.4	410.58	0.0602	465.6	8.382	17.62	9.51	1.64
	83.66	34.88	67.67	-0.00	0.0621	10.84	476.8	410.05	0.0607	469.3	8.448	17.76	9.63	1.64
	84.68	34.91	67.68	0.00	0.0620	10.81	475.5	408.97	0.0609	472.1	8.498	17.87	9.72	1.64
	85.68	34.88	67.67	-0.00	0.0621	10.83	476.5	409.81	0.0609	474.5	8.541	17.96	9.79	1.65
	86.66	34.93	67.68	0.00	0.0621	10.83	476.7	410.02	0.0609	473.0	8.514	17.90	9.74	1.64
	87.66	34.94	67.65	-0.00	0.0621	10.84	476.9	410.37	0.0609	473.9	8.530	17.94	9.77	1.64
	88.66	34.97	67.67	0.00	0.0620	10.82	476.2	409.66	0.0609	472.8	8.510	17.90	9.74	1.64
	89.65	34.94	67.67	0.00	0.0620	10.82	476.2	409.69	0.0610	473.7	8.527	17.93	9.77	1.64
	90.65	34.92	67.67	-0.00	0.0620	10.81	475.5	409.05	0.0609	472.9	8.512	17.90	9.74	1.65
	91.67	34.92	67.68	-0.00	0.0621	10.82	476.3	409.64	0.0610	474.4	8.540	17.96	9.79	1.65
	92.65	34.94	67.67	0.00	0.0619	10.79	474.8	408.41	0.0610	473.3	8.520	17.92	9.76	1.64
	93.66	34.97	67.67	0.00	0.0619	10.77	473.8	407.62	0.0612	475.9	8.566	18.02	9.84	1.64
	94.66	34.96	67.63	0.00	0.0620	10.81	475.6	409.46	0.0613	476.4	8.575	18.04	9.85	1.64
	95.66	34.94	67.67	0.00	0.0620	10.80	475.3	408.91	0.0612	475.6	8.561	18.00	9.83	1.64
	96.67	34.90	67.67	-0.00	0.0621	10.82	475.9	409.36	0.0612	476.1	8.570	18.02	9.84	1.65
	97.67	34.90	67.65	-0.00	0.0620	10.82	476.2	409.76	0.0610	475.5	8.559	18.00	9.82	1.65
	98.67	34.86	67.67	0.00	0.0620	10.82	476.0	409.33	0.0613	476.7	8.580	18.04	9.86	1.64
	99.67	34.90	67.67	-0.00	0.0620	10.82	475.9	409.31	0.0613	477.2	8.590	18.06	9.88	1.64
	100.75	34.91	67.65	-0.00	0.0619	10.79	474.9	408.59	0.0614	477.6	8.597	18.08	9.89	1.64
	101.65	34.91	67.65	0.00	0.0620	10.80	475.4	409.05	0.0616	479.7	8.635	18.16	9.95	1.64
	102.66	34.92	67.65	0.00	0.0619	10.80	475.2	408.89	0.0615	479.5	8.631	18.15	9.95	1.65
	103.66	34.95	67.70	0.00	0.0620	10.80	475.3	408.72	0.0615	478.8	8.619	18.12	9.93	1.65
	104.66	34.95	67.65	-0.00	0.0620	10.80	475.4	409.09	0.0615	480.2	8.644	18.18	9.97	1.64
	105.64	34.93	67.67	0.00	0.0618	10.78	474.4	408.06	0.0611	477.1	8.588	18.06	9.87	1.64
	106.66	34.91	67.67	0.00	0.0617	10.75	473.1	406.93	0.0608	471.6	8.489	17.85	9.70	1.65
	107.66	34.84	67.67	0.00	0.0619	10.78	474.4	407.95	0.0611	475.1	8.552	17.98	9.81	1.65
	108.66	34.87	67.65	0.00	0.0619	10.79	474.9	408.55	0.0612	476.8	8.582	18.05	9.86	1.65
	109.65	34.84	67.67	0.00	0.0619	10.79	474.9	408.44	0.0613	478.3	8.609	18.10	9.91	1.65
	110.68	34.81	67.68	0.00	0.0619	10.80	475.0	408.45	0.0614	479.3	8.627	18.13	9.94	1.65
	111.67	34.79	67.67	0.00	0.0619	10.78	474.5	407.95	0.0614	477.7	8.598	18.07	9.88	1.65
	112.68	34.84	67.68	-0.00	0.0617	10.75	473.0	406.79	0.0611	476.3	8.574	18.02	9.84	1.65
	113.68	34.81	67.70	0.00	0.0619	10.78	474.4	407.80	0.0616	480.5	8.649	18.17	9.97	1.65
	114.75	34.86	67.70	-0.00	0.0618	10.77	473.8	407.31	0.0616	480.9	8.656	18.19	9.99	1.65
	115.74	34.90	67.70	0.00	0.0619	10.78	474.5	407.95	0.0617	482.1	8.678	18.24	10.03	1.65
	116.67	34.92	67.67	-0.00	0.0619	10.78	474.5	408.15	0.0616	480.3	8.646	18.18	9.97	1.65
	117.66	34.90	67.67	0.00	0.0618	10.76	473.6	407.38	0.0616	480.0	8.639	18.16	9.96	1.65
	118.67	34.91	67.70	0.00	0.0618	10.77	473.7	407.33	0.0617	479.2	8.626	18.13	9.94	1.64
