Jul 25 2015 at 13:44:47
Frequency: 1.00Hz.
CO2
Zero:  Value:0.95  Date:18 Mar 2005	 at 07:22:33	
Span:  Value:1.00  Date:18 Mar 2005	 at 07:25:09	
H2O
Zero:  Value:0.71  Date:18 Mar 2005	 at 07:52:31	
Span:  Value:0.99  Date:18 Mar 2005	 at 11:44:01	
	Relative Time	Temperature	Pressure	Aux Input	CO2 Absorptance	CO2 mmol/m3	CO2 mg/m3	CO2 umol/mol	H2O Absorptance	H2O mmol/m3	H2O g/m3	H2O mmol/mol	H2O(°C)	Cooler Voltage
	0.27	31.90	70.25	-0.00	0.0601	10.28	452.3	371.14	0.0920	860.7	15.493	31.07	18.84	1.69
	1.25	31.87	70.23	0.00	0.0601	10.28	452.5	371.35	0.0923	865.5	15.579	31.25	18.92	1.69
	2.26	31.84	70.26	0.00	0.0601	10.26	451.5	370.38	0.0924	865.6	15.580	31.24	18.92	1.69
	3.24	31.89	70.25	0.00	0.0599	10.24	450.8	369.83	0.0926	871.3	15.683	31.45	19.03	1.69
	4.24	31.83	70.25	0.00	0.0599	10.22	449.7	368.88	0.0920	862.1	15.517	31.11	18.86	1.69
	5.24	31.88	70.25	-0.00	0.0598	10.21	449.4	368.71	0.0922	861.8	15.512	31.11	18.86	1.69
	6.25	31.86	70.26	-0.00	0.0598	10.21	449.3	368.52	0.0927	870.3	15.665	31.41	19.01	1.69
	7.24	31.81	70.27	0.00	0.0598	10.21	449.4	368.48	0.0924	868.6	15.635	31.34	18.98	1.69
	8.24	31.80	70.25	0.00	0.0598	10.20	448.8	368.11	0.0921	865.6	15.581	31.24	18.92	1.69
	9.25	31.80	70.23	0.00	0.0598	10.22	449.5	368.85	0.0919	860.0	15.480	31.05	18.82	1.69
	10.25	31.80	70.23	0.00	0.0597	10.20	448.8	368.19	0.0921	862.8	15.530	31.15	18.87	1.69
	11.32	31.79	70.23	0.00	0.0598	10.21	449.4	368.67	0.0921	862.7	15.529	31.14	18.87	1.69
	12.25	31.80	70.25	0.00	0.0599	10.22	449.7	368.85	0.0913	854.6	15.382	30.84	18.72	1.69
	13.32	31.81	70.25	0.00	0.0600	10.26	451.3	370.21	0.0913	849.3	15.288	30.65	18.62	1.69
	14.24	31.88	70.23	0.00	0.0600	10.26	451.4	370.49	0.0910	846.7	15.240	30.57	18.57	1.69
	15.22	31.84	70.20	0.00	0.0603	10.30	453.1	371.91	0.0901	836.0	15.047	30.19	18.37	1.69
	16.27	31.78	70.23	0.00	0.0603	10.32	454.2	372.63	0.0899	830.6	14.952	29.98	18.26	1.69
	17.25	31.83	70.23	0.00	0.0608	10.43	459.0	376.67	0.0882	806.1	14.509	29.10	17.79	1.69
	18.25	31.83	70.25	0.00	0.0607	10.40	457.7	375.44	0.0880	802.2	14.440	28.95	17.71	1.69
	19.25	31.81	70.23	0.00	0.0605	10.36	455.9	374.04	0.0884	809.6	14.573	29.23	17.86	1.69
	20.26	31.86	70.25	-0.00	0.0604	10.34	455.1	373.33	0.0882	806.8	14.523	29.12	17.80	1.69
	21.23	31.81	70.23	0.00	0.0606	10.39	457.2	375.10	0.0869	788.1	14.186	28.45	17.43	1.69
	22.26	31.83	70.23	-0.00	0.0606	10.38	456.5	374.59	0.0869	789.6	14.214	28.51	17.46	1.69
	23.24	31.83	70.23	-0.00	0.0607	10.40	457.5	375.40	0.0865	782.9	14.092	28.27	17.33	1.69
	24.26	31.84	70.25	0.00	0.0607	10.40	457.6	375.39	0.0860	778.0	14.003	28.08	17.23	1.70
	25.24	31.87	70.28	0.00	0.0607	10.42	458.3	375.86	0.0860	775.4	13.957	27.98	17.18	1.69
	26.25	31.87	70.23	0.00	0.0607	10.39	457.3	375.30	0.0866	785.3	14.136	28.36	17.38	1.69
	27.25	31.87	70.25	-0.00	0.0607	10.42	458.3	375.98	0.0861	777.4	13.994	28.06	17.22	1.69
	28.27	31.89	70.23	-0.00	0.0608	10.41	458.0	375.91	0.0856	775.7	13.962	28.01	17.18	1.69
	29.23	31.87	70.23	0.00	0.0611	10.49	461.6	378.79	0.0840	749.2	13.485	27.05	16.63	1.69
	30.26	31.86	70.28	0.00	0.0611	10.50	462.0	378.89	0.0833	737.9	13.283	26.63	16.40	1.69
	31.25	31.89	70.25	0.00	0.0611	10.49	461.7	378.80	0.0836	741.2	13.342	26.76	16.47	1.69
	32.26	31.94	70.23	0.00	0.0610	10.47	460.9	378.31	0.0842	751.5	13.527	27.14	16.69	1.69
	33.26	31.92	70.23	-0.00	0.0611	10.49	461.6	378.86	0.0835	740.1	13.323	26.73	16.45	1.69
	34.26	31.94	70.23	0.00	0.0610	10.48	461.1	378.50	0.0836	741.7	13.351	26.79	16.48	1.70
	35.26	31.93	70.23	0.00	0.0611	10.49	461.6	378.87	0.0847	754.9	13.587	27.26	16.76	1.70
	36.25	31.93	70.23	-0.00	0.0611	10.50	461.8	379.04	0.0847	758.1	13.646	27.38	16.82	1.70
	37.25	31.98	70.25	-0.00	0.0611	10.50	462.1	379.26	0.0847	757.6	13.636	27.36	16.81	1.69
	38.25	31.98	70.25	0.00	0.0611	10.49	461.7	378.93	0.0840	750.3	13.506	27.09	16.66	1.70
	39.25	31.98	70.25	-0.00	0.0611	10.50	462.0	379.19	0.0838	744.3	13.397	26.88	16.54	1.69
	40.25	31.97	70.25	0.00	0.0611	10.50	461.9	379.07	0.0838	743.6	13.385	26.85	16.52	1.69
	41.26	31.97	70.23	-0.00	0.0611	10.51	462.4	379.60	0.0838	745.2	13.413	26.92	16.55	1.70
	42.24	32.03	70.26	0.00	0.0612	10.51	462.5	379.65	0.0839	747.1	13.449	26.98	16.60	1.70
	43.26	31.99	70.23	-0.00	0.0611	10.50	462.2	379.45	0.0847	756.1	13.609	27.31	16.78	1.69
	44.24	32.04	70.25	0.00	0.0612	10.51	462.6	379.71	0.0850	761.1	13.699	27.49	16.89	1.69
	45.26	31.99	70.23	-0.00	0.0613	10.53	463.3	380.40	0.0845	755.4	13.597	27.29	16.77	1.70
	46.32	31.99	70.23	0.00	0.0613	10.54	463.7	380.68	0.0844	754.0	13.572	27.24	16.74	1.70
	47.24	31.99	70.23	0.00	0.0612	10.51	462.5	379.71	0.0842	751.6	13.529	27.15	16.69	1.70
	48.27	31.97	70.25	-0.00	0.0612	10.52	462.7	379.69	0.0844	754.7	13.585	27.25	16.75	1.70
	49.27	31.96	70.25	-0.00	0.0612	10.52	462.7	379.73	0.0835	741.5	13.347	26.77	16.48	1.70
	50.25	31.95	70.25	0.00	0.0612	10.50	462.0	379.15	0.0835	739.0	13.302	26.68	16.42	1.70
	51.25	31.92	70.23	0.00	0.0613	10.52	462.9	380.00	0.0840	747.8	13.460	27.01	16.61	1.70
	52.26	31.95	70.23	-0.00	0.0612	10.52	462.7	379.84	0.0837	745.0	13.409	26.91	16.55	1.70
	53.24	31.98	70.25	0.00	0.0611	10.50	462.0	379.18	0.0839	747.4	13.453	26.99	16.60	1.70
	54.26	31.98	70.25	0.00	0.0611	10.49	461.7	378.89	0.0843	750.0	13.501	27.08	16.66	1.70
	55.24	31.95	70.23	0.00	0.0611	10.50	461.8	379.09	0.0848	759.4	13.669	27.43	16.85	1.70
	56.24	32.00	70.23	0.00	0.0611	10.49	461.6	379.02	0.0845	756.5	13.617	27.33	16.79	1.70
	57.24	32.00	70.23	0.00	0.0611	10.49	461.7	379.08	0.0844	752.3	13.542	27.18	16.71	1.70
	58.23	31.94	70.25	0.00	0.0610	10.49	461.4	378.63	0.0844	753.6	13.565	27.21	16.73	1.70
	59.25	31.96	70.23	0.00	0.0611	10.49	461.7	378.99	0.0837	746.3	13.433	26.96	16.58	1.70
	60.25	31.97	70.25	-0.00	0.0612	10.51	462.6	379.65	0.0836	743.2	13.378	26.84	16.51	1.70
	61.25	31.97	70.23	0.00	0.0611	10.50	462.0	379.31	0.0837	742.6	13.367	26.83	16.50	1.70
	62.24	31.97	70.23	-0.00	0.0611	10.49	461.7	379.06	0.0840	747.1	13.447	26.99	16.59	1.70
	63.34	31.99	70.25	-0.00	0.0610	10.48	461.1	378.42	0.0844	753.9	13.571	27.23	16.74	1.70
	64.24	31.99	70.25	0.00	0.0610	10.48	461.3	378.56	0.0842	750.3	13.506	27.10	16.66	1.70
	65.25	32.04	70.23	0.00	0.0611	10.49	461.5	378.92	0.0839	748.0	13.464	27.03	16.62	1.70
	66.27	32.01	70.25	-0.00	0.0610	10.49	461.6	378.85	0.0833	740.1	13.321	26.73	16.45	1.70
	67.25	32.01	70.23	0.00	0.0610	10.48	461.3	378.74	0.0846	753.4	13.560	27.22	16.73	1.70
	68.25	32.04	70.23	0.00	0.0611	10.48	461.3	378.81	0.0841	751.2	13.521	27.14	16.68	1.70
	69.25	32.01	70.23	0.00	0.0610	10.47	460.9	378.40	0.0841	748.8	13.479	27.05	16.63	1.70
	70.25	32.04	70.20	0.00	0.0610	10.47	460.8	378.54	0.0837	744.8	13.406	26.92	16.55	1.70
	71.25	32.04	70.23	0.00	0.0611	10.48	461.2	378.73	0.0844	753.4	13.562	27.22	16.73	1.70
	72.26	31.99	70.25	-0.00	0.0610	10.46	460.5	377.91	0.0845	755.7	13.603	27.29	16.78	1.70
	73.32	32.01	70.20	0.00	0.0609	10.46	460.2	378.00	0.0841	751.2	13.521	27.15	16.68	1.70
	74.26	31.99	70.23	-0.00	0.0609	10.46	460.1	377.76	0.0838	745.7	13.422	26.94	16.57	1.70
	75.32	32.01	70.23	0.00	0.0610	10.47	460.7	378.27	0.0840	747.8	13.461	27.02	16.61	1.70
	76.25	32.05	70.23	-0.00	0.0610	10.47	460.8	378.40	0.0831	740.5	13.330	26.76	16.46	1.70
	77.25	32.03	70.25	0.00	0.0611	10.49	461.5	378.84	0.0836	743.2	13.378	26.84	16.52	1.70
	78.25	32.03	70.23	-0.00	0.0610	10.48	461.0	378.55	0.0840	746.9	13.444	26.98	16.59	1.70
	79.23	32.06	70.23	0.00	0.0609	10.46	460.2	377.88	0.0839	747.2	13.450	27.00	16.60	1.70
	80.25	32.07	70.25	0.00	0.0610	10.46	460.2	377.80	0.0831	736.8	13.262	26.61	16.38	1.70
	81.26	32.09	70.23	0.00	0.0609	10.45	460.0	377.80	0.0832	735.1	13.233	26.56	16.35	1.70
	82.24	32.09	70.23	0.00	0.0609	10.45	459.6	377.47	0.0830	735.5	13.240	26.58	16.36	1.70
	83.24	32.09	70.23	0.00	0.0610	10.47	460.8	378.46	0.0826	726.3	13.073	26.24	16.16	1.70
	84.26	32.12	70.25	0.00	0.0609	10.46	460.3	377.93	0.0832	735.9	13.247	26.59	16.37	1.70
	85.25	32.11	70.23	0.00	0.0607	10.41	458.1	376.27	0.0848	760.7	13.692	27.49	16.89	1.70
	86.27	32.09	70.23	-0.00	0.0608	10.44	459.2	377.10	0.0852	762.5	13.725	27.55	16.92	1.70
	87.25	32.09	70.23	-0.00	0.0609	10.43	458.9	376.86	0.0840	750.8	13.514	27.13	16.68	1.70
	88.27	32.12	70.20	-0.00	0.0609	10.44	459.5	377.52	0.0833	738.4	13.292	26.70	16.42	1.70
	89.25	32.11	70.23	-0.00	0.0608	10.42	458.6	376.70	0.0842	752.4	13.544	27.19	16.71	1.70
	90.32	32.13	70.23	-0.00	0.0609	10.45	459.9	377.79	0.0837	745.1	13.412	26.93	16.56	1.70
	91.25	32.16	70.25	0.00	0.0606	10.40	457.6	375.73	0.0892	792.2	14.260	28.62	17.53	1.70
	92.24	32.15	70.23	0.00	0.0609	10.44	459.6	377.51	0.0842	752.0	13.537	27.18	16.71	1.70
	93.24	32.17	70.23	0.00	0.0608	10.44	459.2	377.21	0.0861	772.4	13.903	27.92	17.13	1.70
	94.25	32.17	70.23	0.00	0.0608	10.43	458.9	376.95	0.0850	761.9	13.715	27.54	16.92	1.70
	95.24	32.13	70.20	0.00	0.0607	10.41	457.8	376.19	0.0854	767.1	13.808	27.73	17.02	1.70
	96.33	32.15	70.25	-0.00	0.0608	10.42	458.4	376.40	0.0849	761.6	13.708	27.52	16.91	1.70
	97.27	32.16	70.23	-0.00	0.0606	10.38	456.8	375.23	0.0861	773.9	13.931	27.97	17.16	1.70
	98.25	32.15	70.23	-0.00	0.0605	10.36	456.0	374.55	0.0856	771.0	13.877	27.87	17.10	1.70
	99.26	32.18	70.28	0.00	0.0607	10.40	457.6	375.68	0.0854	766.7	13.800	27.69	17.01	1.70
	100.25	32.13	70.23	0.00	0.0607	10.41	458.0	376.18	0.0849	762.9	13.732	27.57	16.93	1.70
	101.24	32.15	70.23	0.00	0.0606	10.38	456.8	375.21	0.0854	766.5	13.797	27.71	17.01	1.70
	102.24	32.17	70.23	-0.00	0.0606	10.37	456.4	374.97	0.0852	765.8	13.784	27.68	16.99	1.70
	103.24	32.17	70.23	0.00	0.0606	10.38	456.7	375.15	0.0857	770.0	13.861	27.83	17.08	1.70
	104.32	32.20	70.25	0.00	0.0605	10.36	455.7	374.25	0.0860	774.5	13.941	27.99	17.18	1.70
	105.24	32.15	70.23	0.00	0.0605	10.37	456.2	374.72	0.0857	771.9	13.894	27.90	17.12	1.71
	106.25	32.15	70.23	0.00	0.0606	10.39	457.0	375.36	0.0856	767.6	13.817	27.74	17.03	1.70
	107.23	32.15	70.25	0.00	0.0605	10.37	456.1	374.50	0.0852	769.0	13.842	27.78	17.06	1.70
	108.26	32.20	70.25	-0.00	0.0605	10.38	456.5	374.93	0.0861	766.6	13.799	27.70	17.01	1.70
	109.26	32.13	70.23	-0.00	0.0606	10.37	456.3	374.76	0.0856	770.3	13.866	27.84	17.09	1.70
	110.26	32.17	70.23	-0.00	0.0606	10.38	456.9	375.35	0.0851	762.6	13.726	27.56	16.93	1.71
	111.24	32.17	70.23	0.00	0.0605	10.36	456.0	374.63	0.0861	777.1	13.987	28.09	17.23	1.71
	112.24	32.17	70.23	0.00	0.0604	10.34	455.2	373.90	0.0857	772.9	13.912	27.94	17.14	1.70
	113.26	32.20	70.23	-0.00	0.0604	10.34	455.1	373.94	0.0865	779.3	14.027	28.17	17.27	1.70
	114.25	32.17	70.23	-0.00	0.0603	10.34	454.8	373.63	0.0865	782.9	14.092	28.30	17.34	1.71
	115.25	32.17	70.23	0.00	0.0604	10.33	454.4	373.27	0.0870	786.9	14.164	28.44	17.42	1.71
	116.24	32.20	70.23	0.00	0.0603	10.33	454.3	373.27	0.0873	793.1	14.276	28.67	17.55	1.71
	117.25	32.17	70.25	0.00	0.0603	10.32	453.9	372.72	0.0875	796.1	14.330	28.77	17.61	1.71
	118.23	32.17	70.23	0.00	0.0603	10.33	454.6	373.45	0.0876	797.8	14.360	28.84	17.64	1.71
	119.26	32.22	70.25	-0.00	0.0603	10.32	454.2	373.08	0.0877	799.1	14.384	28.88	17.67	1.71
	120.23	32.22	70.25	0.00	0.0602	10.31	453.7	372.62	0.0880	802.7	14.448	29.01	17.74	1.71
	121.24	32.23	70.25	0.00	0.0602	10.29	452.9	372.01	0.0883	805.2	14.493	29.10	17.79	1.71
