Jul 25 2015 at 15:47:04
Frequency: 1.00Hz.
CO2
Zero:  Value:0.95  Date:18 Mar 2005	 at 07:22:33	
Span:  Value:1.00  Date:18 Mar 2005	 at 07:25:09	
H2O
Zero:  Value:0.71  Date:18 Mar 2005	 at 07:52:31	
Span:  Value:0.99  Date:18 Mar 2005	 at 11:44:01	
	Relative Time	Temperature	Pressure	Aux Input	CO2 Absorptance	CO2 mmol/m3	CO2 mg/m3	CO2 umol/mol	H2O Absorptance	H2O mmol/m3	H2O g/m3	H2O mmol/mol	H2O(°C)	Cooler Voltage
	0.17	34.64	67.70	0.00	0.0609	10.56	464.8	399.23	0.0615	472.9	8.513	17.87	9.73	1.67
	1.19	34.64	67.70	0.00	0.0609	10.58	465.7	400.08	0.0610	475.1	8.552	17.96	9.80	1.67
	2.18	34.64	67.70	0.00	0.0608	10.53	463.4	398.10	0.0609	473.9	8.531	17.91	9.76	1.66
	3.17	34.66	67.68	0.00	0.0608	10.55	464.2	398.89	0.0612	480.8	8.655	18.18	9.98	1.67
	4.17	34.66	67.70	0.00	0.0609	10.59	466.1	400.42	0.0624	492.7	8.869	18.62	10.34	1.67
	5.18	34.66	67.70	0.00	0.0607	10.53	463.5	398.21	0.0616	482.3	8.681	18.23	10.02	1.67
	6.16	34.67	67.73	0.00	0.0609	10.56	464.8	399.19	0.0614	476.3	8.574	18.00	9.84	1.66
	7.18	34.64	67.72	-0.00	0.0607	10.52	463.0	397.62	0.0617	480.4	8.647	18.15	9.96	1.66
	8.19	34.64	67.70	-0.00	0.0609	10.55	464.3	398.85	0.0619	480.5	8.650	18.16	9.97	1.66
	9.19	34.63	67.70	-0.00	0.0607	10.49	461.8	396.66	0.0626	493.3	8.880	18.65	10.36	1.67
	10.19	34.63	67.70	-0.00	0.0607	10.53	463.4	398.07	0.0617	481.8	8.673	18.21	10.01	1.67
	11.19	34.65	67.73	-0.00	0.0608	10.55	464.2	398.67	0.0598	463.0	8.335	17.50	9.41	1.66
	12.17	34.62	67.72	0.00	0.0607	10.54	463.7	398.14	0.0600	459.3	8.268	17.35	9.29	1.66
	13.17	34.65	67.68	0.00	0.0608	10.54	463.9	398.67	0.0599	461.4	8.305	17.45	9.36	1.66
	14.16	34.67	67.70	0.00	0.0610	10.54	463.8	398.49	0.0598	466.0	8.389	17.62	9.51	1.66
	15.18	34.67	67.70	-0.00	0.0611	10.61	466.7	400.91	0.0598	455.3	8.195	17.21	9.16	1.67
	16.19	34.61	67.72	0.00	0.0611	10.59	466.1	400.22	0.0611	473.4	8.521	17.88	9.74	1.67
	17.18	34.61	67.70	0.00	0.0607	10.56	464.6	399.07	0.0613	477.3	8.592	18.04	9.86	1.66
	18.19	34.64	67.70	-0.00	0.0610	10.59	466.1	400.38	0.0607	467.6	8.416	17.67	9.56	1.66
	19.19	34.63	67.70	0.00	0.0606	10.50	462.1	396.97	0.0624	487.8	8.781	18.44	10.19	1.66
	20.19	34.61	67.73	-0.00	0.0606	10.50	462.0	396.70	0.0638	506.0	9.108	19.12	10.74	1.66
	21.18	34.64	67.72	-0.00	0.0605	10.43	458.8	393.96	0.0654	532.4	9.584	20.12	11.51	1.67
	22.17	34.61	67.73	0.00	0.0607	10.46	460.4	395.34	0.0662	533.3	9.599	20.15	11.53	1.67
	23.24	34.63	67.73	0.00	0.0605	10.50	462.0	396.67	0.0689	552.0	9.936	20.86	12.05	1.66
	24.16	34.62	67.70	0.00	0.0607	10.50	462.2	397.02	0.0675	561.9	10.114	21.24	12.32	1.66
	25.18	34.60	67.71	-0.00	0.0607	10.52	462.7	397.37	0.0667	540.2	9.723	20.41	11.72	1.67
	26.18	34.60	67.72	0.00	0.0603	10.43	458.8	393.94	0.0705	587.6	10.577	22.20	13.00	1.66
	27.16	34.59	67.70	0.00	0.0604	10.48	461.2	396.16	0.0687	566.2	10.192	21.40	12.44	1.67
	28.17	34.62	67.70	0.00	0.0608	10.55	464.1	398.64	0.0674	529.7	9.535	20.02	11.43	1.66
	29.17	34.60	67.70	0.00	0.0604	10.47	460.7	395.72	0.0697	570.0	10.261	21.54	12.54	1.67
	30.16	34.58	67.70	0.00	0.0602	10.44	459.4	394.53	0.0683	559.8	10.077	21.16	12.26	1.66
	31.20	34.63	67.72	-0.00	0.0605	10.45	459.8	394.82	0.0689	576.7	10.381	21.79	12.72	1.66
	32.18	34.59	67.72	0.00	0.0604	10.43	458.8	393.91	0.0687	564.1	10.153	21.31	12.38	1.67
	33.18	34.57	67.70	0.00	0.0601	10.40	457.7	393.08	0.0679	554.7	9.985	20.96	12.12	1.67
	34.18	34.59	67.72	0.00	0.0604	10.44	459.6	394.60	0.0686	561.9	10.114	21.23	12.32	1.66
	35.19	34.61	67.68	-0.00	0.0606	10.47	460.9	396.01	0.0692	570.7	10.272	21.58	12.56	1.66
	36.26	34.62	67.70	-0.00	0.0602	10.44	459.3	394.50	0.0686	563.6	10.144	21.30	12.37	1.66
	37.19	34.60	67.70	-0.00	0.0603	10.45	459.6	394.76	0.0675	551.8	9.932	20.85	12.05	1.66
	38.19	34.60	67.70	-0.00	0.0603	10.39	457.2	392.70	0.0678	552.5	9.946	20.88	12.07	1.67
	39.20	34.60	67.70	0.00	0.0604	10.42	458.3	393.66	0.0676	551.8	9.932	20.85	12.04	1.67
	40.19	34.61	67.70	-0.00	0.0604	10.44	459.2	394.46	0.0667	539.2	9.706	20.38	11.70	1.66
	41.17	34.58	67.68	0.00	0.0605	10.46	460.2	395.43	0.0666	537.2	9.669	20.31	11.64	1.66
	42.18	34.58	67.70	-0.00	0.0604	10.43	459.1	394.33	0.0682	561.8	10.112	21.23	12.32	1.67
	43.18	34.60	67.70	0.00	0.0603	10.41	458.3	393.61	0.0672	548.4	9.871	20.72	11.95	1.66
	44.18	34.59	67.67	-0.00	0.0605	10.47	460.9	395.99	0.0659	529.6	9.533	20.02	11.42	1.67
	45.16	34.61	67.72	0.00	0.0604	10.44	459.5	394.55	0.0667	537.5	9.676	20.31	11.65	1.67
	46.16	34.55	67.70	0.00	0.0604	10.43	458.8	393.99	0.0663	542.3	9.761	20.49	11.78	1.66
	47.17	34.58	67.70	0.00	0.0604	10.43	458.7	393.98	0.0664	535.9	9.646	20.25	11.60	1.66
	48.17	34.59	67.70	-0.00	0.0604	10.46	460.3	395.30	0.0666	535.8	9.644	20.25	11.60	1.66
	49.17	34.56	67.70	0.00	0.0604	10.44	459.3	394.47	0.0672	543.8	9.789	20.55	11.82	1.66
	50.19	34.57	67.72	-0.00	0.0602	10.43	459.1	394.17	0.0677	551.9	9.935	20.85	12.05	1.67
	51.18	34.57	67.73	-0.00	0.0603	10.45	459.8	394.70	0.0676	548.3	9.869	20.71	11.95	1.66
	52.18	34.60	67.70	0.00	0.0602	10.44	459.5	394.67	0.0681	556.2	10.012	21.02	12.17	1.66
	53.18	34.57	67.70	0.00	0.0603	10.43	459.1	394.31	0.0684	560.4	10.087	21.18	12.28	1.67
	54.18	34.61	67.72	-0.00	0.0603	10.44	459.4	394.48	0.0682	559.2	10.066	21.13	12.25	1.66
	55.16	34.58	67.70	0.00	0.0604	10.45	459.8	394.88	0.0684	560.4	10.087	21.18	12.28	1.66
	56.18	34.58	67.70	0.00	0.0602	10.43	458.8	394.06	0.0681	558.8	10.058	21.11	12.23	1.67
	57.25	34.63	67.70	-0.00	0.0604	10.44	459.4	394.64	0.0697	575.8	10.364	21.76	12.69	1.66
	58.16	34.58	67.71	0.00	0.0604	10.43	459.1	394.27	0.0688	566.6	10.199	21.41	12.45	1.67
	59.19	34.61	67.70	-0.00	0.0603	10.44	459.2	394.41	0.0684	561.2	10.102	21.21	12.30	1.67
	60.20	34.57	67.70	-0.00	0.0604	10.44	459.2	394.39	0.0688	562.2	10.120	21.25	12.33	1.66
	61.17	34.58	67.75	0.00	0.0603	10.43	459.1	394.02	0.0682	558.2	10.048	21.08	12.22	1.66
	62.18	34.58	67.72	-0.00	0.0604	10.44	459.2	394.24	0.0684	558.5	10.053	21.10	12.23	1.67
	63.16	34.60	67.72	0.00	0.0603	10.45	459.9	394.86	0.0686	559.9	10.079	21.15	12.27	1.66
	64.18	34.58	67.70	0.00	0.0603	10.44	459.4	394.53	0.0683	558.3	10.050	21.10	12.22	1.66
	65.16	34.58	67.73	0.00	0.0605	10.45	459.8	394.78	0.0699	578.6	10.414	21.86	12.77	1.66
	66.18	34.58	67.68	-0.00	0.0603	10.46	460.1	395.30	0.0699	579.2	10.426	21.90	12.78	1.66
	67.17	34.60	67.70	0.00	0.0604	10.45	459.7	394.85	0.0701	581.0	10.457	21.96	12.83	1.67
	68.17	34.58	67.70	0.00	0.0602	10.41	458.1	393.47	0.0722	600.2	10.804	22.68	13.33	1.67
	69.17	34.58	67.70	0.00	0.0603	10.43	459.0	394.16	0.0728	615.0	11.071	23.24	13.70	1.66
	70.17	34.57	67.68	0.00	0.0602	10.38	456.9	392.52	0.0726	615.0	11.070	23.25	13.70	1.67
	71.18	34.58	67.72	-0.00	0.0601	10.40	457.5	392.82	0.0723	604.8	10.887	22.85	13.44	1.66
	72.18	34.58	67.72	-0.00	0.0600	10.35	455.5	391.08	0.0713	596.5	10.737	22.53	13.23	1.66
	73.18	34.55	67.68	-0.00	0.0600	10.35	455.2	391.06	0.0701	588.0	10.584	22.23	13.01	1.67
	74.18	34.56	67.70	-0.00	0.0599	10.36	455.8	391.40	0.0691	567.3	10.212	21.44	12.47	1.66
	75.18	34.53	67.70	-0.00	0.0600	10.35	455.6	391.25	0.0697	574.8	10.347	21.72	12.66	1.66
	76.18	34.59	67.70	0.00	0.0600	10.37	456.3	391.89	0.0694	569.0	10.243	21.50	12.51	1.66
	77.19	34.56	67.72	-0.00	0.0601	10.37	456.2	391.69	0.0692	571.8	10.293	21.60	12.59	1.66
	78.17	34.59	67.70	0.00	0.0601	10.38	456.6	392.18	0.0694	568.3	10.229	21.48	12.49	1.66
	79.17	34.56	67.70	0.00	0.0599	10.35	455.2	390.91	0.0688	567.8	10.220	21.45	12.48	1.67
	80.17	34.55	67.72	0.00	0.0600	10.36	455.7	391.18	0.0690	569.9	10.259	21.53	12.53	1.66
	81.17	34.55	67.70	0.00	0.0601	10.34	455.0	390.70	0.0693	566.1	10.189	21.39	12.43	1.66
	82.17	34.56	67.70	0.00	0.0602	10.39	457.0	392.42	0.0691	568.1	10.225	21.46	12.48	1.66
	83.18	34.58	67.72	0.00	0.0603	10.42	458.5	393.66	0.0677	561.0	10.098	21.19	12.30	1.67
	84.16	34.56	67.68	0.00	0.0606	10.49	461.3	396.33	0.0673	540.1	9.722	20.42	11.72	1.66
	85.18	34.57	67.68	0.00	0.0602	10.43	458.8	394.21	0.0683	556.7	10.021	21.05	12.18	1.67
	86.17	34.58	67.72	-0.00	0.0604	10.43	458.8	393.93	0.0684	561.3	10.104	21.21	12.30	1.66
	87.16	34.57	67.73	0.00	0.0600	10.38	456.7	392.10	0.0696	573.7	10.326	21.67	12.63	1.66
	88.19	34.59	67.67	0.00	0.0601	10.40	457.5	393.11	0.0695	567.3	10.211	21.45	12.46	1.67
	89.17	34.53	67.72	0.00	0.0602	10.44	459.5	394.46	0.0692	566.0	10.187	21.38	12.43	1.67
	90.17	34.59	67.73	0.00	0.0599	10.40	457.5	392.77	0.0698	570.8	10.274	21.56	12.56	1.67
	91.17	34.58	67.73	0.00	0.0604	10.42	458.4	393.57	0.0691	569.3	10.247	21.50	12.52	1.67
	92.18	34.56	67.70	-0.00	0.0602	10.43	458.9	394.07	0.0694	561.8	10.113	21.23	12.32	1.66
	93.16	34.56	67.72	0.00	0.0601	10.35	455.6	391.13	0.0704	593.8	10.688	22.43	13.16	1.66
	94.16	34.56	67.72	0.00	0.0602	10.37	456.3	391.73	0.0702	576.7	10.381	21.78	12.71	1.66
	95.16	34.56	67.68	-0.00	0.0603	10.48	461.0	396.09	0.0687	554.4	9.979	20.96	12.11	1.67
	96.17	34.59	67.70	0.00	0.0603	10.42	458.6	393.89	0.0701	574.1	10.333	21.69	12.65	1.67
	97.17	34.59	67.73	0.00	0.0603	10.41	458.2	393.42	0.0723	610.0	10.979	23.04	13.57	1.67
	98.19	34.51	67.68	0.00	0.0602	10.40	457.6	393.09	0.0726	616.5	11.097	23.30	13.74	1.66
	99.17	34.53	67.70	-0.00	0.0603	10.43	459.1	394.21	0.0717	592.2	10.659	22.37	13.12	1.66
	100.17	34.56	67.70	0.00	0.0601	10.39	457.1	392.57	0.0717	602.5	10.846	22.77	13.39	1.66
	101.17	34.51	67.70	0.00	0.0602	10.40	457.8	393.08	0.0718	600.7	10.812	22.69	13.34	1.67
	102.17	34.49	67.70	-0.00	0.0601	10.39	457.4	392.70	0.0729	614.4	11.059	23.21	13.68	1.67
	103.18	34.49	67.70	0.00	0.0602	10.41	457.9	393.12	0.0721	612.6	11.027	23.14	13.64	1.67
	104.19	34.52	67.70	-0.00	0.0601	10.38	456.8	392.24	0.0720	604.8	10.886	22.85	13.44	1.66
	105.18	34.49	67.72	0.00	0.0600	10.36	455.8	391.23	0.0703	588.6	10.595	22.23	13.02	1.66
	106.16	34.52	67.70	0.00	0.0602	10.43	458.8	393.98	0.0678	549.0	9.881	20.74	11.96	1.67
	107.16	34.49	67.70	0.00	0.0600	10.37	456.2	391.72	0.0692	571.8	10.292	21.60	12.58	1.67
	108.19	34.47	67.70	-0.00	0.0601	10.41	457.8	393.07	0.0692	567.0	10.205	21.42	12.45	1.67
	109.17	34.47	67.72	0.00	0.0600	10.38	456.8	392.07	0.0712	586.3	10.554	22.14	12.96	1.66
	110.18	34.42	67.70	-0.00	0.0600	10.38	456.6	391.92	0.0715	595.7	10.722	22.50	13.20	1.67
	111.17	34.45	67.68	0.00	0.0601	10.37	456.1	391.68	0.0720	604.5	10.881	22.84	13.43	1.66
	112.18	34.45	67.75	0.00	0.0601	10.37	456.1	391.34	0.0711	591.0	10.638	22.31	13.08	1.66
	113.18	34.46	67.72	-0.00	0.0600	10.38	456.8	392.05	0.0723	602.0	10.836	22.73	13.37	1.67
	114.16	34.42	67.73	0.00	0.0599	10.35	455.6	390.96	0.0738	627.4	11.294	23.69	14.00	1.67
	115.19	34.46	67.70	-0.00	0.0600	10.36	455.9	391.38	0.0735	624.8	11.247	23.60	13.94	1.66
	116.17	34.43	67.70	-0.00	0.0602	10.39	457.3	392.56	0.0727	613.2	11.037	23.16	13.65	1.66
	117.17	34.44	67.73	-0.00	0.0601	10.39	457.2	392.34	0.0719	604.2	10.875	22.81	13.42	1.67
