Jul 25 2015 at 9:51:50
Frequency: 1.00Hz.
CO2
Zero:  Value:0.95  Date:18 Mar 2005	 at 07:22:33	
Span:  Value:1.00  Date:18 Mar 2005	 at 07:25:09	
H2O
Zero:  Value:0.71  Date:18 Mar 2005	 at 07:52:31	
Span:  Value:0.99  Date:18 Mar 2005	 at 11:44:01	
	Relative Time	Temperature	Pressure	Aux Input	CO2 Absorptance	CO2 mmol/m3	CO2 mg/m3	CO2 umol/mol	H2O Absorptance	H2O mmol/m3	H2O g/m3	H2O mmol/mol	H2O(°C)	Cooler Voltage
	0.66	19.33	67.81	0.00	0.0627	10.95	482.0	392.82	0.0545	405.3	7.296	14.54	6.70	1.51
	1.67	19.31	67.81	-0.00	0.0627	10.96	482.0	392.84	0.0543	398.5	7.173	14.29	6.46	1.52
	2.65	19.28	67.81	0.00	0.0626	10.93	481.0	391.93	0.0547	406.8	7.323	14.59	6.76	1.52
	3.68	19.31	67.81	0.00	0.0626	10.95	481.7	392.59	0.0551	408.0	7.345	14.63	6.80	1.52
	4.68	19.30	67.81	-0.00	0.0624	10.92	480.4	391.50	0.0559	415.2	7.473	14.89	7.05	1.52
	5.66	19.31	67.81	-0.00	0.0625	10.92	480.6	391.69	0.0557	416.7	7.500	14.94	7.11	1.52
	6.68	19.31	67.83	-0.00	0.0624	10.91	480.0	391.02	0.0551	410.7	7.392	14.72	6.90	1.52
	7.66	19.29	67.81	0.00	0.0622	10.85	477.3	388.94	0.0549	406.7	7.320	14.58	6.75	1.52
	8.66	19.29	67.81	0.00	0.0622	10.87	478.3	389.79	0.0549	408.9	7.359	14.66	6.83	1.52
	9.66	19.31	67.81	0.00	0.0622	10.83	476.5	388.32	0.0551	408.1	7.346	14.63	6.80	1.52
	10.65	19.28	67.83	0.00	0.0625	10.92	480.5	391.46	0.0554	412.6	7.426	14.79	6.96	1.52
	11.65	19.29	67.81	0.00	0.0622	10.88	478.6	389.98	0.0564	429.0	7.722	15.38	7.53	1.51
	12.65	19.31	67.78	0.00	0.0622	10.87	478.5	390.10	0.0583	444.9	8.007	15.96	8.07	1.51
	13.67	19.30	67.81	-0.00	0.0622	10.87	478.1	389.61	0.0592	452.3	8.142	16.22	8.31	1.52
	14.66	19.30	67.81	0.00	0.0620	10.82	476.3	388.11	0.0597	459.5	8.270	16.47	8.54	1.52
	15.66	19.33	67.81	0.00	0.0622	10.85	477.4	389.08	0.0575	436.1	7.851	15.64	7.78	1.51
	16.68	19.31	67.81	-0.00	0.0621	10.82	475.9	387.88	0.0579	439.9	7.918	15.77	7.90	1.51
	17.68	19.31	67.81	-0.00	0.0619	10.77	474.0	386.27	0.0590	451.2	8.121	16.18	8.27	1.51
	18.66	19.33	67.81	0.00	0.0619	10.82	475.9	387.86	0.0590	445.8	8.025	15.99	8.10	1.51
	19.67	19.33	67.83	-0.00	0.0621	10.80	475.2	387.19	0.0583	446.4	8.034	16.00	8.12	1.52
	20.67	19.33	67.83	-0.00	0.0621	10.84	477.1	388.72	0.0583	445.2	8.014	15.96	8.08	1.52
	21.67	19.33	67.81	0.00	0.0616	10.76	473.6	385.97	0.0591	451.6	8.129	16.19	8.29	1.51
	22.65	19.29	67.81	-0.00	0.0618	10.75	473.2	385.58	0.0604	464.6	8.363	16.66	8.70	1.51
	23.67	19.31	67.81	0.00	0.0617	10.74	472.7	385.24	0.0603	465.8	8.385	16.71	8.75	1.51
	24.66	19.31	67.81	-0.00	0.0617	10.75	473.1	385.61	0.0592	451.6	8.130	16.20	8.29	1.51
	25.66	19.33	67.83	0.00	0.0618	10.78	474.2	386.35	0.0577	441.1	7.939	15.81	7.94	1.52
	26.66	19.33	67.81	-0.00	0.0620	10.76	473.6	386.00	0.0570	437.9	7.882	15.70	7.84	1.52
	27.66	19.33	67.78	0.00	0.0618	10.78	474.3	386.76	0.0598	457.8	8.240	16.42	8.49	1.51
	28.74	19.33	67.83	0.00	0.0618	10.73	472.2	384.69	0.0575	435.1	7.831	15.60	7.74	1.51
	29.67	19.33	67.81	-0.00	0.0617	10.75	472.8	385.32	0.0592	451.1	8.120	16.18	8.27	1.51
	30.65	19.33	67.85	-0.00	0.0618	10.78	474.5	386.49	0.0594	451.5	8.126	16.18	8.28	1.51
	31.67	19.36	67.81	-0.00	0.0618	10.77	474.1	386.43	0.0605	462.3	8.322	16.58	8.64	1.52
	32.65	19.33	67.81	0.00	0.0618	10.76	473.3	385.75	0.0608	472.1	8.498	16.93	8.94	1.52
	33.66	19.33	67.81	0.00	0.0616	10.73	472.3	384.96	0.0603	469.0	8.441	16.82	8.85	1.51
	34.66	19.33	67.81	0.00	0.0616	10.72	471.6	384.32	0.0616	483.4	8.701	17.34	9.29	1.52
	35.66	19.30	67.78	-0.00	0.0617	10.73	472.0	384.80	0.0624	488.6	8.795	17.53	9.45	1.51
	36.68	19.26	67.81	-0.00	0.0617	10.74	472.5	385.03	0.0620	487.2	8.769	17.47	9.41	1.51
	37.66	19.26	67.81	-0.00	0.0616	10.74	472.5	385.03	0.0614	473.0	8.514	16.96	8.97	1.52
	38.66	19.26	67.81	0.00	0.0618	10.79	474.6	386.76	0.0603	466.4	8.395	16.72	8.76	1.52
	39.66	19.29	67.81	0.00	0.0619	10.78	474.3	386.53	0.0604	467.5	8.416	16.76	8.80	1.51
	40.67	19.28	67.81	-0.00	0.0617	10.75	473.1	385.54	0.0606	469.0	8.443	16.82	8.85	1.51
	41.67	19.30	67.81	-0.00	0.0615	10.69	470.2	383.20	0.0608	472.0	8.496	16.92	8.94	1.51
	42.67	19.31	67.81	-0.00	0.0616	10.68	469.8	382.92	0.0611	472.8	8.511	16.96	8.97	1.51
	43.68	19.30	67.83	-0.00	0.0615	10.71	471.0	383.70	0.0628	490.8	8.835	17.59	9.52	1.52
	44.68	19.28	67.81	-0.00	0.0612	10.64	468.1	381.42	0.0627	491.9	8.854	17.64	9.55	1.52
	45.68	19.26	67.81	-0.00	0.0612	10.66	469.0	382.16	0.0630	485.5	8.740	17.41	9.36	1.51
	46.68	19.26	67.83	-0.00	0.0614	10.67	469.3	382.28	0.0623	488.0	8.784	17.49	9.43	1.51
	47.66	19.24	67.81	0.00	0.0614	10.67	469.6	382.62	0.0624	489.4	8.809	17.54	9.47	1.51
	48.75	19.26	67.83	-0.00	0.0615	10.70	470.8	383.44	0.0624	488.5	8.794	17.51	9.45	1.51
	49.66	19.26	67.81	0.00	0.0615	10.68	470.1	383.03	0.0628	492.3	8.861	17.65	9.56	1.52
	50.69	19.28	67.83	-0.00	0.0613	10.66	469.0	382.00	0.0635	503.0	9.053	18.03	9.88	1.51
	51.65	19.28	67.81	0.00	0.0612	10.62	467.4	380.91	0.0638	503.6	9.066	18.06	9.90	1.52
	52.65	19.28	67.81	0.00	0.0613	10.64	468.3	381.65	0.0637	506.0	9.108	18.14	9.97	1.52
	53.66	19.30	67.86	0.00	0.0611	10.59	465.9	379.41	0.0631	496.8	8.942	17.80	9.70	1.51
	54.65	19.33	67.81	0.00	0.0613	10.64	468.1	381.51	0.0648	514.8	9.266	18.46	10.23	1.51
	55.68	19.33	67.81	-0.00	0.0612	10.63	467.7	381.21	0.0650	520.1	9.361	18.65	10.38	1.52
	56.64	19.33	67.83	0.00	0.0611	10.59	466.1	379.78	0.0649	519.0	9.341	18.60	10.35	1.52
	57.67	19.33	67.83	-0.00	0.0611	10.60	466.6	380.14	0.0637	504.2	9.076	18.07	9.92	1.51
	58.66	19.31	67.81	-0.00	0.0612	10.60	466.5	380.23	0.0645	508.7	9.156	18.24	10.05	1.51
	59.67	19.33	67.81	0.00	0.0610	10.58	465.4	379.34	0.0651	519.2	9.345	18.62	10.36	1.51
	60.67	19.33	67.83	-0.00	0.0610	10.58	465.6	379.35	0.0651	521.9	9.394	18.71	10.44	1.52
	61.68	19.35	67.81	0.00	0.0610	10.59	465.9	379.78	0.0653	524.4	9.439	18.81	10.51	1.52
	62.67	19.33	67.81	0.00	0.0610	10.59	465.9	379.77	0.0656	523.5	9.422	18.77	10.48	1.52
	63.66	19.33	67.83	0.00	0.0610	10.59	465.8	379.55	0.0657	528.3	9.510	18.94	10.62	1.52
	64.66	19.35	67.81	0.00	0.0610	10.58	465.5	379.45	0.0653	521.9	9.395	18.72	10.44	1.52
	65.65	19.34	67.83	0.00	0.0609	10.56	464.8	378.69	0.0661	530.4	9.547	19.01	10.68	1.52
	66.67	19.33	67.81	-0.00	0.0609	10.55	464.3	378.44	0.0656	530.0	9.540	19.01	10.67	1.52
	67.66	19.31	67.81	0.00	0.0608	10.55	464.1	378.22	0.0658	523.7	9.426	18.78	10.49	1.52
	68.66	19.33	67.81	0.00	0.0609	10.55	464.4	378.48	0.0661	528.3	9.510	18.95	10.62	1.52
	69.66	19.33	67.81	-0.00	0.0609	10.54	463.9	378.13	0.0659	531.8	9.573	19.07	10.72	1.51
	70.65	19.33	67.81	0.00	0.0607	10.51	462.6	377.05	0.0669	540.0	9.720	19.37	10.95	1.52
	71.65	19.33	67.83	0.00	0.0607	10.54	463.7	377.79	0.0672	536.7	9.661	19.24	10.86	1.52
	72.67	19.35	67.81	-0.00	0.0604	10.51	462.3	376.80	0.0687	557.0	10.026	19.98	11.42	1.52
	73.68	19.35	67.81	-0.00	0.0607	10.52	462.7	377.12	0.0676	545.5	9.819	19.56	11.10	1.52
	74.74	19.34	67.83	0.00	0.0606	10.50	461.9	376.36	0.0677	547.5	9.854	19.63	11.16	1.52
	75.66	19.35	67.81	0.00	0.0606	10.48	461.3	375.99	0.0678	554.9	9.988	19.90	11.36	1.52
	76.66	19.33	67.81	0.00	0.0606	10.50	461.9	376.49	0.0667	540.3	9.725	19.38	10.96	1.52
	77.67	19.33	67.81	-0.00	0.0605	10.48	461.3	375.96	0.0670	539.4	9.710	19.35	10.93	1.52
	78.66	19.35	67.81	-0.00	0.0607	10.52	462.8	377.26	0.0658	527.8	9.501	18.93	10.61	1.52
	79.64	19.35	67.84	0.00	0.0605	10.48	461.2	375.72	0.0672	545.4	9.818	19.55	11.10	1.52
	80.67	19.34	67.81	0.00	0.0606	10.48	461.0	375.73	0.0669	544.5	9.802	19.53	11.08	1.52
	81.67	19.33	67.81	-0.00	0.0602	10.37	456.1	371.75	0.0698	575.3	10.355	20.63	11.91	1.52
	82.67	19.38	67.81	0.00	0.0605	10.47	460.6	375.47	0.0674	548.0	9.864	19.66	11.17	1.52
	83.73	19.36	67.83	0.00	0.0599	10.36	455.7	371.34	0.0697	574.5	10.341	20.60	11.89	1.52
	84.66	19.35	67.83	-0.00	0.0596	10.29	452.8	368.94	0.0715	594.4	10.699	21.31	12.40	1.52
	85.66	19.36	67.85	0.00	0.0593	10.19	448.1	365.05	0.0725	612.9	11.033	21.97	12.87	1.52
	86.64	19.35	67.81	0.00	0.0599	10.31	453.8	369.85	0.0696	580.5	10.449	20.82	12.04	1.52
	87.69	19.35	67.81	-0.00	0.0600	10.37	456.4	372.02	0.0693	569.2	10.246	20.41	11.75	1.52
	88.66	19.36	67.81	0.00	0.0604	10.43	458.9	374.03	0.0674	552.4	9.942	19.81	11.29	1.52
	89.65	19.35	67.81	0.00	0.0602	10.41	458.1	373.42	0.0680	554.7	9.984	19.89	11.35	1.52
	90.67	19.36	67.81	0.00	0.0603	10.44	459.4	374.46	0.0673	545.9	9.826	19.58	11.11	1.52
	91.65	19.36	67.81	0.00	0.0612	10.48	461.2	375.96	0.0619	532.3	9.582	19.09	10.74	1.52
	92.67	19.38	67.81	0.00	0.0613	10.66	469.0	382.29	0.0617	479.6	8.632	17.20	9.18	1.52
	93.65	19.38	67.83	0.00	0.0615	10.70	470.9	383.73	0.0614	475.8	8.564	17.06	9.06	1.52
	94.74	19.39	67.81	-0.00	0.0612	10.66	468.8	382.20	0.0623	481.5	8.668	17.27	9.24	1.52
	95.68	19.38	67.81	-0.00	0.0613	10.66	468.9	382.19	0.0617	475.5	8.559	17.06	9.05	1.52
	96.67	19.38	67.81	-0.00	0.0606	10.49	461.7	376.36	0.0658	525.6	9.460	18.85	10.55	1.52
	97.67	19.41	67.83	-0.00	0.0605	10.47	460.6	375.37	0.0662	533.9	9.610	19.15	10.78	1.52
	98.67	19.38	67.83	-0.00	0.0602	10.42	458.6	373.69	0.0669	542.4	9.764	19.45	11.02	1.52
	99.67	19.40	67.83	-0.00	0.0604	10.45	459.7	374.65	0.0667	540.0	9.720	19.36	10.95	1.52
	100.65	19.39	67.81	0.00	0.0606	10.47	460.7	375.57	0.0666	535.2	9.634	19.20	10.82	1.52
	101.65	19.38	67.81	-0.00	0.0603	10.43	458.8	373.98	0.0667	540.4	9.728	19.38	10.96	1.52
	102.67	19.43	67.81	0.00	0.0602	10.41	458.0	373.37	0.0671	545.0	9.811	19.55	11.09	1.52
	103.66	19.43	67.81	0.00	0.0602	10.40	457.4	372.91	0.0674	548.8	9.878	19.69	11.20	1.52
	104.66	19.41	67.85	0.00	0.0602	10.39	457.0	372.30	0.0677	551.5	9.928	19.77	11.27	1.52
	105.66	19.46	67.81	0.00	0.0601	10.38	456.9	372.55	0.0681	555.4	9.997	19.93	11.38	1.52
	106.67	19.48	67.81	-0.00	0.0604	10.41	458.2	373.63	0.0668	547.0	9.847	19.63	11.15	1.52
	107.66	19.50	67.83	0.00	0.0609	10.51	462.3	376.87	0.0637	523.4	9.421	18.77	10.49	1.52
	108.67	19.49	67.83	0.00	0.0607	10.55	464.1	378.28	0.0644	508.4	9.150	18.23	10.05	1.52
	109.67	19.48	67.78	-0.00	0.0603	10.42	458.4	373.93	0.0665	542.1	9.758	19.46	11.02	1.52
	110.65	19.48	67.81	-0.00	0.0603	10.43	459.0	374.27	0.0674	542.3	9.761	19.46	11.02	1.52
	111.65	19.46	67.81	0.00	0.0603	10.43	458.9	374.21	0.0666	536.6	9.658	19.25	10.86	1.52
	112.65	19.44	67.80	0.00	0.0603	10.43	459.0	374.27	0.0671	541.1	9.739	19.41	10.99	1.52
	113.66	19.46	67.83	-0.00	0.0602	10.41	458.2	373.49	0.0671	544.2	9.795	19.52	11.07	1.52
	114.66	19.45	67.78	-0.00	0.0600	10.37	456.2	372.11	0.0679	551.9	9.934	19.81	11.28	1.52
	115.67	19.44	67.80	0.00	0.0601	10.36	455.8	371.65	0.0683	558.4	10.050	20.03	11.46	1.52
	116.66	19.45	67.81	0.00	0.0601	10.38	456.7	372.40	0.0688	562.2	10.119	20.17	11.56	1.52
	117.75	19.43	67.76	-0.00	0.0601	10.39	457.2	373.03	0.0684	558.0	10.045	20.03	11.45	1.52
	118.66	19.43	67.81	0.00	0.0601	10.38	456.9	372.49	0.0682	556.8	10.023	19.98	11.42	1.52
	119.67	19.46	67.83	0.00	0.0599	10.34	455.0	370.89	0.0690	569.3	10.247	20.42	11.75	1.52
	120.67	19.48	67.81	0.00	0.0600	10.36	455.9	371.77	0.0690	564.4	10.159	20.25	11.62	1.52
	121.65	19.48	67.81	0.00	0.0597	10.32	454.3	370.44	0.0705	577.4	10.393	20.72	11.97	1.52
	122.66	19.48	67.83	-0.00	0.0599	10.33	454.5	370.53	0.0702	577.7	10.398	20.72	11.98	1.52
