Jul 25 2015 at 17:00:02
Frequency: 1.00Hz.
CO2
Zero:  Value:0.95  Date:18 Mar 2005	 at 07:22:33	
Span:  Value:1.00  Date:18 Mar 2005	 at 07:25:09	
H2O
Zero:  Value:0.71  Date:18 Mar 2005	 at 07:52:31	
Span:  Value:0.99  Date:18 Mar 2005	 at 11:44:01	
	Relative Time	Temperature	Pressure	Aux Input	CO2 Absorptance	CO2 mmol/m3	CO2 mg/m3	CO2 umol/mol	H2O Absorptance	H2O mmol/m3	H2O g/m3	H2O mmol/mol	H2O(°C)	Cooler Voltage
	0.78	34.61	67.67	0.00	0.0616	10.73	472.1	405.72	0.0551	410.1	7.382	15.51	7.62	1.63
	1.79	34.61	67.66	-0.00	0.0616	10.72	471.5	405.27	0.0546	401.8	7.233	15.20	7.32	1.63
	2.79	34.61	67.67	0.00	0.0615	10.70	470.8	404.58	0.0545	404.5	7.280	15.29	7.42	1.63
	3.79	34.64	67.70	0.00	0.0615	10.69	470.5	404.15	0.0546	405.9	7.306	15.34	7.47	1.64
	4.87	34.61	67.65	-0.00	0.0615	10.71	471.1	404.97	0.0548	406.8	7.323	15.39	7.50	1.63
	5.79	34.58	67.62	-0.00	0.0615	10.70	470.7	404.76	0.0557	410.9	7.396	15.55	7.65	1.63
	6.77	34.59	67.68	0.00	0.0615	10.70	470.6	404.37	0.0551	413.3	7.439	15.63	7.73	1.63
	7.86	34.58	67.65	-0.00	0.0615	10.68	469.9	403.86	0.0546	404.5	7.282	15.30	7.42	1.63
	8.78	34.56	67.67	-0.00	0.0615	10.71	471.1	404.74	0.0544	404.1	7.274	15.28	7.40	1.64
	9.78	34.58	67.65	0.00	0.0615	10.70	470.9	404.79	0.0542	401.2	7.221	15.17	7.30	1.63
	10.81	34.61	67.68	0.00	0.0616	10.72	471.8	405.41	0.0527	386.4	6.955	14.61	6.75	1.63
	11.79	34.60	67.70	0.00	0.0616	10.70	470.9	404.45	0.0530	398.5	7.174	15.06	7.20	1.63
	12.79	34.60	67.67	0.00	0.0615	10.70	470.9	404.63	0.0545	402.3	7.241	15.21	7.34	1.63
	13.78	34.60	67.68	0.00	0.0616	10.70	470.7	404.47	0.0538	402.4	7.242	15.21	7.34	1.63
	14.79	34.61	67.68	0.00	0.0615	10.70	470.7	404.44	0.0551	408.1	7.347	15.43	7.55	1.64
	15.77	34.69	67.67	0.00	0.0615	10.70	471.0	404.85	0.0567	424.0	7.633	16.04	8.11	1.63
	16.79	34.68	67.66	0.00	0.0615	10.69	470.5	404.46	0.0566	423.8	7.629	16.03	8.11	1.63
	17.78	34.63	67.67	0.00	0.0614	10.69	470.4	404.26	0.0565	422.9	7.613	15.99	8.07	1.63
	18.80	34.58	67.67	-0.00	0.0614	10.68	470.1	403.91	0.0564	424.3	7.637	16.04	8.12	1.63
	19.80	34.59	67.68	-0.00	0.0614	10.68	469.7	403.59	0.0566	425.6	7.662	16.09	8.17	1.63
	20.78	34.61	67.65	0.00	0.0612	10.63	467.9	402.19	0.0568	428.2	7.708	16.20	8.25	1.63
	21.79	34.61	67.68	0.00	0.0612	10.63	467.9	402.05	0.0579	438.5	7.893	16.58	8.60	1.63
	22.79	34.61	67.70	-0.00	0.0614	10.67	469.4	403.16	0.0580	443.0	7.975	16.74	8.76	1.63
	23.81	34.60	67.68	-0.00	0.0613	10.64	468.3	402.35	0.0579	438.0	7.883	16.56	8.59	1.63
	24.80	34.56	67.65	0.00	0.0608	10.59	466.1	400.57	0.0600	453.5	8.163	17.15	9.10	1.63
	25.79	34.54	67.67	-0.00	0.0609	10.55	464.2	398.77	0.0591	460.4	8.287	17.40	9.32	1.63
	26.79	34.47	67.67	-0.00	0.0612	10.61	467.0	401.12	0.0584	447.3	8.051	16.90	8.89	1.63
	27.80	34.47	67.67	0.00	0.0612	10.62	467.3	401.36	0.0586	449.6	8.093	16.99	8.97	1.63
	28.78	34.49	67.68	0.00	0.0611	10.61	466.8	400.89	0.0586	447.2	8.049	16.90	8.89	1.63
	29.77	34.54	67.65	0.00	0.0611	10.59	465.8	400.34	0.0585	447.6	8.057	16.93	8.91	1.63
	30.78	34.51	67.65	0.00	0.0610	10.57	465.0	399.63	0.0595	454.6	8.182	17.19	9.13	1.63
	31.81	34.52	67.70	-0.00	0.0610	10.58	465.5	399.72	0.0595	460.5	8.288	17.40	9.32	1.63
	32.79	34.45	67.65	-0.00	0.0608	10.55	464.4	398.97	0.0596	458.4	8.252	17.33	9.25	1.63
	33.87	34.54	67.70	0.00	0.0609	10.56	464.7	399.07	0.0597	459.4	8.269	17.36	9.29	1.63
	34.79	34.53	67.67	0.00	0.0609	10.53	463.4	398.13	0.0594	454.7	8.185	17.19	9.14	1.63
	35.79	34.53	67.65	0.00	0.0608	10.52	463.0	397.94	0.0600	460.2	8.284	17.40	9.32	1.63
	36.78	34.57	67.65	0.00	0.0608	10.53	463.3	398.23	0.0604	466.9	8.405	17.66	9.53	1.63
	37.80	34.51	67.70	-0.00	0.0605	10.52	462.8	397.44	0.0607	472.1	8.498	17.84	9.70	1.63
	38.80	34.51	67.65	-0.00	0.0606	10.48	461.3	396.44	0.0609	466.7	8.400	17.65	9.52	1.63
	39.86	34.50	67.65	0.00	0.0608	10.54	463.7	398.43	0.0615	481.3	8.663	18.20	9.98	1.63
	40.78	34.50	67.70	0.00	0.0606	10.50	461.9	396.64	0.0611	477.5	8.595	18.04	9.86	1.63
	41.78	34.51	67.68	0.00	0.0607	10.52	463.1	397.79	0.0621	486.3	8.753	18.38	10.14	1.63
	42.78	34.47	67.70	0.00	0.0607	10.51	462.5	397.06	0.0618	484.0	8.711	18.28	10.06	1.63
	43.79	34.52	67.65	-0.00	0.0607	10.52	462.7	397.67	0.0620	483.7	8.706	18.29	10.06	1.63
	44.77	34.46	67.67	0.00	0.0606	10.51	462.4	397.13	0.0622	486.7	8.761	18.39	10.15	1.63
	45.77	34.51	67.67	0.00	0.0606	10.50	462.2	397.05	0.0628	494.8	8.907	18.70	10.40	1.63
	46.78	34.46	67.67	-0.00	0.0606	10.49	461.4	396.32	0.0627	489.7	8.814	18.51	10.24	1.63
	47.78	34.51	67.65	0.00	0.0605	10.48	461.3	396.39	0.0630	494.7	8.905	18.71	10.39	1.63
	48.80	34.48	67.65	-0.00	0.0603	10.45	459.8	395.08	0.0629	493.9	8.890	18.67	10.37	1.63
	49.80	34.50	67.62	-0.00	0.0604	10.44	459.5	395.03	0.0632	498.2	8.968	18.85	10.50	1.63
	50.78	34.45	67.67	0.00	0.0603	10.41	458.2	393.56	0.0637	503.3	9.060	19.02	10.65	1.63
	51.79	34.52	67.67	-0.00	0.0603	10.43	458.9	394.26	0.0639	502.6	9.047	19.00	10.63	1.63
	52.87	34.49	67.67	0.00	0.0603	10.44	459.2	394.42	0.0644	516.9	9.303	19.53	11.05	1.63
	53.77	34.47	67.67	0.00	0.0602	10.42	458.4	393.71	0.0638	507.6	9.137	19.18	10.78	1.63
	54.79	34.49	67.65	-0.00	0.0602	10.42	458.3	393.81	0.0648	518.1	9.325	19.59	11.09	1.63
	55.80	34.50	67.65	-0.00	0.0602	10.40	457.8	393.37	0.0660	526.7	9.481	19.91	11.34	1.63
	56.78	34.50	67.68	-0.00	0.0602	10.41	458.0	393.44	0.0651	522.6	9.406	19.75	11.22	1.63
	57.78	34.50	67.68	-0.00	0.0602	10.39	457.4	392.87	0.0650	519.4	9.350	19.63	11.13	1.63
	58.78	34.47	67.67	0.00	0.0602	10.41	458.0	393.38	0.0651	522.3	9.402	19.74	11.21	1.63
	59.86	34.52	67.70	-0.00	0.0601	10.38	456.9	392.33	0.0653	525.1	9.453	19.84	11.29	1.63
	60.78	34.51	67.72	-0.00	0.0601	10.38	456.5	391.90	0.0665	538.2	9.688	20.33	11.66	1.63
	61.79	34.53	67.68	0.00	0.0600	10.34	455.0	390.91	0.0652	523.2	9.418	19.78	11.24	1.63
	62.79	34.54	67.70	0.00	0.0600	10.37	456.1	391.73	0.0664	526.8	9.482	19.90	11.34	1.63
	63.79	34.54	67.68	-0.00	0.0601	10.37	456.4	392.08	0.0674	550.3	9.906	20.80	12.00	1.63
	64.77	34.54	67.67	0.00	0.0600	10.36	456.0	391.80	0.0676	548.3	9.869	20.73	11.95	1.63
	65.79	34.56	67.67	0.00	0.0600	10.36	456.0	391.75	0.0677	552.4	9.944	20.88	12.06	1.63
	66.78	34.51	67.65	0.00	0.0599	10.35	455.4	391.30	0.0678	552.0	9.936	20.87	12.05	1.63
	67.78	34.56	67.65	-0.00	0.0598	10.34	454.8	390.85	0.0684	553.9	9.970	20.95	12.10	1.63
	68.78	34.53	67.67	0.00	0.0598	10.33	454.7	390.61	0.0683	556.4	10.015	21.03	12.17	1.63
	69.78	34.53	67.63	-0.00	0.0597	10.31	453.5	389.89	0.0685	563.7	10.147	21.32	12.37	1.63
	70.78	34.56	67.68	0.00	0.0597	10.29	452.9	389.09	0.0678	552.8	9.951	20.90	12.07	1.63
	71.78	34.56	67.68	0.00	0.0598	10.32	454.2	390.25	0.0682	551.4	9.925	20.84	12.03	1.63
	72.78	34.57	67.67	0.00	0.0598	10.31	453.8	389.87	0.0687	565.3	10.176	21.37	12.41	1.63
	73.87	34.56	67.68	-0.00	0.0597	10.31	453.4	389.54	0.0682	558.6	10.055	21.12	12.23	1.63
	74.79	34.56	67.73	-0.00	0.0598	10.31	453.4	389.28	0.0676	549.2	9.886	20.75	11.97	1.63
	75.77	34.56	67.68	0.00	0.0599	10.31	453.5	389.63	0.0677	557.4	10.033	21.07	12.20	1.63
	76.78	34.53	67.68	0.00	0.0597	10.30	453.1	389.26	0.0685	557.1	10.027	21.06	12.19	1.63
	77.80	34.59	67.70	-0.00	0.0598	10.30	453.0	389.10	0.0688	559.3	10.067	21.14	12.25	1.63
	78.78	34.50	67.67	0.00	0.0596	10.27	451.9	388.19	0.0685	557.5	10.035	21.07	12.20	1.63
	79.80	34.50	67.70	-0.00	0.0597	10.28	452.4	388.44	0.0692	574.1	10.334	21.69	12.64	1.63
	80.79	34.56	67.68	0.00	0.0596	10.27	451.8	388.17	0.0693	573.6	10.324	21.68	12.63	1.63
	81.79	34.54	67.72	-0.00	0.0596	10.28	452.2	388.26	0.0700	580.6	10.450	21.93	12.82	1.63
	82.77	34.51	67.70	0.00	0.0597	10.29	452.9	388.88	0.0698	577.1	10.387	21.80	12.72	1.63
	83.80	34.54	67.67	-0.00	0.0597	10.28	452.5	388.75	0.0698	577.7	10.399	21.84	12.74	1.63
	84.79	34.54	67.66	0.00	0.0596	10.28	452.4	388.76	0.0696	575.6	10.361	21.77	12.69	1.63
	85.77	34.56	67.70	0.00	0.0595	10.26	451.2	387.56	0.0708	587.7	10.578	22.21	13.00	1.63
	86.80	34.54	67.70	-0.00	0.0594	10.23	450.0	386.47	0.0707	585.2	10.533	22.11	12.94	1.63
	87.78	34.58	67.65	0.00	0.0594	10.23	450.0	386.73	0.0716	596.5	10.737	22.56	13.23	1.63
	88.77	34.58	67.70	0.00	0.0594	10.21	449.4	385.99	0.0709	590.6	10.631	22.32	13.08	1.63
	89.78	34.61	67.67	0.00	0.0594	10.24	450.4	387.01	0.0713	595.6	10.720	22.52	13.21	1.63
	90.78	34.62	67.70	0.00	0.0593	10.21	449.2	385.88	0.0713	595.6	10.721	22.51	13.21	1.63
	91.79	34.59	67.65	-0.00	0.0595	10.22	449.8	386.63	0.0718	599.3	10.788	22.67	13.30	1.63
	92.81	34.59	67.73	-0.00	0.0594	10.24	450.5	386.74	0.0720	605.8	10.904	22.88	13.47	1.63
	93.80	34.61	67.68	-0.00	0.0595	10.23	450.1	386.72	0.0720	605.8	10.904	22.90	13.47	1.63
	94.79	34.61	67.70	0.00	0.0594	10.24	450.5	386.93	0.0719	601.3	10.824	22.73	13.36	1.63
	95.78	34.60	67.68	0.00	0.0593	10.21	449.2	385.97	0.0717	601.2	10.821	22.73	13.35	1.63
	96.80	34.62	67.68	-0.00	0.0594	10.23	450.1	386.79	0.0717	598.8	10.779	22.64	13.29	1.63
	97.80	34.65	67.70	-0.00	0.0593	10.22	449.8	386.43	0.0718	601.0	10.818	22.72	13.35	1.63
	98.86	34.60	67.67	0.00	0.0593	10.21	449.1	385.92	0.0726	609.4	10.969	23.04	13.56	1.63
	99.79	34.63	67.70	0.00	0.0592	10.20	448.7	385.48	0.0722	609.0	10.962	23.02	13.55	1.63
	100.79	34.57	67.67	-0.00	0.0593	10.21	449.2	385.94	0.0724	609.9	10.978	23.06	13.57	1.63
	101.78	34.65	67.65	0.00	0.0593	10.20	448.8	385.88	0.0725	610.1	10.982	23.08	13.58	1.63
	102.77	34.62	67.68	0.00	0.0593	10.20	448.9	385.74	0.0720	609.3	10.968	23.04	13.56	1.63
	103.77	34.62	67.67	0.00	0.0593	10.21	449.1	385.97	0.0727	611.1	11.000	23.11	13.61	1.63
	104.80	34.62	67.65	-0.00	0.0593	10.20	448.7	385.76	0.0725	606.8	10.923	22.95	13.50	1.63
	105.86	34.64	67.65	0.00	0.0593	10.20	448.8	385.80	0.0732	619.9	11.157	23.45	13.83	1.63
	106.80	34.56	67.67	0.00	0.0594	10.22	449.7	386.37	0.0730	617.1	11.107	23.33	13.75	1.63
	107.80	34.56	67.70	-0.00	0.0591	10.17	447.6	384.45	0.0733	625.1	11.252	23.62	13.95	1.64
	108.86	34.56	67.68	-0.00	0.0590	10.14	446.4	383.48	0.0736	623.2	11.218	23.56	13.90	1.63
	109.79	34.59	67.67	-0.00	0.0590	10.17	447.3	384.34	0.0736	621.4	11.186	23.50	13.86	1.63
	110.79	34.58	67.68	-0.00	0.0592	10.16	447.2	384.23	0.0728	617.5	11.114	23.34	13.76	1.63
	111.85	34.63	67.68	-0.00	0.0593	10.21	449.1	385.93	0.0726	610.9	10.995	23.10	13.60	1.63
	112.77	34.57	67.72	0.00	0.0593	10.20	448.8	385.27	0.0723	607.4	10.934	22.95	13.51	1.63
	113.79	34.65	67.70	0.00	0.0593	10.18	448.0	384.91	0.0724	606.8	10.922	22.94	13.50	1.63
	114.79	34.63	67.67	0.00	0.0593	10.21	449.3	386.15	0.0725	609.8	10.976	23.06	13.57	1.63
	115.78	34.60	67.67	0.00	0.0593	10.22	449.8	386.53	0.0727	612.3	11.022	23.15	13.64	1.63
	116.78	34.63	67.67	0.00	0.0592	10.20	448.9	385.77	0.0727	613.5	11.043	23.20	13.67	1.63
	117.80	34.63	67.67	-0.00	0.0591	10.17	447.3	384.43	0.0736	623.8	11.229	23.59	13.92	1.63
	118.78	34.60	67.67	0.00	0.0593	10.23	450.1	386.81	0.0720	603.1	10.856	22.80	13.40	1.63
