Jul 25 2015 at 13:26:51
Frequency: 1.00Hz.
CO2
Zero:  Value:0.95  Date:18 Mar 2005	 at 07:22:33	
Span:  Value:1.00  Date:18 Mar 2005	 at 07:25:09	
H2O
Zero:  Value:0.71  Date:18 Mar 2005	 at 07:52:31	
Span:  Value:0.99  Date:18 Mar 2005	 at 11:44:01	
	Relative Time	Temperature	Pressure	Aux Input	CO2 Absorptance	CO2 mmol/m3	CO2 mg/m3	CO2 umol/mol	H2O Absorptance	H2O mmol/m3	H2O g/m3	H2O mmol/mol	H2O(°C)	Cooler Voltage
	0.84	29.03	70.30	0.00	0.0642	11.20	492.7	400.11	0.0534	387.0	6.966	13.83	6.51	1.65
	1.84	29.00	70.28	0.00	0.0642	11.17	491.6	399.38	0.0535	386.5	6.956	13.81	6.49	1.65
	2.84	29.05	70.28	0.00	0.0643	11.21	493.2	400.74	0.0548	399.4	7.188	14.28	6.97	1.65
	3.84	29.02	70.28	-0.00	0.0643	11.20	492.7	400.29	0.0547	398.4	7.171	14.24	6.93	1.65
	4.84	29.03	70.30	-0.00	0.0642	11.19	492.2	399.77	0.0557	407.2	7.329	14.55	7.25	1.65
	5.83	29.07	70.28	0.00	0.0639	11.14	490.1	398.22	0.0558	409.0	7.363	14.62	7.32	1.65
	6.85	29.04	70.28	0.00	0.0640	11.12	489.1	397.41	0.0559	392.9	7.073	14.05	6.73	1.65
	7.83	29.03	70.28	0.00	0.0640	11.13	489.7	397.89	0.0598	452.4	8.143	16.17	8.80	1.65
	8.85	29.06	70.25	-0.00	0.0639	11.14	490.3	398.51	0.0592	438.8	7.899	15.69	8.35	1.65
	9.83	29.06	70.28	0.00	0.0637	11.09	488.1	396.61	0.0620	468.4	8.431	16.75	9.31	1.64
	10.90	29.04	70.28	0.00	0.0637	11.08	487.7	396.25	0.0626	484.6	8.724	17.32	9.82	1.65
	11.82	29.04	70.31	0.00	0.0637	11.06	486.7	395.25	0.0632	494.3	8.898	17.66	10.11	1.65
	12.90	29.06	70.28	0.00	0.0636	11.04	485.9	394.84	0.0646	506.4	9.115	18.10	10.48	1.65
	13.85	29.06	70.28	-0.00	0.0636	11.06	486.6	395.37	0.0656	513.8	9.248	18.37	10.69	1.64
	14.85	29.06	70.31	-0.00	0.0636	11.04	485.7	394.46	0.0653	514.0	9.252	18.37	10.70	1.65
	15.83	29.04	70.28	0.00	0.0635	11.02	484.9	394.00	0.0631	490.1	8.822	17.52	9.99	1.64
	16.85	29.06	70.31	0.00	0.0638	11.09	487.8	396.19	0.0644	501.4	9.025	17.92	10.33	1.65
	17.85	29.06	70.30	-0.00	0.0637	11.09	487.8	396.18	0.0657	495.4	8.917	17.70	10.15	1.65
	18.84	29.06	70.28	-0.00	0.0634	11.04	485.6	394.60	0.0680	526.2	9.472	18.81	11.05	1.65
	19.83	29.11	70.25	0.00	0.0632	10.95	481.8	391.68	0.0702	566.3	10.194	20.26	12.17	1.64
	20.84	29.10	70.28	0.00	0.0631	10.96	482.1	391.76	0.0695	560.7	10.093	20.05	12.02	1.65
	21.86	29.12	70.31	-0.00	0.0632	10.98	483.0	392.38	0.0696	552.9	9.953	19.76	11.80	1.64
	22.84	29.14	70.25	0.00	0.0632	10.98	483.3	392.93	0.0695	549.7	9.894	19.66	11.72	1.65
	23.85	29.16	70.28	-0.00	0.0631	10.94	481.4	391.24	0.0701	563.6	10.145	20.16	12.10	1.65
	24.84	29.16	70.25	0.00	0.0632	10.95	481.8	391.74	0.0686	560.4	10.088	20.05	12.01	1.65
	25.83	29.17	70.28	0.00	0.0629	10.92	480.5	390.54	0.0713	576.5	10.378	20.62	12.44	1.65
	26.85	29.20	70.28	-0.00	0.0631	10.92	480.5	390.54	0.0689	563.9	10.149	20.17	12.10	1.64
	27.85	29.21	70.28	-0.00	0.0629	10.91	480.0	390.19	0.0710	577.8	10.401	20.67	12.48	1.64
	28.84	29.21	70.28	0.00	0.0627	10.91	480.0	390.24	0.0710	580.2	10.443	20.75	12.54	1.65
	29.86	29.21	70.25	-0.00	0.0630	10.93	480.8	391.02	0.0706	565.1	10.172	20.22	12.14	1.65
	30.84	29.23	70.28	0.00	0.0630	10.93	480.7	390.83	0.0698	564.8	10.166	20.20	12.13	1.65
	31.92	29.23	70.28	-0.00	0.0630	10.91	480.2	390.42	0.0707	577.9	10.403	20.67	12.48	1.65
	32.85	29.23	70.28	-0.00	0.0629	10.89	479.3	389.68	0.0706	577.7	10.398	20.66	12.47	1.65
	33.84	29.29	70.25	0.00	0.0628	10.89	479.1	389.73	0.0704	575.6	10.361	20.60	12.42	1.65
	34.82	29.28	70.28	0.00	0.0629	10.89	479.2	389.67	0.0704	573.9	10.331	20.53	12.38	1.65
	35.85	29.29	70.31	0.00	0.0629	10.90	479.5	389.75	0.0700	570.4	10.267	20.40	12.28	1.65
	36.83	29.30	70.25	0.00	0.0630	10.90	479.7	390.23	0.0686	560.2	10.083	20.05	12.01	1.65
	37.85	29.30	70.30	0.00	0.0630	10.91	479.9	390.14	0.0690	549.6	9.893	19.66	11.72	1.65
	38.83	29.34	70.28	0.00	0.0630	10.91	479.9	390.28	0.0694	552.5	9.946	19.77	11.80	1.65
	39.84	29.32	70.28	0.00	0.0629	10.91	480.1	390.41	0.0698	564.5	10.162	20.20	12.13	1.65
	40.83	29.31	70.28	0.00	0.0630	10.90	479.6	390.03	0.0704	581.4	10.465	20.80	12.58	1.65
	41.84	29.31	70.30	-0.00	0.0629	10.88	478.6	389.02	0.0706	575.3	10.355	20.58	12.42	1.65
	42.84	29.31	70.25	-0.00	0.0630	10.91	479.9	390.44	0.0713	587.7	10.579	21.04	12.74	1.65
	43.85	29.31	70.28	-0.00	0.0630	10.90	479.6	389.99	0.0709	579.7	10.434	20.74	12.53	1.65
	44.84	29.31	70.28	0.00	0.0630	10.91	480.0	390.32	0.0715	585.0	10.530	20.93	12.67	1.65
	45.85	29.35	70.26	-0.00	0.0629	10.90	479.7	390.27	0.0713	588.3	10.590	21.06	12.76	1.65
	46.85	29.38	70.28	-0.00	0.0628	10.90	479.5	389.97	0.0720	596.1	10.730	21.33	12.96	1.65
	47.85	29.33	70.25	0.00	0.0628	10.87	478.5	389.24	0.0728	601.9	10.834	21.54	13.11	1.65
	48.86	29.35	70.30	0.00	0.0629	10.88	478.8	389.31	0.0728	604.0	10.872	21.61	13.16	1.65
	49.84	29.33	70.28	-0.00	0.0628	10.88	478.8	389.39	0.0727	605.8	10.904	21.68	13.21	1.65
	50.86	29.33	70.23	-0.00	0.0630	10.91	479.9	390.57	0.0731	607.0	10.927	21.74	13.24	1.65
	51.84	29.29	70.28	-0.00	0.0629	10.90	479.6	389.97	0.0731	620.7	11.172	22.21	13.58	1.65
	52.85	29.34	70.28	-0.00	0.0631	10.95	481.6	391.69	0.0734	610.0	10.980	21.83	13.31	1.65
	53.82	29.31	70.28	0.00	0.0631	10.93	480.9	391.03	0.0728	607.2	10.930	21.73	13.24	1.65
	54.85	29.34	70.28	-0.00	0.0629	10.90	479.8	390.20	0.0732	609.2	10.965	21.80	13.29	1.65
	55.83	29.34	70.31	-0.00	0.0629	10.90	479.4	389.71	0.0739	604.3	10.877	21.61	13.17	1.65
	56.83	29.30	70.25	0.00	0.0629	10.90	479.4	390.02	0.0749	621.5	11.188	22.25	13.60	1.65
	57.83	29.30	70.26	0.00	0.0629	10.89	479.0	389.64	0.0747	628.2	11.307	22.48	13.76	1.65
	58.84	29.33	70.28	0.00	0.0628	10.87	478.4	389.05	0.0743	619.6	11.153	22.17	13.55	1.65
	59.86	29.31	70.28	-0.00	0.0627	10.85	477.2	388.04	0.0747	625.3	11.255	22.37	13.69	1.65
	60.84	29.33	70.26	0.00	0.0627	10.85	477.2	388.23	0.0746	624.4	11.239	22.35	13.67	1.65
	61.84	29.33	70.25	0.00	0.0628	10.85	477.2	388.25	0.0754	649.1	11.685	23.24	14.27	1.65
	62.84	29.37	70.25	0.00	0.0627	10.85	477.3	388.39	0.0750	632.9	11.392	22.66	13.88	1.65
	63.85	29.35	70.28	-0.00	0.0626	10.83	476.5	387.52	0.0760	648.4	11.671	23.20	14.25	1.65
	64.85	29.35	70.28	-0.00	0.0626	10.83	476.5	387.50	0.0760	640.6	11.531	22.92	14.07	1.65
	65.85	29.37	70.25	-0.00	0.0625	10.80	475.0	386.52	0.0772	666.8	12.002	23.87	14.69	1.65
	66.92	29.34	70.28	-0.00	0.0625	10.80	475.2	386.47	0.0767	652.2	11.740	23.34	14.34	1.65
	67.84	29.39	70.26	-0.00	0.0625	10.82	475.9	387.23	0.0764	639.7	11.514	22.90	14.04	1.65
	68.83	29.39	70.25	0.00	0.0624	10.78	474.3	385.97	0.0766	651.9	11.735	23.34	14.34	1.65
	69.83	29.41	70.30	0.00	0.0627	10.84	476.8	387.70	0.0755	635.0	11.430	22.72	13.93	1.65
	70.84	29.40	70.26	-0.00	0.0627	10.84	476.9	388.04	0.0757	637.2	11.470	22.81	13.99	1.65
	71.84	29.43	70.28	0.00	0.0626	10.81	475.5	386.83	0.0761	645.2	11.613	23.09	14.18	1.65
	72.85	29.41	70.30	0.00	0.0626	10.84	476.9	387.77	0.0761	643.9	11.591	23.04	14.15	1.65
	73.83	29.43	70.28	0.00	0.0626	10.82	476.2	387.35	0.0765	650.0	11.700	23.27	14.29	1.65
	74.85	29.45	70.28	0.00	0.0627	10.86	477.7	388.62	0.0760	644.0	11.592	23.05	14.15	1.65
	75.83	29.45	70.30	0.00	0.0627	10.84	476.8	387.80	0.0772	653.4	11.761	23.38	14.38	1.65
	76.85	29.46	70.28	0.00	0.0626	10.83	476.4	387.64	0.0783	669.3	12.048	23.96	14.75	1.65
	77.83	29.46	70.30	0.00	0.0627	10.86	477.7	388.55	0.0758	644.9	11.608	23.08	14.17	1.65
	78.83	29.45	70.28	-0.00	0.0627	10.84	476.8	387.91	0.0762	654.0	11.773	23.41	14.39	1.65
	79.86	29.48	70.28	-0.00	0.0626	10.83	476.4	387.62	0.0768	645.3	11.616	23.10	14.19	1.65
	80.90	29.47	70.26	0.00	0.0627	10.82	476.0	387.41	0.0777	674.1	12.133	24.14	14.86	1.65
	81.85	29.45	70.30	0.00	0.0626	10.84	476.8	387.77	0.0770	652.8	11.750	23.36	14.36	1.65
	82.84	29.46	70.28	-0.00	0.0623	10.78	474.1	385.77	0.0799	683.3	12.300	24.46	15.07	1.65
	83.85	29.49	70.23	-0.00	0.0621	10.73	472.0	384.33	0.0802	698.4	12.572	25.02	15.41	1.65
	84.82	29.43	70.28	0.00	0.0623	10.78	474.2	385.76	0.0779	664.0	11.952	23.77	14.62	1.65
	85.83	29.50	70.28	0.00	0.0623	10.76	473.6	385.38	0.0787	676.7	12.181	24.23	14.92	1.65
	86.91	29.51	70.28	0.00	0.0623	10.75	473.1	384.99	0.0799	693.9	12.490	24.84	15.31	1.65
	87.84	29.48	70.30	0.00	0.0623	10.76	473.2	384.91	0.0792	685.2	12.333	24.52	15.11	1.65
	88.84	29.49	70.28	-0.00	0.0623	10.75	473.0	384.84	0.0793	681.1	12.259	24.38	15.02	1.65
	89.86	29.52	70.30	-0.00	0.0622	10.75	472.9	384.73	0.0801	695.4	12.518	24.89	15.35	1.65
	90.82	29.52	70.28	0.00	0.0622	10.75	472.9	384.84	0.0799	689.4	12.409	24.68	15.21	1.65
	91.84	29.50	70.25	0.00	0.0621	10.72	471.5	383.83	0.0812	714.7	12.864	25.60	15.77	1.65
	92.84	29.52	70.30	-0.00	0.0623	10.76	473.4	385.09	0.0792	680.6	12.251	24.36	15.01	1.65
	93.85	29.54	70.28	-0.00	0.0622	10.75	473.1	384.98	0.0789	677.0	12.187	24.24	14.93	1.65
	94.83	29.54	70.28	0.00	0.0623	10.78	474.3	385.97	0.0783	672.3	12.101	24.07	14.82	1.65
	95.85	29.54	70.28	-0.00	0.0624	10.77	473.9	385.70	0.0786	676.1	12.170	24.21	14.91	1.65
	96.85	29.59	70.26	-0.00	0.0624	10.78	474.4	386.29	0.0784	672.2	12.100	24.08	14.82	1.65
	97.84	29.54	70.25	-0.00	0.0624	10.79	474.6	386.35	0.0792	681.1	12.260	24.40	15.03	1.65
	98.83	29.54	70.28	0.00	0.0622	10.75	473.1	385.03	0.0808	693.6	12.485	24.84	15.31	1.65
	99.86	29.52	70.28	-0.00	0.0623	10.75	473.0	384.92	0.0793	684.0	12.312	24.49	15.09	1.65
	100.86	29.52	70.25	-0.00	0.0624	10.78	474.4	386.18	0.0796	689.2	12.405	24.68	15.21	1.65
	101.92	29.50	70.25	-0.00	0.0622	10.72	471.8	384.06	0.0809	705.9	12.707	25.29	15.58	1.65
	102.84	29.50	70.25	0.00	0.0621	10.73	472.2	384.41	0.0801	690.2	12.424	24.72	15.23	1.65
	103.85	29.50	70.25	-0.00	0.0622	10.73	471.9	384.17	0.0803	698.6	12.575	25.02	15.42	1.65
	104.83	29.52	70.25	0.00	0.0621	10.72	471.7	384.00	0.0806	701.2	12.621	25.12	15.48	1.65
	105.92	29.54	70.30	-0.00	0.0620	10.69	470.5	382.77	0.0813	709.4	12.769	25.39	15.66	1.65
	106.84	29.52	70.28	-0.00	0.0619	10.66	469.0	381.67	0.0827	728.0	13.105	26.07	16.06	1.65
	107.83	29.52	70.28	0.00	0.0618	10.65	468.7	381.40	0.0825	727.8	13.100	26.06	16.06	1.65
	108.83	29.54	70.26	0.00	0.0619	10.66	469.1	381.90	0.0811	709.9	12.779	25.43	15.67	1.65
	109.84	29.54	70.30	-0.00	0.0618	10.65	468.6	381.24	0.0814	712.4	12.823	25.50	15.72	1.65
	110.82	29.56	70.28	0.00	0.0619	10.67	469.4	382.06	0.0828	732.9	13.191	26.24	16.17	1.65
	111.85	29.56	70.25	0.00	0.0619	10.64	468.1	381.14	0.0819	729.9	13.137	26.15	16.10	1.65
	112.84	29.54	70.25	0.00	0.0619	10.59	466.1	379.44	0.0808	755.8	13.604	27.07	16.65	1.65
	113.85	29.54	70.28	0.00	0.0618	10.65	468.7	381.46	0.0815	713.8	12.849	25.56	15.76	1.65
	114.83	29.56	70.28	0.00	0.0618	10.64	468.2	381.04	0.0812	719.9	12.958	25.78	15.89	1.65
	115.85	29.58	70.25	0.00	0.0617	10.63	467.7	380.83	0.0827	729.6	13.134	26.14	16.10	1.65
	116.83	29.60	70.28	0.00	0.0618	10.63	467.7	380.73	0.0824	725.0	13.050	25.97	16.00	1.65
	117.84	29.62	70.28	-0.00	0.0616	10.61	466.9	380.08	0.0824	728.8	13.119	26.10	16.08	1.65
	118.86	29.64	70.28	-0.00	0.0616	10.58	465.7	379.09	0.0828	747.2	13.449	26.76	16.48	1.65
	119.84	29.61	70.30	0.00	0.0616	10.61	466.7	379.74	0.0828	723.9	13.030	25.92	15.98	1.65
	120.85	29.64	70.30	-0.00	0.0616	10.59	466.0	379.27	0.0828	735.5	13.239	26.34	16.23	1.65
	121.82	29.63	70.28	0.00	0.0614	10.57	465.0	378.56	0.0836	745.0	13.411	26.68	16.43	1.65
	122.83	29.64	70.28	0.00	0.0616	10.58	465.3	378.81	0.0828	737.4	13.272	26.41	16.27	1.65
	123.83	29.68	70.30	-0.00	0.0615	10.62	467.3	380.32	0.0825	721.8	12.993	25.85	15.94	1.65
	124.83	29.64	70.28	0.00	0.0616	10.61	467.0	380.20	0.0825	727.1	13.089	26.05	16.05	1.65
	125.81	29.66	70.28	0.00	0.0617	10.61	467.0	380.22	0.0824	726.0	13.068	26.01	16.03	1.65
	126.84	29.66	70.25	0.00	0.0615	10.58	465.7	379.26	0.0835	739.0	13.302	26.48	16.30	1.65
