Jul 25 2015 at 10:29:53
Frequency: 1.00Hz.
CO2
Zero:  Value:0.95  Date:18 Mar 2005	 at 07:22:33	
Span:  Value:1.00  Date:18 Mar 2005	 at 07:25:09	
H2O
Zero:  Value:0.71  Date:18 Mar 2005	 at 07:52:31	
Span:  Value:0.99  Date:18 Mar 2005	 at 11:44:01	
	Relative Time	Temperature	Pressure	Aux Input	CO2 Absorptance	CO2 mmol/m3	CO2 mg/m3	CO2 umol/mol	H2O Absorptance	H2O mmol/m3	H2O g/m3	H2O mmol/mol	H2O(°C)	Cooler Voltage
	0.78	20.40	67.80	-0.00	0.0621	10.84	476.8	390.02	0.0526	386.0	6.947	13.89	6.05	1.44
	1.78	20.40	67.81	0.00	0.0622	10.85	477.4	390.50	0.0526	385.3	6.936	13.87	6.02	1.44
	2.84	20.43	67.83	0.00	0.0622	10.86	477.7	390.65	0.0526	383.9	6.910	13.81	5.97	1.44
	3.79	20.44	67.78	0.00	0.0622	10.85	477.3	390.64	0.0524	380.9	6.856	13.72	5.86	1.44
	4.77	20.45	67.81	-0.00	0.0621	10.83	476.5	389.83	0.0530	387.5	6.974	13.95	6.11	1.44
	5.76	20.45	67.81	0.00	0.0621	10.83	476.5	389.82	0.0534	392.9	7.071	14.14	6.31	1.44
	6.77	20.45	67.81	0.00	0.0621	10.84	477.2	390.42	0.0525	385.6	6.941	13.88	6.04	1.44
	7.77	20.45	67.81	0.00	0.0621	10.82	476.2	389.63	0.0533	389.6	7.013	14.03	6.19	1.44
	8.80	20.45	67.81	-0.00	0.0620	10.80	475.2	388.79	0.0537	395.0	7.110	14.22	6.39	1.44
	9.84	20.45	67.83	0.00	0.0620	10.79	474.8	388.31	0.0540	399.3	7.188	14.37	6.54	1.44
	10.76	20.45	67.81	0.00	0.0620	10.80	475.2	388.79	0.0538	397.2	7.150	14.30	6.47	1.44
	11.78	20.43	67.81	0.00	0.0621	10.82	476.1	389.53	0.0534	393.6	7.084	14.17	6.33	1.44
	12.76	20.43	67.80	0.00	0.0621	10.82	476.2	389.57	0.0535	393.8	7.089	14.18	6.34	1.45
	13.78	20.42	67.86	0.00	0.0622	10.84	476.8	389.76	0.0529	389.4	7.009	14.01	6.18	1.44
	14.77	20.40	67.83	0.00	0.0622	10.85	477.2	390.22	0.0522	383.2	6.898	13.79	5.95	1.44
	15.79	20.42	67.81	-0.00	0.0622	10.85	477.3	390.48	0.0519	376.7	6.780	13.56	5.70	1.44
	16.79	20.40	67.81	-0.00	0.0622	10.86	478.0	390.99	0.0515	373.2	6.718	13.43	5.56	1.44
	17.78	20.38	67.81	-0.00	0.0622	10.85	477.5	390.62	0.0515	373.2	6.717	13.43	5.56	1.44
	18.78	20.39	67.81	-0.00	0.0622	10.85	477.3	390.44	0.0515	373.8	6.728	13.45	5.59	1.45
	19.78	20.37	67.81	-0.00	0.0622	10.85	477.2	390.33	0.0521	379.2	6.825	13.65	5.79	1.44
	20.78	20.38	67.83	0.00	0.0621	10.84	476.8	389.88	0.0527	383.7	6.907	13.81	5.96	1.44
	21.78	20.39	67.81	-0.00	0.0621	10.83	476.4	389.70	0.0539	392.9	7.072	14.14	6.31	1.44
	22.78	20.37	67.81	0.00	0.0620	10.80	475.3	388.80	0.0540	397.9	7.162	14.32	6.49	1.45
	23.76	20.38	67.81	0.00	0.0620	10.81	475.7	389.08	0.0540	395.7	7.122	14.24	6.41	1.45
	24.77	20.37	67.83	0.00	0.0620	10.81	475.6	388.89	0.0530	386.2	6.951	13.89	6.05	1.45
	25.79	20.38	67.81	-0.00	0.0619	10.79	474.6	388.19	0.0530	389.4	7.009	14.01	6.18	1.44
	26.77	20.38	67.81	0.00	0.0619	10.79	475.0	388.52	0.0541	392.5	7.065	14.13	6.29	1.44
	27.78	20.38	67.81	0.00	0.0611	10.61	466.9	381.91	0.0611	466.7	8.401	16.80	8.83	1.44
	28.77	20.37	67.83	0.00	0.0606	10.49	461.6	377.42	0.0633	500.3	9.006	18.00	9.86	1.45
	29.78	20.35	67.81	0.00	0.0608	10.57	465.1	380.37	0.0615	461.5	8.308	16.61	8.66	1.45
	30.76	20.35	67.83	0.00	0.0608	10.54	463.9	379.25	0.0618	480.6	8.651	17.29	9.26	1.45
	31.76	20.33	67.83	0.00	0.0608	10.54	463.9	379.26	0.0621	488.3	8.789	17.56	9.49	1.45
	32.84	20.32	67.81	0.00	0.0610	10.59	465.9	381.03	0.0601	466.5	8.397	16.79	8.82	1.45
	33.76	20.32	67.81	0.00	0.0612	10.60	466.4	381.40	0.0592	461.9	8.315	16.62	8.67	1.45
	34.77	20.30	67.81	0.00	0.0612	10.63	467.6	382.33	0.0587	451.6	8.130	16.25	8.34	1.45
	35.79	20.28	67.81	-0.00	0.0612	10.63	467.8	382.51	0.0588	446.0	8.028	16.05	8.15	1.45
	36.78	20.28	67.81	0.00	0.0612	10.62	467.2	382.04	0.0588	451.2	8.121	16.23	8.32	1.45
	37.77	20.26	67.81	0.00	0.0611	10.60	466.6	381.48	0.0584	446.1	8.030	16.05	8.16	1.45
	38.77	20.27	67.81	0.00	0.0611	10.60	466.2	381.21	0.0588	449.1	8.084	16.16	8.25	1.45
	39.78	20.27	67.81	0.00	0.0611	10.60	466.5	381.46	0.0594	454.9	8.189	16.37	8.44	1.45
	40.78	20.25	67.81	-0.00	0.0611	10.61	466.7	381.55	0.0590	452.2	8.140	16.27	8.35	1.45
	41.79	20.25	67.81	0.00	0.0610	10.59	466.1	381.08	0.0594	455.2	8.194	16.38	8.45	1.45
	42.77	20.25	67.81	0.00	0.0609	10.57	465.2	380.37	0.0594	455.6	8.201	16.39	8.47	1.45
	43.77	20.20	67.81	0.00	0.0610	10.59	466.1	381.00	0.0587	450.3	8.105	16.20	8.29	1.45
	44.79	20.22	67.81	-0.00	0.0611	10.60	466.6	381.45	0.0583	444.5	8.002	15.99	8.10	1.45
	45.79	20.20	67.85	-0.00	0.0612	10.63	467.5	381.94	0.0582	442.5	7.966	15.91	8.03	1.45
	46.85	20.20	67.78	0.00	0.0612	10.61	466.8	381.74	0.0585	445.8	8.025	16.04	8.14	1.45
	47.77	20.22	67.81	0.00	0.0612	10.61	466.7	381.51	0.0588	451.0	8.117	16.22	8.31	1.45
	48.78	20.22	67.81	-0.00	0.0610	10.60	466.5	381.40	0.0588	446.2	8.032	16.05	8.16	1.45
	49.76	20.22	67.78	0.00	0.0609	10.58	465.6	380.73	0.0598	455.6	8.200	16.39	8.46	1.45
	50.78	20.25	67.81	0.00	0.0608	10.53	463.3	378.78	0.0605	468.5	8.433	16.85	8.88	1.45
	51.78	20.27	67.81	0.00	0.0608	10.54	463.7	379.16	0.0603	465.7	8.383	16.75	8.79	1.45
	52.85	20.28	67.83	-0.00	0.0607	10.53	463.4	378.76	0.0608	468.8	8.439	16.86	8.89	1.45
	53.79	20.28	67.83	-0.00	0.0607	10.51	462.6	378.11	0.0605	467.7	8.419	16.82	8.85	1.45
	54.79	20.30	67.83	-0.00	0.0606	10.51	462.2	377.84	0.0612	474.9	8.549	17.08	9.08	1.45
	55.77	20.30	67.81	0.00	0.0605	10.46	460.3	376.42	0.0607	472.1	8.498	16.99	8.99	1.45
	56.78	20.30	67.81	-0.00	0.0607	10.51	462.4	378.12	0.0606	467.5	8.414	16.82	8.85	1.45
	57.78	20.28	67.81	-0.00	0.0605	10.47	460.8	376.80	0.0612	475.7	8.563	17.12	9.11	1.45
	58.77	20.28	67.78	0.00	0.0607	10.52	463.0	378.69	0.0604	466.6	8.400	16.80	8.82	1.45
	59.80	20.28	67.81	-0.00	0.0606	10.49	461.5	377.34	0.0610	473.9	8.530	17.05	9.05	1.45
	60.76	20.30	67.83	0.00	0.0605	10.47	460.6	376.56	0.0611	475.6	8.561	17.11	9.10	1.45
	61.78	20.28	67.81	0.00	0.0605	10.48	461.0	376.96	0.0613	475.6	8.560	17.11	9.10	1.45
	62.77	20.30	67.81	-0.00	0.0603	10.44	459.4	375.68	0.0624	486.1	8.749	17.49	9.42	1.45
	63.79	20.30	67.81	-0.00	0.0604	10.43	459.0	375.35	0.0623	488.0	8.785	17.56	9.49	1.45
	64.77	20.30	67.81	-0.00	0.0604	10.44	459.4	375.64	0.0621	487.2	8.770	17.53	9.46	1.45
	65.77	20.30	67.81	0.00	0.0604	10.46	460.4	376.44	0.0616	480.7	8.652	17.29	9.26	1.45
	66.78	20.30	67.81	-0.00	0.0603	10.44	459.5	375.77	0.0618	481.9	8.673	17.34	9.30	1.45
	67.80	20.30	67.81	-0.00	0.0602	10.41	457.9	374.45	0.0634	497.1	8.948	17.89	9.76	1.45
	68.86	20.30	67.81	-0.00	0.0602	10.41	458.1	374.61	0.0631	497.5	8.955	17.90	9.77	1.45
	69.76	20.30	67.81	0.00	0.0601	10.38	456.6	373.37	0.0637	504.1	9.074	18.14	9.97	1.45
	70.78	20.28	67.81	0.00	0.0600	10.35	455.6	372.56	0.0642	509.1	9.163	18.32	10.11	1.46
	71.78	20.28	67.81	0.00	0.0594	10.27	451.8	369.47	0.0660	523.6	9.424	18.84	10.53	1.45
	72.77	20.27	67.81	0.00	0.0590	10.15	446.6	365.17	0.0673	544.1	9.794	19.58	11.11	1.45
	73.77	20.26	67.81	0.00	0.0592	10.10	444.6	363.54	0.0665	551.0	9.917	19.82	11.30	1.45
	74.77	20.23	67.81	0.00	0.0589	10.13	445.5	364.24	0.0668	538.6	9.694	19.37	10.96	1.45
	75.77	20.27	67.81	0.00	0.0592	10.15	446.8	365.35	0.0661	536.7	9.660	19.31	10.90	1.45
	76.77	20.28	67.81	0.00	0.0590	10.15	446.8	365.34	0.0663	533.8	9.608	19.20	10.82	1.46
	77.77	20.30	67.81	0.00	0.0596	10.27	452.1	369.70	0.0646	514.9	9.268	18.53	10.29	1.45
	78.77	20.32	67.81	0.00	0.0594	10.21	449.3	367.43	0.0651	522.7	9.409	18.81	10.51	1.45
	79.79	20.33	67.81	-0.00	0.0596	10.29	452.7	370.24	0.0651	516.8	9.302	18.59	10.34	1.45
	80.78	20.35	67.81	-0.00	0.0592	10.19	448.4	366.73	0.0658	530.4	9.548	19.09	10.73	1.45
	81.78	20.35	67.81	0.00	0.0592	10.20	448.6	366.90	0.0655	525.0	9.449	18.89	10.58	1.46
	82.77	20.35	67.81	-0.00	0.0594	10.23	450.2	368.23	0.0643	511.6	9.209	18.41	10.19	1.46
	83.76	20.31	67.81	0.00	0.0597	10.29	452.9	370.33	0.0644	510.7	9.192	18.37	10.16	1.45
	84.77	20.33	67.81	0.00	0.0596	10.27	452.1	369.75	0.0647	515.2	9.274	18.54	10.30	1.46
	85.75	20.31	67.78	0.00	0.0593	10.19	448.3	366.79	0.0655	526.0	9.467	18.93	10.60	1.45
	86.80	20.31	67.81	-0.00	0.0594	10.23	450.0	368.01	0.0652	521.5	9.388	18.77	10.48	1.45
	87.77	20.32	67.80	0.00	0.0590	10.16	447.1	365.66	0.0661	529.7	9.535	19.06	10.71	1.46
	88.76	20.33	67.81	0.00	0.0594	10.25	450.9	368.77	0.0649	514.7	9.264	18.52	10.28	1.46
	89.78	20.33	67.81	0.00	0.0594	10.23	450.0	368.05	0.0658	528.9	9.521	19.03	10.69	1.45
	90.76	20.35	67.81	0.00	0.0595	10.26	451.6	369.39	0.0655	525.6	9.460	18.91	10.59	1.46
	91.78	20.37	67.81	0.00	0.0594	10.24	450.8	368.69	0.0650	519.5	9.352	18.70	10.42	1.46
	92.76	20.35	67.81	0.00	0.0592	10.17	447.7	366.15	0.0657	526.7	9.481	18.96	10.63	1.46
	93.79	20.35	67.80	-0.00	0.0593	10.20	448.6	366.91	0.0655	525.8	9.464	18.92	10.60	1.46
	94.77	20.35	67.81	0.00	0.0590	10.15	446.6	365.26	0.0666	534.1	9.614	19.22	10.84	1.46
	95.77	20.35	67.81	0.00	0.0590	10.14	446.1	364.87	0.0662	534.4	9.619	19.23	10.84	1.46
	96.78	20.35	67.78	-0.00	0.0592	10.15	446.8	365.59	0.0664	534.6	9.623	19.25	10.85	1.46
	97.78	20.33	67.81	-0.00	0.0587	10.07	443.1	362.40	0.0672	543.2	9.777	19.55	11.09	1.46
	98.76	20.31	67.81	0.00	0.0585	10.05	442.1	361.51	0.0676	549.3	9.887	19.77	11.26	1.46
	99.76	20.33	67.81	0.00	0.0587	10.06	442.5	361.94	0.0672	549.7	9.894	19.78	11.27	1.46
	100.76	20.31	67.81	0.00	0.0592	10.19	448.4	366.71	0.0662	533.6	9.604	19.20	10.82	1.46
	101.79	20.31	67.81	0.00	0.0591	10.16	446.9	365.49	0.0662	535.0	9.631	19.25	10.86	1.46
	102.79	20.31	67.81	-0.00	0.0592	10.17	447.4	365.91	0.0664	534.4	9.620	19.23	10.84	1.46
	103.79	20.33	67.81	-0.00	0.0596	10.24	450.5	368.45	0.0649	524.8	9.446	18.88	10.57	1.46
	104.77	20.32	67.83	0.00	0.0598	10.30	453.2	370.48	0.0640	511.9	9.213	18.41	10.20	1.46
	105.78	20.35	67.81	0.00	0.0596	10.24	450.4	368.41	0.0642	523.5	9.423	18.84	10.54	1.46
	106.78	20.35	67.81	-0.00	0.0596	10.26	451.4	369.23	0.0649	517.3	9.312	18.62	10.36	1.46
	107.78	20.39	67.81	0.00	0.0598	10.34	454.9	372.12	0.0646	512.8	9.231	18.46	10.23	1.46
	108.76	20.40	67.83	0.00	0.0596	10.27	452.0	369.59	0.0653	520.8	9.375	18.74	10.46	1.46
	109.78	20.40	67.81	-0.00	0.0593	10.20	448.8	367.11	0.0660	532.3	9.581	19.16	10.79	1.46
	110.76	20.42	67.83	0.00	0.0591	10.18	447.9	366.29	0.0661	534.6	9.623	19.24	10.86	1.46
	111.76	20.38	67.81	0.00	0.0589	10.09	444.2	363.31	0.0664	536.0	9.648	19.29	10.89	1.46
	112.77	20.42	67.81	0.00	0.0592	10.18	447.8	366.35	0.0659	529.2	9.526	19.05	10.70	1.46
	113.76	20.44	67.80	0.00	0.0593	10.19	448.3	366.75	0.0661	531.7	9.570	19.14	10.77	1.46
	114.78	20.40	67.81	0.00	0.0595	10.24	450.7	368.69	0.0654	525.2	9.453	18.90	10.59	1.46
	115.77	20.40	67.81	0.00	0.0595	10.26	451.3	369.19	0.0654	522.6	9.406	18.81	10.51	1.46
	116.78	20.40	67.81	0.00	0.0595	10.25	451.1	368.99	0.0654	523.7	9.427	18.85	10.54	1.46
	117.84	20.41	67.81	0.00	0.0595	10.25	451.1	369.05	0.0656	525.7	9.463	18.92	10.60	1.46
	118.78	20.42	67.81	0.00	0.0592	10.18	448.0	366.50	0.0660	530.1	9.541	19.08	10.73	1.46
	119.84	20.40	67.81	0.00	0.0591	10.16	446.9	365.55	0.0660	529.9	9.538	19.07	10.72	1.46
	120.78	20.40	67.81	0.00	0.0592	10.19	448.5	366.89	0.0657	526.4	9.475	18.95	10.62	1.46
	121.77	20.40	67.81	0.00	0.0590	10.16	447.0	365.65	0.0663	531.9	9.574	19.14	10.78	1.46
	122.77	20.42	67.83	-0.00	0.0592	10.18	448.0	366.39	0.0661	532.6	9.586	19.16	10.80	1.46
	123.77	20.43	67.81	0.00	0.0591	10.17	447.6	366.21	0.0669	539.3	9.708	19.42	10.99	1.46
