Jul 25 2015 at 14:23:07
Frequency: 1.00Hz.
CO2
Zero:  Value:0.95  Date:18 Mar 2005	 at 07:22:33	
Span:  Value:1.00  Date:18 Mar 2005	 at 07:25:09	
H2O
Zero:  Value:0.71  Date:18 Mar 2005	 at 07:52:31	
Span:  Value:0.99  Date:18 Mar 2005	 at 11:44:01	
	Relative Time	Temperature	Pressure	Aux Input	CO2 Absorptance	CO2 mmol/m3	CO2 mg/m3	CO2 umol/mol	H2O Absorptance	H2O mmol/m3	H2O g/m3	H2O mmol/mol	H2O(°C)	Cooler Voltage
	0.81	36.35	70.18	0.00	0.0629	10.87	478.2	398.48	0.0569	428.6	7.715	15.72	8.35	1.76
	1.82	36.35	70.13	-0.00	0.0627	10.84	476.9	397.69	0.0567	423.6	7.625	15.54	8.18	1.76
	2.82	36.39	70.20	-0.00	0.0624	10.81	475.8	396.43	0.0571	423.8	7.628	15.54	8.19	1.76
	3.81	36.42	70.16	0.00	0.0624	10.79	474.6	395.72	0.0564	422.0	7.596	15.48	8.13	1.76
	4.80	36.43	70.20	0.00	0.0623	10.76	473.5	394.60	0.0563	419.0	7.542	15.36	8.02	1.76
	5.88	36.47	70.20	0.00	0.0622	10.75	472.8	394.03	0.0562	418.2	7.527	15.33	7.99	1.76
	6.83	36.44	70.20	-0.00	0.0622	10.74	472.7	393.91	0.0564	416.7	7.501	15.28	7.94	1.76
	7.82	36.50	70.20	-0.00	0.0623	10.75	473.1	394.34	0.0564	415.4	7.478	15.24	7.90	1.76
	8.81	36.44	70.20	0.00	0.0622	10.74	472.4	393.67	0.0561	416.0	7.488	15.25	7.92	1.76
	9.80	36.45	70.23	0.00	0.0621	10.71	471.3	392.59	0.0559	414.0	7.452	15.17	7.85	1.76
	10.81	36.44	70.20	0.00	0.0623	10.75	473.1	394.21	0.0559	412.6	7.427	15.13	7.80	1.76
	11.79	36.37	70.20	0.00	0.0623	10.76	473.6	394.58	0.0559	412.3	7.422	15.11	7.78	1.76
	12.82	36.43	70.20	-0.00	0.0623	10.77	473.9	394.84	0.0558	411.4	7.405	15.08	7.75	1.76
	13.82	36.43	70.20	-0.00	0.0623	10.76	473.6	394.60	0.0559	411.8	7.413	15.10	7.77	1.76
	14.82	36.44	70.18	0.00	0.0622	10.76	473.5	394.74	0.0560	412.3	7.421	15.12	7.78	1.76
	15.83	36.45	70.16	-0.00	0.0621	10.73	472.0	393.62	0.0560	413.9	7.451	15.19	7.84	1.76
	16.82	36.46	70.20	0.00	0.0621	10.73	471.9	393.28	0.0560	414.9	7.468	15.21	7.88	1.76
	17.83	36.46	70.20	-0.00	0.0621	10.73	471.9	393.29	0.0562	415.4	7.478	15.23	7.90	1.76
	18.81	36.50	70.20	0.00	0.0622	10.74	472.6	393.90	0.0563	417.0	7.507	15.29	7.96	1.76
	19.81	36.44	70.17	0.00	0.0621	10.73	472.0	393.50	0.0562	414.8	7.467	15.22	7.88	1.76
	20.81	36.50	70.23	0.00	0.0621	10.72	471.8	393.10	0.0565	419.7	7.555	15.39	8.05	1.76
	21.81	36.51	70.20	0.00	0.0621	10.72	471.6	393.10	0.0563	417.5	7.516	15.31	7.97	1.76
	22.81	36.56	70.18	0.00	0.0621	10.71	471.3	393.03	0.0564	418.3	7.529	15.35	8.00	1.76
	23.81	36.55	70.18	0.00	0.0621	10.72	471.5	393.16	0.0564	418.0	7.525	15.34	7.99	1.76
	24.80	36.61	70.23	0.00	0.0621	10.71	471.2	392.69	0.0565	418.5	7.532	15.35	8.01	1.76
	25.82	36.61	70.20	-0.00	0.0620	10.70	470.7	392.47	0.0566	419.1	7.544	15.38	8.03	1.76
	26.82	36.58	70.20	0.00	0.0620	10.70	470.7	392.44	0.0566	419.1	7.544	15.37	8.03	1.76
	27.80	36.56	70.20	0.00	0.0619	10.69	470.4	392.11	0.0566	420.3	7.565	15.42	8.07	1.76
	28.81	36.50	70.20	0.00	0.0620	10.69	470.3	391.94	0.0570	424.8	7.647	15.58	8.23	1.76
	29.80	36.42	70.18	0.00	0.0619	10.68	469.9	391.72	0.0574	427.8	7.701	15.69	8.33	1.76
	30.81	36.47	70.20	0.00	0.0620	10.70	470.7	392.26	0.0575	429.1	7.724	15.74	8.37	1.76
	31.82	36.50	70.18	-0.00	0.0619	10.69	470.4	392.17	0.0577	430.8	7.754	15.80	8.43	1.76
	32.81	36.46	70.20	0.00	0.0619	10.68	470.1	391.77	0.0579	432.1	7.778	15.85	8.48	1.76
	33.84	36.51	70.15	-0.00	0.0619	10.68	469.7	391.80	0.0584	437.4	7.874	16.05	8.66	1.76
	34.82	36.53	70.17	0.00	0.0618	10.67	469.4	391.46	0.0594	449.3	8.088	16.49	9.06	1.76
	35.82	36.54	70.20	0.00	0.0618	10.66	469.2	391.14	0.0595	449.6	8.094	16.49	9.07	1.76
	36.80	36.49	70.18	0.00	0.0618	10.67	469.3	391.24	0.0594	449.7	8.094	16.50	9.07	1.76
	37.81	36.47	70.23	0.00	0.0619	10.67	469.4	391.04	0.0597	451.0	8.117	16.53	9.11	1.76
	38.81	36.42	70.18	-0.00	0.0619	10.66	469.1	391.03	0.0594	450.3	8.106	16.52	9.09	1.76
	39.81	36.40	70.18	0.00	0.0619	10.66	469.2	391.09	0.0590	446.4	8.036	16.37	8.96	1.76
	40.79	36.47	70.20	0.00	0.0618	10.66	469.1	390.95	0.0594	450.1	8.102	16.51	9.08	1.76
	41.81	36.47	70.20	0.00	0.0618	10.65	468.7	390.64	0.0595	450.3	8.106	16.51	9.09	1.76
	42.81	36.42	70.20	0.00	0.0618	10.65	468.7	390.56	0.0598	452.4	8.144	16.59	9.15	1.76
	43.80	36.44	70.18	0.00	0.0618	10.66	469.2	391.12	0.0598	453.3	8.160	16.63	9.19	1.76
	44.82	36.42	70.20	-0.00	0.0618	10.67	469.4	391.14	0.0597	453.0	8.155	16.61	9.17	1.76
	45.80	36.43	70.20	0.00	0.0618	10.66	469.2	391.00	0.0600	455.5	8.199	16.70	9.26	1.76
	46.80	36.41	70.17	0.00	0.0618	10.65	468.7	390.68	0.0607	463.5	8.343	17.00	9.51	1.76
	47.81	36.41	70.18	0.00	0.0618	10.65	468.6	390.57	0.0606	462.6	8.326	16.96	9.48	1.76
	48.81	36.38	70.20	0.00	0.0617	10.64	468.2	390.04	0.0611	466.8	8.402	17.11	9.62	1.76
	49.83	36.42	70.20	-0.00	0.0618	10.64	468.1	390.07	0.0610	466.5	8.396	17.10	9.61	1.76
	50.81	36.43	70.20	0.00	0.0618	10.65	468.6	390.50	0.0609	465.1	8.373	17.05	9.57	1.76
	51.82	36.45	70.18	0.00	0.0618	10.65	468.6	390.63	0.0615	471.9	8.494	17.31	9.78	1.76
	52.82	36.40	70.18	-0.00	0.0618	10.65	468.6	390.56	0.0618	476.5	8.577	17.47	9.92	1.76
	53.82	36.41	70.18	0.00	0.0618	10.65	468.4	390.44	0.0622	479.4	8.630	17.58	10.02	1.76
	54.80	36.44	70.20	0.00	0.0617	10.64	468.2	390.13	0.0622	478.0	8.605	17.53	9.98	1.76
	55.88	36.47	70.20	0.00	0.0617	10.63	467.9	389.96	0.0625	483.1	8.696	17.71	10.13	1.76
	56.80	36.50	70.18	0.00	0.0617	10.64	468.3	390.48	0.0628	485.3	8.735	17.80	10.20	1.76
	57.81	36.45	70.20	0.00	0.0618	10.65	468.4	390.36	0.0632	490.1	8.822	17.97	10.35	1.76
	58.80	36.45	70.15	0.00	0.0618	10.65	468.8	390.93	0.0632	492.0	8.856	18.05	10.41	1.76
	59.81	36.50	70.20	-0.00	0.0618	10.65	468.6	390.55	0.0631	489.6	8.813	17.95	10.33	1.76
	60.79	36.47	70.20	0.00	0.0618	10.65	468.6	390.52	0.0632	489.4	8.809	17.95	10.33	1.76
	61.81	36.51	70.20	0.00	0.0618	10.65	468.8	390.75	0.0638	495.3	8.915	18.16	10.51	1.76
	62.84	36.51	70.18	-0.00	0.0618	10.64	468.3	390.50	0.0639	498.7	8.977	18.30	10.61	1.76
	63.82	36.54	70.18	-0.00	0.0618	10.65	468.4	390.59	0.0635	493.8	8.889	18.12	10.47	1.76
	64.82	36.59	70.20	0.00	0.0616	10.62	467.5	389.76	0.0645	501.9	9.034	18.41	10.71	1.76
	65.82	36.62	70.18	0.00	0.0616	10.62	467.3	389.76	0.0650	510.9	9.196	18.75	10.98	1.76
	66.83	36.59	70.18	-0.00	0.0618	10.66	469.0	391.08	0.0652	513.8	9.249	18.85	11.07	1.76
	67.83	36.58	70.20	-0.00	0.0618	10.65	468.8	390.83	0.0654	514.8	9.266	18.88	11.09	1.76
	68.81	36.59	70.20	0.00	0.0618	10.65	468.5	390.58	0.0653	515.2	9.273	18.90	11.10	1.76
	69.81	36.59	70.20	0.00	0.0618	10.65	468.6	390.65	0.0650	512.0	9.215	18.78	11.01	1.76
	70.81	36.53	70.23	0.00	0.0617	10.64	468.3	390.21	0.0648	508.9	9.160	18.66	10.92	1.76
	71.81	36.55	70.20	0.00	0.0617	10.64	468.2	390.29	0.0651	511.4	9.205	18.76	10.99	1.76
	72.81	36.58	70.18	0.00	0.0618	10.64	468.2	390.47	0.0650	511.5	9.207	18.77	11.00	1.76
	73.80	36.63	70.18	0.00	0.0617	10.64	468.3	390.60	0.0647	506.6	9.118	18.59	10.85	1.76
	74.80	36.63	70.18	0.00	0.0617	10.64	468.1	390.47	0.0648	509.4	9.169	18.69	10.94	1.76
	75.82	36.63	70.18	0.00	0.0617	10.64	468.2	390.55	0.0649	510.1	9.181	18.72	10.96	1.76
	76.80	36.65	70.18	0.00	0.0617	10.64	468.2	390.54	0.0648	509.0	9.162	18.68	10.93	1.76
	77.80	36.68	70.20	0.00	0.0617	10.63	467.9	390.17	0.0652	512.1	9.218	18.79	11.02	1.76
	78.83	36.70	70.20	0.00	0.0617	10.63	467.5	389.92	0.0654	515.7	9.282	18.92	11.12	1.76
	79.81	36.67	70.18	0.00	0.0617	10.62	467.3	389.85	0.0659	521.5	9.387	19.14	11.29	1.76
	80.82	36.75	70.20	0.00	0.0617	10.63	467.5	389.98	0.0661	523.8	9.429	19.23	11.36	1.76
	81.82	36.71	70.18	-0.00	0.0616	10.61	467.0	389.66	0.0678	541.9	9.754	19.89	11.87	1.76
	82.82	36.61	70.20	0.00	0.0617	10.62	467.2	389.54	0.0679	543.7	9.787	19.95	11.92	1.76
	83.82	36.63	70.20	0.00	0.0617	10.62	467.4	389.71	0.0677	541.1	9.740	19.85	11.85	1.76
	84.88	36.65	70.17	0.00	0.0617	10.62	467.5	389.96	0.0684	549.4	9.890	20.17	12.08	1.76
	85.80	36.62	70.18	0.00	0.0617	10.63	467.8	390.16	0.0681	548.1	9.867	20.12	12.04	1.76
	86.81	36.64	70.18	-0.00	0.0617	10.63	467.7	390.12	0.0677	542.9	9.773	19.93	11.90	1.76
	87.81	36.65	70.20	0.00	0.0618	10.64	468.1	390.38	0.0678	540.6	9.730	19.83	11.83	1.76
	88.80	36.63	70.18	0.00	0.0617	10.63	467.6	390.00	0.0684	548.8	9.878	20.14	12.06	1.76
	89.81	36.68	70.23	0.00	0.0617	10.62	467.4	389.68	0.0684	551.5	9.926	20.23	12.14	1.76
	90.79	36.65	70.20	0.00	0.0617	10.63	467.6	389.89	0.0681	546.9	9.844	20.07	12.01	1.76
	91.82	36.58	70.20	0.00	0.0617	10.62	467.5	389.73	0.0681	547.2	9.849	20.07	12.01	1.76
	92.81	36.60	70.18	0.00	0.0616	10.62	467.1	389.56	0.0685	552.1	9.937	20.26	12.15	1.76
	93.83	36.69	70.20	-0.00	0.0616	10.61	466.8	389.29	0.0692	557.9	10.042	20.47	12.31	1.76
	94.82	36.58	70.20	-0.00	0.0616	10.61	466.6	389.03	0.0696	565.3	10.176	20.74	12.51	1.76
	95.83	36.65	70.20	-0.00	0.0616	10.60	466.4	388.96	0.0700	567.7	10.218	20.83	12.58	1.76
	96.80	36.65	70.20	0.00	0.0615	10.60	466.2	388.76	0.0701	570.4	10.266	20.93	12.65	1.76
	97.81	36.65	70.18	0.00	0.0616	10.61	466.7	389.28	0.0704	573.9	10.331	21.07	12.75	1.76
	98.80	36.58	70.15	0.00	0.0616	10.61	466.7	389.36	0.0707	577.3	10.392	21.19	12.83	1.76
	99.81	36.61	70.17	0.00	0.0617	10.62	467.1	389.57	0.0705	576.1	10.370	21.14	12.80	1.76
	100.81	36.56	70.20	0.00	0.0617	10.62	467.2	389.45	0.0700	571.7	10.291	20.97	12.68	1.76
	101.81	36.46	70.20	0.00	0.0617	10.62	467.3	389.39	0.0694	563.2	10.137	20.65	12.45	1.76
	102.80	36.50	70.18	0.00	0.0616	10.62	467.4	389.65	0.0692	560.1	10.082	20.55	12.37	1.76
	103.80	36.50	70.17	-0.00	0.0616	10.62	467.1	389.44	0.0693	562.1	10.118	20.62	12.42	1.76
	104.82	36.53	70.20	-0.00	0.0616	10.61	466.9	389.18	0.0692	561.3	10.104	20.59	12.40	1.76
	105.80	36.55	70.18	0.00	0.0616	10.61	467.0	389.44	0.0694	561.8	10.113	20.61	12.41	1.76
	106.81	36.59	70.18	-0.00	0.0616	10.61	467.0	389.44	0.0695	563.1	10.136	20.66	12.45	1.76
	107.81	36.61	70.15	-0.00	0.0616	10.61	466.7	389.44	0.0697	564.6	10.163	20.73	12.49	1.76
	108.81	36.64	70.22	0.00	0.0616	10.61	466.8	389.14	0.0703	571.8	10.292	20.97	12.69	1.76
	109.81	36.63	70.20	0.00	0.0615	10.59	466.1	388.59	0.0713	584.0	10.513	21.43	13.01	1.76
	110.81	36.61	70.23	0.00	0.0615	10.59	466.0	388.37	0.0714	586.7	10.560	21.51	13.08	1.76
	111.88	36.62	70.22	0.00	0.0615	10.59	465.9	388.32	0.0711	583.0	10.494	21.38	12.98	1.76
	112.80	36.58	70.20	0.00	0.0615	10.60	466.3	388.76	0.0708	579.0	10.423	21.24	12.88	1.76
	113.80	36.63	70.18	0.00	0.0616	10.60	466.4	388.99	0.0706	576.2	10.372	21.15	12.81	1.76
	114.80	36.68	70.22	0.00	0.0616	10.60	466.4	388.84	0.0706	576.0	10.367	21.13	12.80	1.76
	115.81	36.72	70.20	-0.00	0.0615	10.60	466.3	388.94	0.0715	586.5	10.557	21.52	13.08	1.76
	116.81	36.74	70.20	-0.00	0.0615	10.58	465.5	388.32	0.0718	589.1	10.604	21.62	13.15	1.76
	117.81	36.77	70.20	-0.00	0.0615	10.59	465.9	388.65	0.0723	596.7	10.740	21.90	13.35	1.76
	118.81	36.77	70.22	-0.00	0.0615	10.59	466.1	388.71	0.0721	595.4	10.717	21.85	13.31	1.76
	119.79	36.77	70.18	0.00	0.0615	10.59	465.9	388.80	0.0722	594.2	10.695	21.82	13.28	1.76
	120.82	36.76	70.20	0.00	0.0615	10.58	465.7	388.46	0.0721	596.6	10.739	21.90	13.34	1.76
	121.82	36.69	70.18	0.00	0.0615	10.59	466.0	388.72	0.0722	595.5	10.719	21.86	13.31	1.76
	122.90	36.70	70.17	-0.00	0.0615	10.58	465.7	388.56	0.0719	592.5	10.665	21.75	13.23	1.76
	123.80	36.72	70.22	0.00	0.0615	10.58	465.7	388.27	0.0720	592.5	10.664	21.74	13.23	1.76
	124.82	36.72	70.20	0.00	0.0615	10.60	466.2	388.88	0.0721	595.1	10.712	21.84	13.30	1.76
