Jul 25 2015 at 15:44:10
Frequency: 1.00Hz.
CO2
Zero:  Value:0.95  Date:18 Mar 2005	 at 07:22:33	
Span:  Value:1.00  Date:18 Mar 2005	 at 07:25:09	
H2O
Zero:  Value:0.71  Date:18 Mar 2005	 at 07:52:31	
Span:  Value:0.99  Date:18 Mar 2005	 at 11:44:01	
	Relative Time	Temperature	Pressure	Aux Input	CO2 Absorptance	CO2 mmol/m3	CO2 mg/m3	CO2 umol/mol	H2O Absorptance	H2O mmol/m3	H2O g/m3	H2O mmol/mol	H2O(°C)	Cooler Voltage
	0.76	34.93	67.73	0.00	0.0624	10.92	480.3	412.83	0.0493	347.3	6.252	13.14	5.22	1.67
	1.78	34.97	67.72	0.00	0.0626	10.94	481.3	413.78	0.0487	346.3	6.233	13.10	5.18	1.67
	2.84	34.92	67.70	-0.00	0.0624	10.93	480.9	413.46	0.0488	346.8	6.243	13.12	5.20	1.67
	3.76	34.95	67.70	0.00	0.0624	10.90	479.6	412.42	0.0490	347.5	6.254	13.15	5.23	1.67
	4.79	34.91	67.70	-0.00	0.0625	10.88	478.7	411.53	0.0486	344.9	6.209	13.05	5.12	1.67
	5.77	34.89	67.70	0.00	0.0623	10.87	478.3	411.21	0.0500	354.7	6.385	13.42	5.52	1.67
	6.77	34.92	67.70	-0.00	0.0623	10.88	478.8	411.68	0.0516	373.2	6.717	14.12	6.26	1.67
	7.78	34.91	67.70	-0.00	0.0621	10.88	478.6	411.49	0.0515	375.1	6.752	14.19	6.33	1.67
	8.80	34.89	67.72	-0.00	0.0620	10.82	476.0	409.08	0.0511	369.2	6.645	13.96	6.10	1.67
	9.77	34.95	67.70	0.00	0.0620	10.81	475.5	408.89	0.0517	373.4	6.720	14.13	6.27	1.67
	10.76	34.87	67.75	0.00	0.0622	10.88	478.8	411.26	0.0507	360.1	6.482	13.61	5.74	1.67
	11.78	34.90	67.70	-0.00	0.0622	10.86	477.7	410.72	0.0512	369.8	6.656	13.99	6.13	1.67
	12.78	34.89	67.73	0.00	0.0621	10.83	476.4	409.44	0.0512	372.7	6.709	14.09	6.24	1.67
	13.77	34.88	67.70	-0.00	0.0621	10.83	476.5	409.65	0.0515	371.1	6.681	14.04	6.18	1.67
	14.77	34.84	67.68	0.00	0.0618	10.76	473.3	407.01	0.0533	383.8	6.909	14.52	6.66	1.67
	15.79	34.87	67.73	-0.00	0.0617	10.78	474.2	407.47	0.0523	382.6	6.887	14.47	6.62	1.67
	16.79	34.90	67.70	-0.00	0.0619	10.83	476.5	409.68	0.0545	383.7	6.906	14.51	6.66	1.67
	17.77	34.80	67.70	-0.00	0.0622	10.78	474.4	407.72	0.0557	438.9	7.901	16.60	8.63	1.67
	18.77	34.88	67.70	0.00	0.0617	10.77	473.9	407.42	0.0591	456.7	8.221	17.28	9.22	1.67
	19.75	34.84	67.70	0.00	0.0617	10.78	474.3	407.69	0.0583	452.4	8.144	17.11	9.08	1.67
	20.75	34.86	67.73	0.00	0.0618	10.73	471.9	405.55	0.0600	455.3	8.196	17.22	9.17	1.67
	21.76	34.89	67.73	-0.00	0.0618	10.80	475.2	408.37	0.0551	403.6	7.265	15.26	7.40	1.67
	22.78	34.85	67.70	0.00	0.0616	10.74	472.7	406.33	0.0572	425.8	7.664	16.10	8.18	1.67
	23.77	34.84	67.73	-0.00	0.0617	10.70	471.0	404.70	0.0575	444.9	8.009	16.82	8.83	1.66
	24.77	34.84	67.73	-0.00	0.0616	10.72	471.5	405.16	0.0580	448.5	8.073	16.96	8.95	1.67
	25.77	34.86	67.70	-0.00	0.0613	10.68	469.7	403.80	0.0598	450.7	8.112	17.05	9.02	1.66
	26.75	34.86	67.73	0.00	0.0607	10.50	462.0	396.98	0.0620	493.3	8.879	18.65	10.37	1.67
	27.78	34.86	67.73	-0.00	0.0611	10.59	465.9	400.38	0.0618	486.2	8.751	18.38	10.15	1.67
	28.77	34.86	67.70	0.00	0.0607	10.53	463.2	398.20	0.0609	474.1	8.534	17.93	9.78	1.67
	29.77	34.84	67.70	-0.00	0.0609	10.53	463.3	398.22	0.0594	454.5	8.182	17.19	9.15	1.66
	30.76	34.84	67.70	-0.00	0.0607	10.53	463.3	398.26	0.0615	466.9	8.404	17.66	9.55	1.66
	31.78	34.87	67.70	-0.00	0.0607	10.51	462.4	397.54	0.0620	481.8	8.672	18.22	10.01	1.66
	32.77	34.86	67.73	-0.00	0.0604	10.47	460.7	395.87	0.0613	478.4	8.611	18.09	9.91	1.66
	33.76	34.83	67.70	0.00	0.0604	10.44	459.2	394.68	0.0610	470.2	8.463	17.78	9.65	1.67
	34.77	34.85	67.68	0.00	0.0605	10.42	458.6	394.32	0.0613	471.3	8.483	17.83	9.69	1.67
	35.77	34.86	67.70	-0.00	0.0605	10.48	461.0	396.31	0.0615	486.1	8.750	18.39	10.15	1.66
	36.75	34.87	67.70	0.00	0.0604	10.48	461.2	396.42	0.0625	491.6	8.849	18.59	10.32	1.66
	37.77	34.87	67.75	0.00	0.0609	10.60	466.3	400.55	0.0592	450.5	8.109	17.03	9.02	1.66
	38.75	34.85	67.73	0.00	0.0609	10.53	463.4	398.21	0.0605	472.1	8.498	17.85	9.71	1.67
	39.76	34.84	67.70	-0.00	0.0610	10.58	465.5	400.16	0.0601	462.4	8.322	17.49	9.40	1.67
	40.78	34.81	67.70	-0.00	0.0604	10.47	460.5	395.85	0.0631	492.0	8.856	18.61	10.33	1.66
	41.76	34.87	67.70	-0.00	0.0604	10.49	461.6	396.84	0.0639	509.7	9.174	19.28	10.86	1.66
	42.76	34.84	67.70	-0.00	0.0603	10.46	460.4	395.73	0.0638	507.9	9.142	19.21	10.80	1.66
	43.76	34.78	67.70	0.00	0.0603	10.49	461.7	396.84	0.0632	492.9	8.871	18.64	10.35	1.66
	44.76	34.84	67.70	0.00	0.0603	10.42	458.5	394.12	0.0640	505.6	9.100	19.12	10.74	1.66
	45.82	34.81	67.70	0.00	0.0601	10.40	457.6	393.29	0.0637	510.8	9.195	19.32	10.89	1.67
	46.75	34.84	67.70	0.00	0.0602	10.36	455.9	391.87	0.0642	501.9	9.034	18.98	10.63	1.66
	47.77	34.80	67.70	-0.00	0.0601	10.41	457.9	393.56	0.0634	504.3	9.078	19.07	10.70	1.66
	48.81	34.84	67.73	0.00	0.0602	10.40	457.5	393.12	0.0639	512.9	9.232	19.39	10.95	1.66
	49.76	34.81	67.70	0.00	0.0602	10.40	457.7	393.42	0.0638	502.1	9.039	18.99	10.63	1.66
	50.78	34.80	67.70	-0.00	0.0600	10.36	455.8	391.79	0.0632	498.8	8.978	18.86	10.53	1.66
	51.76	34.81	67.70	-0.00	0.0600	10.39	457.0	392.79	0.0632	498.4	8.972	18.85	10.52	1.67
	52.76	34.84	67.68	0.00	0.0600	10.37	456.4	392.45	0.0638	510.4	9.188	19.31	10.88	1.66
	53.77	34.84	67.70	-0.00	0.0602	10.40	457.4	393.16	0.0636	503.1	9.056	19.03	10.66	1.66
	54.77	34.81	67.70	-0.00	0.0600	10.34	455.2	391.24	0.0635	501.9	9.035	18.98	10.63	1.66
	55.83	34.81	67.70	0.00	0.0599	10.32	454.0	390.23	0.0647	510.5	9.189	19.31	10.88	1.66
	56.75	34.81	67.73	0.00	0.0596	10.29	452.7	388.97	0.0654	528.1	9.507	19.97	11.39	1.66
	57.75	34.79	67.72	0.00	0.0595	10.27	451.9	388.27	0.0644	513.8	9.248	19.42	10.98	1.67
	58.77	34.78	67.70	0.00	0.0598	10.33	454.6	390.70	0.0654	522.5	9.405	19.76	11.23	1.66
	59.75	34.81	67.70	0.00	0.0597	10.32	453.9	390.17	0.0650	521.3	9.383	19.71	11.20	1.66
	60.76	34.80	67.70	0.00	0.0596	10.29	452.8	389.21	0.0655	525.8	9.464	19.88	11.32	1.66
	61.78	34.84	67.72	-0.00	0.0600	10.30	453.0	389.26	0.0654	520.0	9.359	19.66	11.16	1.66
	62.76	34.82	67.70	-0.00	0.0598	10.32	453.9	390.11	0.0670	541.2	9.741	20.47	11.76	1.66
	63.76	34.78	67.70	-0.00	0.0600	10.31	453.8	389.97	0.0663	543.6	9.784	20.55	11.83	1.66
	64.76	34.81	67.72	0.00	0.0602	10.39	457.2	392.87	0.0650	518.0	9.323	19.58	11.10	1.66
	65.77	34.79	67.73	0.00	0.0602	10.42	458.4	393.85	0.0641	508.7	9.156	19.23	10.83	1.66
	66.75	34.81	67.73	0.00	0.0598	10.35	455.5	391.34	0.0649	513.0	9.234	19.39	10.95	1.66
	67.77	34.79	67.73	0.00	0.0599	10.32	454.1	390.12	0.0652	522.3	9.402	19.74	11.22	1.66
	68.84	34.79	67.70	-0.00	0.0600	10.34	455.1	391.14	0.0662	537.4	9.673	20.32	11.65	1.67
	69.76	34.81	67.70	0.00	0.0597	10.31	453.7	390.00	0.0674	550.5	9.909	20.82	12.02	1.66
	70.78	34.79	67.72	-0.00	0.0595	10.26	451.6	388.00	0.0682	557.6	10.037	21.08	12.21	1.66
	71.76	34.77	67.70	0.00	0.0595	10.24	450.6	387.23	0.0682	553.5	9.963	20.93	12.10	1.66
	72.76	34.82	67.72	0.00	0.0593	10.22	449.6	386.28	0.0676	553.2	9.957	20.91	12.09	1.67
	73.76	34.76	67.73	0.00	0.0594	10.21	449.4	386.01	0.0682	555.0	9.990	20.98	12.14	1.67
	74.75	34.76	67.73	0.00	0.0594	10.24	450.5	387.00	0.0677	551.6	9.929	20.85	12.05	1.67
	75.83	34.79	67.72	-0.00	0.0595	10.22	449.6	386.26	0.0687	564.1	10.154	21.33	12.39	1.66
	76.77	34.79	67.70	-0.00	0.0592	10.21	449.0	385.93	0.0686	563.9	10.150	21.32	12.38	1.67
	77.75	34.77	67.70	0.00	0.0593	10.18	447.9	384.90	0.0699	578.3	10.409	21.87	12.77	1.66
	78.76	34.77	67.70	-0.00	0.0589	10.13	445.9	383.20	0.0711	589.5	10.612	22.29	13.06	1.66
	79.75	34.77	67.70	-0.00	0.0587	10.07	442.9	380.66	0.0718	599.3	10.788	22.66	13.31	1.67
	80.75	34.74	67.70	0.00	0.0589	10.08	443.4	381.06	0.0716	598.6	10.775	22.63	13.29	1.67
	81.76	34.76	67.70	0.00	0.0585	10.06	442.6	380.33	0.0721	603.7	10.866	22.83	13.42	1.66
	82.76	34.78	67.73	0.00	0.0586	10.06	442.6	380.20	0.0725	600.8	10.815	22.71	13.35	1.66
	83.76	34.77	67.73	0.00	0.0586	10.04	441.6	379.40	0.0720	602.9	10.852	22.79	13.41	1.66
	84.75	34.75	67.70	0.00	0.0589	10.13	445.8	383.10	0.0699	578.6	10.414	21.88	12.77	1.66
	85.77	34.78	67.68	0.00	0.0588	10.06	442.7	380.60	0.0708	596.8	10.742	22.57	13.25	1.67
	86.77	34.77	67.70	-0.00	0.0588	10.08	443.6	381.21	0.0702	580.7	10.453	21.96	12.83	1.66
	87.75	34.75	67.70	0.00	0.0585	10.07	443.2	380.88	0.0717	597.5	10.755	22.59	13.27	1.66
	88.78	34.75	67.73	-0.00	0.0587	10.07	443.1	380.59	0.0715	587.0	10.565	22.19	12.99	1.66
	89.76	34.77	67.70	0.00	0.0588	10.13	445.6	382.93	0.0720	592.2	10.660	22.39	13.13	1.66
	90.76	34.74	67.70	-0.00	0.0587	10.08	443.6	381.16	0.0718	603.3	10.859	22.81	13.41	1.66
	91.74	34.75	67.70	0.00	0.0590	10.16	446.9	384.00	0.0705	581.0	10.457	21.97	12.84	1.67
	92.77	34.75	67.70	-0.00	0.0589	10.09	444.0	381.57	0.0705	589.7	10.615	22.30	13.07	1.66
	93.76	34.73	67.70	-0.00	0.0591	10.14	446.0	383.27	0.0695	575.1	10.352	21.74	12.68	1.66
	94.74	34.74	67.70	0.00	0.0593	10.16	447.0	384.13	0.0684	562.9	10.131	21.28	12.35	1.67
	95.77	34.75	67.70	-0.00	0.0586	10.09	443.9	381.44	0.0716	590.9	10.637	22.34	13.10	1.66
	96.75	34.78	67.70	0.00	0.0588	10.08	443.5	381.11	0.0709	590.8	10.634	22.34	13.09	1.67
	97.73	34.78	67.70	0.00	0.0587	10.08	443.5	381.18	0.0724	609.1	10.963	23.03	13.56	1.67
	98.76	34.73	67.70	0.00	0.0588	10.11	444.7	382.11	0.0711	593.7	10.686	22.45	13.17	1.66
	99.76	34.72	67.72	0.00	0.0587	10.09	443.7	381.16	0.0718	597.2	10.749	22.57	13.26	1.66
	100.76	34.72	67.68	-0.00	0.0584	10.03	441.3	379.33	0.0737	624.6	11.242	23.62	13.95	1.66
	101.74	34.72	67.70	0.00	0.0583	10.01	440.3	378.29	0.0744	629.4	11.329	23.79	14.06	1.66
	102.76	34.73	67.70	0.00	0.0581	9.94	437.1	375.63	0.0760	656.2	11.811	24.81	14.71	1.67
	103.76	34.73	67.70	0.00	0.0586	10.05	442.3	380.09	0.0741	631.0	11.357	23.86	14.10	1.67
	104.75	34.71	67.70	-0.00	0.0580	9.92	436.6	375.11	0.0769	669.7	12.055	25.32	15.03	1.66
	105.75	34.71	67.70	0.00	0.0576	9.90	435.4	374.12	0.0778	663.0	11.935	25.07	14.87	1.66
	106.77	34.71	67.70	0.00	0.0573	9.75	429.2	368.78	0.0782	690.3	12.426	26.10	15.50	1.66
	107.75	34.75	67.70	0.00	0.0575	9.80	431.4	370.70	0.0779	679.8	12.237	25.70	15.26	1.66
	108.75	34.68	67.68	-0.00	0.0578	9.87	434.4	373.29	0.0766	660.3	11.885	24.97	14.80	1.67
	109.78	34.73	67.70	-0.00	0.0578	9.88	434.9	373.66	0.0759	660.9	11.897	24.99	14.82	1.67
	110.76	34.70	67.68	-0.00	0.0580	9.94	437.2	375.75	0.0747	639.1	11.503	24.17	14.30	1.66
	111.76	34.71	67.70	0.00	0.0580	9.93	436.7	375.23	0.0746	639.9	11.518	24.19	14.32	1.66
	112.77	34.70	67.70	-0.00	0.0579	9.91	436.1	374.66	0.0745	634.6	11.422	23.99	14.19	1.66
	113.76	34.68	67.70	-0.00	0.0578	9.88	434.7	373.49	0.0758	650.5	11.708	24.59	14.57	1.66
	114.74	34.71	67.70	0.00	0.0580	9.87	434.2	373.06	0.0743	643.8	11.588	24.34	14.41	1.67
	115.77	34.71	67.70	-0.00	0.0579	9.91	436.1	374.74	0.0748	641.3	11.543	24.24	14.35	1.67
	116.75	34.71	67.70	0.00	0.0579	9.90	435.6	374.26	0.0747	639.3	11.507	24.17	14.30	1.67
	117.77	34.71	67.70	-0.00	0.0579	9.94	437.3	375.74	0.0758	644.9	11.608	24.38	14.44	1.66
	118.76	34.69	67.68	-0.00	0.0580	9.92	436.5	375.15	0.0765	659.7	11.874	24.95	14.79	1.66
	119.76	34.71	67.70	0.00	0.0579	9.90	435.5	374.23	0.0765	663.8	11.949	25.10	14.89	1.67
	120.76	34.74	67.70	0.00	0.0583	10.01	440.3	378.32	0.0749	641.2	11.541	24.24	14.35	1.67
	121.74	34.71	67.70	0.00	0.0580	9.93	436.9	375.37	0.0765	655.4	11.796	24.78	14.69	1.66
