Jul 25 2015 at 16:14:57
Frequency: 1.00Hz.
CO2
Zero:  Value:0.95  Date:18 Mar 2005	 at 07:22:33	
Span:  Value:1.00  Date:18 Mar 2005	 at 07:25:09	
H2O
Zero:  Value:0.71  Date:18 Mar 2005	 at 07:52:31	
Span:  Value:0.99  Date:18 Mar 2005	 at 11:44:01	
	Relative Time	Temperature	Pressure	Aux Input	CO2 Absorptance	CO2 mmol/m3	CO2 mg/m3	CO2 umol/mol	H2O Absorptance	H2O mmol/m3	H2O g/m3	H2O mmol/mol	H2O(°C)	Cooler Voltage
	0.61	33.22	67.70	-0.00	0.0607	10.53	463.4	396.24	0.0725	597.0	10.746	22.46	13.18	1.67
	1.61	33.22	67.70	0.00	0.0604	10.44	459.5	392.93	0.0753	645.2	11.614	24.28	14.37	1.67
	2.67	33.27	67.70	0.00	0.0604	10.45	459.8	393.23	0.0753	645.3	11.616	24.28	14.38	1.67
	3.60	33.32	67.68	-0.00	0.0605	10.46	460.3	393.89	0.0750	642.4	11.563	24.19	14.31	1.67
	4.60	33.31	67.70	0.00	0.0606	10.51	462.3	395.44	0.0744	633.9	11.411	23.86	14.10	1.67
	5.60	33.31	67.70	0.00	0.0605	10.46	460.3	393.72	0.0746	638.8	11.498	24.04	14.22	1.67
	6.60	33.31	67.68	0.00	0.0608	10.55	464.2	397.17	0.0729	614.1	11.055	23.12	13.62	1.67
	7.61	33.33	67.70	-0.00	0.0605	10.47	460.8	394.15	0.0738	626.3	11.273	23.57	13.92	1.67
	8.60	33.31	67.68	0.00	0.0604	10.45	459.9	393.48	0.0738	625.3	11.255	23.54	13.89	1.67
	9.59	33.29	67.70	-0.00	0.0605	10.47	460.6	393.98	0.0741	631.1	11.360	23.75	14.03	1.67
	10.59	33.29	67.70	0.00	0.0605	10.48	460.9	394.21	0.0738	626.5	11.276	23.58	13.92	1.67
	11.61	33.29	67.68	-0.00	0.0607	10.51	462.3	395.51	0.0732	623.4	11.222	23.47	13.85	1.67
	12.59	33.32	67.65	-0.00	0.0607	10.51	462.6	396.01	0.0732	620.2	11.163	23.36	13.77	1.67
	13.59	33.29	67.68	0.00	0.0610	10.58	465.4	398.22	0.0700	587.2	10.570	22.11	12.93	1.67
	14.62	33.25	67.70	-0.00	0.0610	10.58	465.5	398.10	0.0704	582.5	10.485	21.92	12.80	1.67
	15.60	33.25	67.67	0.00	0.0610	10.59	465.9	398.59	0.0699	580.4	10.448	21.85	12.75	1.67
	16.61	33.23	67.70	0.00	0.0610	10.59	466.0	398.51	0.0688	563.7	10.147	21.21	12.30	1.67
	17.61	33.22	67.70	-0.00	0.0610	10.57	465.0	397.63	0.0697	578.2	10.408	21.76	12.69	1.67
	18.59	33.20	67.68	0.00	0.0611	10.61	467.0	399.47	0.0692	572.6	10.307	21.55	12.54	1.67
	19.61	33.22	67.70	0.00	0.0610	10.58	465.6	398.16	0.0694	571.5	10.287	21.50	12.51	1.67
	20.61	33.20	67.70	-0.00	0.0610	10.57	465.2	397.82	0.0690	570.2	10.264	21.45	12.48	1.67
	21.61	33.20	67.68	-0.00	0.0608	10.56	464.8	397.54	0.0682	559.5	10.071	21.06	12.19	1.67
	22.68	33.20	67.70	-0.00	0.0610	10.57	465.0	397.65	0.0674	547.9	9.862	20.61	11.87	1.67
	23.66	33.17	67.68	0.00	0.0608	10.54	463.8	396.66	0.0676	551.6	9.929	20.76	11.97	1.67
	24.59	33.14	67.70	0.00	0.0609	10.56	464.6	397.17	0.0670	542.2	9.760	20.40	11.71	1.67
	25.60	33.12	67.70	0.00	0.0611	10.60	466.5	398.72	0.0662	531.9	9.574	20.01	11.42	1.67
	26.60	33.07	67.70	-0.00	0.0611	10.61	466.7	398.87	0.0664	535.0	9.629	20.12	11.50	1.67
	27.58	33.12	67.68	0.00	0.0610	10.58	465.7	398.20	0.0671	541.6	9.748	20.38	11.69	1.67
	28.59	33.10	67.70	0.00	0.0611	10.60	466.2	398.53	0.0666	540.4	9.727	20.32	11.66	1.67
	29.59	33.10	67.70	0.00	0.0612	10.64	468.3	400.28	0.0660	533.7	9.606	20.07	11.47	1.67
	30.59	33.12	67.68	-0.00	0.0612	10.63	467.5	399.81	0.0660	531.1	9.559	19.98	11.39	1.67
	31.61	33.12	67.68	0.00	0.0612	10.64	468.0	400.14	0.0659	530.6	9.551	19.96	11.38	1.67
	32.62	33.10	67.67	-0.00	0.0613	10.65	468.7	400.81	0.0661	532.1	9.577	20.02	11.42	1.67
	33.60	33.08	67.68	0.00	0.0612	10.65	468.4	400.50	0.0660	531.3	9.563	19.99	11.40	1.67
	34.62	33.13	67.70	-0.00	0.0613	10.64	468.3	400.36	0.0664	535.0	9.630	20.12	11.51	1.67
	35.62	33.10	67.70	-0.00	0.0612	10.63	467.9	399.91	0.0662	534.5	9.621	20.10	11.49	1.67
	36.60	33.11	67.67	-0.00	0.0612	10.62	467.5	399.75	0.0661	532.6	9.587	20.04	11.44	1.67
	37.60	33.13	67.68	-0.00	0.0612	10.63	467.9	400.16	0.0660	531.3	9.564	19.99	11.40	1.67
	38.59	33.14	67.68	0.00	0.0611	10.61	466.9	399.32	0.0659	530.2	9.543	19.95	11.37	1.67
	39.59	33.13	67.68	0.00	0.0611	10.60	466.5	398.89	0.0661	531.9	9.573	20.01	11.42	1.67
	40.59	33.14	67.67	-0.00	0.0612	10.63	467.6	399.92	0.0661	532.7	9.589	20.05	11.44	1.67
	41.60	33.14	67.68	0.00	0.0611	10.61	467.0	399.37	0.0661	532.2	9.580	20.03	11.43	1.67
	42.60	33.12	67.68	0.00	0.0612	10.62	467.2	399.51	0.0663	533.3	9.600	20.07	11.46	1.67
	43.60	33.14	67.70	0.00	0.0612	10.63	467.7	399.79	0.0664	535.4	9.637	20.14	11.52	1.67
	44.60	33.17	67.66	0.00	0.0613	10.65	468.5	400.83	0.0666	537.7	9.678	20.24	11.58	1.67
	45.60	33.14	67.70	0.00	0.0612	10.63	467.6	399.73	0.0664	537.4	9.673	20.21	11.57	1.67
	46.60	33.14	67.68	0.00	0.0612	10.63	467.9	400.10	0.0664	537.0	9.665	20.21	11.56	1.67
	47.66	33.15	67.68	0.00	0.0611	10.62	467.1	399.51	0.0661	533.0	9.594	20.06	11.45	1.67
	48.59	33.19	67.68	0.00	0.0611	10.61	467.0	399.45	0.0661	532.7	9.588	20.05	11.44	1.67
	49.61	33.19	67.70	-0.00	0.0611	10.60	466.5	398.83	0.0664	533.6	9.606	20.08	11.47	1.67
	50.61	33.18	67.70	0.00	0.0612	10.63	467.6	399.84	0.0668	541.4	9.746	20.37	11.69	1.67
	51.60	33.18	67.67	-0.00	0.0613	10.65	468.6	400.81	0.0675	549.7	9.895	20.69	11.92	1.67
	52.62	33.16	67.68	-0.00	0.0612	10.64	468.2	400.43	0.0672	545.3	9.816	20.52	11.80	1.67
	53.68	33.12	67.68	-0.00	0.0612	10.63	467.9	400.06	0.0672	546.4	9.836	20.56	11.82	1.67
	54.60	33.13	67.67	-0.00	0.0611	10.61	466.8	399.17	0.0667	540.8	9.734	20.35	11.67	1.67
	55.58	33.07	67.68	0.00	0.0610	10.58	465.5	398.03	0.0668	541.6	9.749	20.38	11.69	1.67
	56.61	33.08	67.70	-0.00	0.0611	10.61	466.7	398.94	0.0672	546.2	9.832	20.54	11.82	1.67
	57.59	33.09	67.68	0.00	0.0613	10.64	468.2	400.32	0.0678	551.1	9.920	20.73	11.95	1.67
	58.59	33.06	67.65	0.00	0.0612	10.64	468.3	400.49	0.0683	558.8	10.059	21.03	12.16	1.67
	59.61	33.06	67.70	-0.00	0.0612	10.64	468.0	399.96	0.0682	557.6	10.037	20.97	12.13	1.67
	60.61	33.03	67.68	0.00	0.0612	10.63	467.8	399.93	0.0682	558.9	10.061	21.02	12.16	1.67
	61.59	33.07	67.68	0.00	0.0611	10.61	466.9	399.21	0.0682	556.3	10.013	20.93	12.09	1.67
	62.60	33.08	67.73	0.00	0.0612	10.62	467.3	399.23	0.0683	559.9	10.078	21.05	12.19	1.68
	63.60	33.08	67.70	0.00	0.0613	10.65	468.8	400.69	0.0690	566.5	10.198	21.31	12.37	1.67
	64.60	33.10	67.65	0.00	0.0613	10.65	468.8	400.98	0.0692	568.8	10.238	21.41	12.43	1.67
	65.60	33.09	67.72	-0.00	0.0612	10.64	468.1	399.95	0.0687	565.1	10.171	21.24	12.33	1.67
	66.61	33.09	67.68	-0.00	0.0612	10.63	467.7	399.86	0.0687	562.5	10.125	21.16	12.26	1.67
	67.59	33.07	67.70	-0.00	0.0612	10.63	467.9	399.88	0.0687	563.4	10.142	21.19	12.29	1.67
	68.59	33.12	67.70	0.00	0.0612	10.63	467.6	399.75	0.0686	563.7	10.146	21.20	12.30	1.68
	69.59	33.17	67.68	0.00	0.0612	10.63	467.5	399.84	0.0687	562.6	10.128	21.17	12.27	1.67
	70.61	33.16	67.70	0.00	0.0611	10.61	466.7	399.04	0.0688	564.0	10.151	21.22	12.31	1.67
	71.60	33.15	67.68	-0.00	0.0611	10.61	466.8	399.20	0.0692	567.6	10.216	21.36	12.40	1.67
	72.59	33.10	67.68	0.00	0.0613	10.64	468.1	400.26	0.0695	572.6	10.308	21.54	12.54	1.67
	73.60	33.11	67.72	0.00	0.0613	10.65	468.8	400.55	0.0698	578.9	10.420	21.76	12.70	1.68
	74.61	33.13	67.70	-0.00	0.0612	10.64	468.3	400.29	0.0702	581.8	10.473	21.88	12.78	1.67
	75.60	33.14	67.68	0.00	0.0612	10.63	467.5	399.82	0.0703	582.0	10.475	21.90	12.78	1.67
	76.60	33.19	67.70	0.00	0.0612	10.63	467.6	399.83	0.0704	583.7	10.506	21.96	12.83	1.67
	77.61	33.20	67.70	-0.00	0.0611	10.61	466.6	399.01	0.0699	575.1	10.352	21.64	12.61	1.67
	78.59	33.22	67.70	0.00	0.0612	10.63	467.9	400.12	0.0701	578.3	10.410	21.76	12.69	1.67
	79.59	33.27	67.70	0.00	0.0611	10.62	467.1	399.53	0.0686	563.7	10.146	21.21	12.30	1.68
	80.61	33.27	67.70	-0.00	0.0611	10.60	466.6	399.04	0.0688	563.9	10.151	21.22	12.31	1.67
	81.59	33.22	67.70	0.00	0.0610	10.59	466.1	398.55	0.0685	560.7	10.093	21.10	12.22	1.68
	82.60	33.28	67.68	0.00	0.0612	10.64	468.1	400.49	0.0696	576.2	10.372	21.69	12.64	1.68
	83.60	33.16	67.70	0.00	0.0611	10.61	466.8	399.06	0.0698	576.3	10.374	21.68	12.64	1.68
	84.60	33.19	67.70	0.00	0.0612	10.62	467.2	399.44	0.0697	575.9	10.366	21.67	12.63	1.67
	85.61	33.13	67.68	-0.00	0.0611	10.60	466.2	398.68	0.0696	573.8	10.329	21.59	12.57	1.68
	86.61	33.13	67.70	-0.00	0.0611	10.60	466.3	398.65	0.0700	577.7	10.398	21.73	12.67	1.68
	87.61	33.10	67.68	-0.00	0.0612	10.64	468.0	400.13	0.0704	584.8	10.526	22.00	12.85	1.68
	88.61	33.07	67.70	-0.00	0.0612	10.63	467.8	399.82	0.0704	584.1	10.514	21.97	12.84	1.68
	89.61	33.08	67.68	-0.00	0.0612	10.62	467.4	399.60	0.0704	584.2	10.516	21.98	12.84	1.68
	90.61	33.06	67.68	0.00	0.0611	10.61	467.0	399.22	0.0701	580.9	10.456	21.85	12.75	1.68
	91.60	33.06	67.65	0.00	0.0611	10.60	466.4	398.88	0.0698	577.1	10.388	21.72	12.65	1.68
	92.59	33.06	67.70	0.00	0.0612	10.62	467.2	399.28	0.0703	582.8	10.490	21.92	12.80	1.68
	93.58	33.05	67.67	0.00	0.0612	10.62	467.3	399.56	0.0703	583.2	10.498	21.94	12.81	1.68
	94.60	33.10	67.70	0.00	0.0611	10.61	466.8	398.97	0.0703	583.2	10.498	21.93	12.81	1.68
	95.60	33.14	67.72	-0.00	0.0611	10.61	466.9	399.02	0.0701	580.7	10.453	21.84	12.75	1.68
	96.58	33.17	67.70	0.00	0.0611	10.61	466.7	399.02	0.0701	580.3	10.446	21.83	12.74	1.68
	97.58	33.14	67.70	0.00	0.0610	10.60	466.2	398.55	0.0700	579.1	10.423	21.78	12.71	1.68
	98.61	33.13	67.67	0.00	0.0611	10.60	466.4	398.84	0.0698	577.7	10.399	21.74	12.67	1.68
	99.59	33.09	67.68	0.00	0.0610	10.59	466.0	398.48	0.0702	582.5	10.485	21.91	12.79	1.68
	100.61	33.11	67.68	-0.00	0.0611	10.60	466.4	398.85	0.0702	581.3	10.463	21.87	12.76	1.68
	101.60	33.06	67.68	0.00	0.0611	10.60	466.6	398.92	0.0701	581.3	10.463	21.87	12.76	1.68
	102.60	33.04	67.70	0.00	0.0612	10.64	468.0	399.95	0.0695	574.1	10.333	21.59	12.57	1.68
	103.60	33.06	67.70	-0.00	0.0612	10.64	468.2	400.15	0.0695	572.0	10.295	21.51	12.52	1.68
	104.61	33.04	67.70	-0.00	0.0611	10.62	467.4	399.44	0.0695	571.2	10.281	21.48	12.49	1.68
	105.67	33.02	67.68	-0.00	0.0611	10.60	466.3	398.61	0.0703	582.4	10.483	21.91	12.79	1.68
	106.59	33.05	67.68	-0.00	0.0611	10.61	466.7	398.97	0.0704	584.2	10.516	21.98	12.84	1.68
	107.61	33.04	67.70	0.00	0.0611	10.61	467.0	399.07	0.0704	583.4	10.501	21.94	12.82	1.68
	108.61	33.06	67.67	-0.00	0.0610	10.60	466.5	398.81	0.0702	585.3	10.536	22.02	12.87	1.68
	109.67	33.11	67.68	0.00	0.0610	10.59	466.0	398.46	0.0703	582.7	10.488	21.92	12.80	1.68
	110.61	33.15	67.70	0.00	0.0610	10.59	466.1	398.46	0.0705	585.2	10.534	22.01	12.87	1.68
	111.60	33.13	67.68	0.00	0.0611	10.61	467.0	399.40	0.0707	587.1	10.567	22.09	12.92	1.68
	112.60	33.13	67.65	-0.00	0.0611	10.60	466.6	399.18	0.0708	589.7	10.614	22.20	12.98	1.68
	113.60	33.15	67.70	-0.00	0.0611	10.60	466.2	398.60	0.0707	588.3	10.590	22.13	12.95	1.68
	114.61	33.13	67.68	-0.00	0.0611	10.61	466.8	399.16	0.0709	588.6	10.594	22.15	12.96	1.68
	115.60	33.06	67.68	0.00	0.0611	10.60	466.4	398.78	0.0713	595.9	10.726	22.42	13.14	1.68
	116.59	33.09	67.72	0.00	0.0611	10.61	466.7	398.78	0.0715	597.8	10.760	22.47	13.19	1.68
	117.61	33.04	67.68	-0.00	0.0611	10.60	466.4	398.71	0.0715	599.6	10.793	22.55	13.23	1.68
	118.61	33.04	67.68	0.00	0.0611	10.60	466.2	398.57	0.0717	602.4	10.843	22.66	13.31	1.68
	119.59	33.13	67.70	-0.00	0.0610	10.58	465.7	398.11	0.0719	600.8	10.814	22.60	13.27	1.68
	120.60	33.16	67.68	0.00	0.0611	10.60	466.4	398.92	0.0719	604.0	10.872	22.73	13.35	1.68
