Jul 25 2015 at 16:53:07
Frequency: 1.00Hz.
CO2
Zero:  Value:0.95  Date:18 Mar 2005	 at 07:22:33	
Span:  Value:1.00  Date:18 Mar 2005	 at 07:25:09	
H2O
Zero:  Value:0.71  Date:18 Mar 2005	 at 07:52:31	
Span:  Value:0.99  Date:18 Mar 2005	 at 11:44:01	
	Relative Time	Temperature	Pressure	Aux Input	CO2 Absorptance	CO2 mmol/m3	CO2 mg/m3	CO2 umol/mol	H2O Absorptance	H2O mmol/m3	H2O g/m3	H2O mmol/mol	H2O(°C)	Cooler Voltage
	0.25	34.46	67.67	0.00	0.0619	10.76	473.2	406.47	0.0529	382.6	6.886	14.46	6.60	1.64
	1.33	34.48	67.68	0.00	0.0617	10.74	472.7	406.02	0.0530	386.8	6.963	14.62	6.76	1.64
	2.26	34.48	67.65	-0.00	0.0619	10.78	474.4	407.63	0.0527	386.2	6.951	14.60	6.74	1.64
	3.25	34.43	67.68	0.00	0.0619	10.78	474.5	407.46	0.0528	388.1	6.986	14.67	6.81	1.64
	4.26	34.47	67.67	0.00	0.0619	10.79	474.8	407.81	0.0523	381.3	6.863	14.41	6.55	1.64
	5.27	34.41	67.68	-0.00	0.0621	10.83	476.5	409.22	0.0521	379.1	6.823	14.32	6.46	1.64
	6.27	34.33	67.65	-0.00	0.0622	10.86	477.8	410.37	0.0524	381.3	6.863	14.41	6.54	1.64
	7.35	34.39	67.67	0.00	0.0623	10.90	479.5	411.72	0.0530	386.4	6.956	14.60	6.74	1.64
	8.31	34.39	67.65	-0.00	0.0623	10.88	478.6	411.15	0.0529	389.6	7.014	14.73	6.86	1.64
	9.27	34.45	67.68	0.00	0.0622	10.82	476.3	409.03	0.0539	397.0	7.145	15.00	7.14	1.64
	10.27	34.45	67.68	0.00	0.0625	10.92	480.6	412.79	0.0523	383.2	6.898	14.48	6.62	1.64
	11.26	34.51	67.70	0.00	0.0621	10.83	476.5	409.15	0.0527	385.8	6.944	14.58	6.72	1.64
	12.26	34.50	67.65	-0.00	0.0621	10.83	476.3	409.30	0.0530	392.5	7.065	14.84	6.97	1.64
	13.26	34.51	67.70	0.00	0.0619	10.80	475.3	408.10	0.0536	395.0	7.110	14.92	7.07	1.64
	14.26	34.59	67.70	0.00	0.0619	10.78	474.1	407.25	0.0537	396.3	7.133	14.98	7.12	1.64
	15.26	34.49	67.65	0.00	0.0618	10.76	473.5	406.90	0.0542	401.7	7.230	15.19	7.31	1.64
	16.27	34.47	67.75	-0.00	0.0618	10.76	473.7	406.37	0.0546	403.4	7.261	15.23	7.37	1.64
	17.27	34.54	67.70	-0.00	0.0618	10.76	473.5	406.66	0.0555	408.9	7.361	15.45	7.57	1.64
	18.25	34.50	67.68	0.00	0.0616	10.74	472.8	406.09	0.0555	415.2	7.474	15.69	7.80	1.64
	19.25	34.46	67.68	0.00	0.0617	10.75	473.1	406.35	0.0556	417.3	7.511	15.77	7.87	1.64
	20.25	34.41	67.65	0.00	0.0616	10.73	472.0	405.48	0.0556	415.1	7.472	15.69	7.79	1.64
	21.25	34.46	67.67	0.00	0.0617	10.73	472.3	405.64	0.0555	416.9	7.504	15.75	7.85	1.64
	22.34	34.48	67.70	0.00	0.0613	10.65	468.6	402.38	0.0563	424.4	7.639	16.03	8.12	1.64
	23.26	34.49	67.70	0.00	0.0615	10.68	470.1	403.59	0.0562	420.2	7.564	15.87	7.97	1.64
	24.27	34.47	67.68	-0.00	0.0615	10.71	471.5	404.93	0.0563	423.0	7.615	15.99	8.07	1.64
	25.35	34.38	67.70	-0.00	0.0616	10.72	471.6	404.81	0.0565	424.2	7.636	16.02	8.11	1.64
	26.27	34.36	67.65	-0.00	0.0617	10.73	472.3	405.62	0.0563	424.0	7.632	16.02	8.10	1.64
	27.27	34.37	67.70	0.00	0.0616	10.73	472.2	405.30	0.0564	425.9	7.667	16.09	8.17	1.64
	28.25	34.36	67.68	0.00	0.0615	10.72	471.5	404.85	0.0560	422.5	7.605	15.96	8.05	1.64
	29.23	34.36	67.70	0.00	0.0614	10.67	469.6	403.01	0.0554	413.7	7.447	15.62	7.74	1.64
	30.28	34.37	67.67	0.00	0.0614	10.69	470.6	404.06	0.0562	422.6	7.606	15.97	8.05	1.64
	31.26	34.34	67.65	0.00	0.0616	10.72	471.9	405.28	0.0561	421.3	7.583	15.92	8.00	1.64
	32.26	34.38	67.67	0.00	0.0615	10.73	472.0	405.30	0.0561	422.1	7.597	15.95	8.03	1.64
	33.26	34.42	67.67	-0.00	0.0616	10.71	471.3	404.78	0.0561	420.3	7.565	15.88	7.97	1.64
	34.26	34.49	67.68	0.00	0.0616	10.74	472.4	405.78	0.0569	424.8	7.647	16.06	8.13	1.64
	35.26	34.47	67.67	0.00	0.0614	10.70	470.6	404.25	0.0564	425.3	7.656	16.07	8.15	1.64
	36.25	34.45	67.67	-0.00	0.0614	10.67	469.6	403.34	0.0565	423.3	7.619	16.00	8.08	1.64
	37.27	34.48	67.65	-0.00	0.0615	10.70	470.8	404.50	0.0566	424.4	7.638	16.04	8.12	1.64
	38.28	34.46	67.70	-0.00	0.0615	10.70	471.0	404.33	0.0567	428.5	7.713	16.19	8.26	1.64
	39.27	34.44	67.67	0.00	0.0615	10.70	470.8	404.35	0.0575	436.7	7.860	16.50	8.53	1.64
	40.26	34.43	67.67	-0.00	0.0615	10.68	469.7	403.41	0.0572	431.1	7.760	16.29	8.34	1.64
	41.26	34.46	67.67	-0.00	0.0614	10.67	469.7	403.40	0.0569	431.4	7.764	16.30	8.36	1.64
	42.26	34.46	67.70	0.00	0.0614	10.67	469.7	403.25	0.0572	433.4	7.802	16.37	8.43	1.64
	43.24	34.48	67.70	0.00	0.0614	10.69	470.4	403.92	0.0576	436.5	7.857	16.49	8.53	1.64
	44.26	34.45	67.67	-0.00	0.0615	10.69	470.3	403.96	0.0574	432.7	7.789	16.35	8.40	1.64
	45.26	34.45	67.65	0.00	0.0615	10.70	470.6	404.36	0.0579	439.7	7.914	16.62	8.64	1.64
	46.27	34.41	67.67	0.00	0.0614	10.66	469.1	402.86	0.0577	436.6	7.859	16.50	8.53	1.64
	47.25	34.37	67.67	0.00	0.0615	10.69	470.5	404.00	0.0581	443.3	7.979	16.75	8.75	1.64
	48.25	34.30	67.67	0.00	0.0615	10.69	470.4	403.86	0.0582	442.9	7.972	16.73	8.74	1.64
	49.28	34.31	67.68	-0.00	0.0615	10.69	470.3	403.74	0.0585	447.8	8.060	16.91	8.90	1.64
	50.26	34.35	67.70	-0.00	0.0614	10.68	469.9	403.30	0.0592	451.4	8.125	17.05	9.02	1.64
	51.25	34.30	67.68	0.00	0.0614	10.65	468.8	402.40	0.0588	447.8	8.061	16.91	8.90	1.64
	52.26	34.36	67.70	0.00	0.0613	10.65	468.7	402.28	0.0590	450.2	8.104	17.00	8.98	1.64
	53.27	34.33	67.67	-0.00	0.0614	10.66	469.0	402.67	0.0589	452.8	8.150	17.10	9.07	1.64
	54.27	34.29	67.67	-0.00	0.0613	10.65	468.7	402.34	0.0590	451.0	8.117	17.03	9.00	1.64
	55.27	34.27	67.70	-0.00	0.0614	10.67	469.3	402.68	0.0589	453.2	8.157	17.11	9.08	1.64
	56.27	34.24	67.65	0.00	0.0613	10.66	469.0	402.69	0.0586	450.9	8.117	17.04	9.00	1.64
	57.25	34.21	67.67	0.00	0.0613	10.66	469.2	402.65	0.0584	444.5	8.000	16.78	8.79	1.64
	58.27	34.23	67.63	-0.00	0.0613	10.65	468.7	402.56	0.0583	444.6	8.002	16.80	8.79	1.64
	59.25	34.24	67.70	0.00	0.0613	10.65	468.6	402.06	0.0583	446.1	8.030	16.84	8.84	1.64
	60.26	34.29	67.70	0.00	0.0612	10.64	468.2	401.74	0.0592	453.3	8.160	17.12	9.08	1.64
	61.25	34.28	67.68	0.00	0.0612	10.63	467.6	401.38	0.0594	457.8	8.241	17.29	9.23	1.64
	62.24	34.33	67.60	0.00	0.0612	10.63	467.6	401.93	0.0594	454.3	8.177	17.18	9.12	1.64
	63.26	34.37	67.70	0.00	0.0612	10.63	467.8	401.51	0.0596	457.3	8.231	17.27	9.21	1.64
	64.26	34.44	67.68	-0.00	0.0612	10.62	467.3	401.34	0.0593	455.0	8.190	17.19	9.14	1.64
	65.24	34.41	67.68	0.00	0.0612	10.64	468.0	401.87	0.0598	460.8	8.294	17.41	9.33	1.64
	66.27	34.35	67.70	0.00	0.0612	10.63	467.6	401.28	0.0598	460.6	8.291	17.39	9.32	1.64
	67.33	34.41	67.65	0.00	0.0612	10.64	468.0	402.04	0.0604	465.3	8.375	17.59	9.47	1.64
	68.25	34.37	67.68	0.00	0.0612	10.63	467.5	401.44	0.0603	465.8	8.385	17.60	9.49	1.64
	69.28	34.32	67.65	0.00	0.0612	10.65	468.5	402.35	0.0605	465.4	8.378	17.59	9.47	1.64
	70.26	34.30	67.65	0.00	0.0612	10.63	467.9	401.82	0.0607	470.9	8.475	17.79	9.65	1.64
	71.26	34.32	67.67	0.00	0.0612	10.63	467.8	401.60	0.0605	469.7	8.455	17.74	9.61	1.64
	72.26	34.30	67.67	0.00	0.0612	10.63	467.9	401.64	0.0606	469.8	8.457	17.75	9.61	1.64
	73.34	34.34	67.65	0.00	0.0611	10.62	467.1	401.21	0.0606	471.1	8.480	17.80	9.66	1.64
	74.26	34.31	67.68	-0.00	0.0611	10.62	467.3	401.17	0.0611	475.6	8.561	17.96	9.80	1.64
	75.25	34.26	67.65	0.00	0.0612	10.62	467.2	401.11	0.0607	473.1	8.516	17.87	9.72	1.64
	76.25	34.31	67.67	0.00	0.0612	10.62	467.4	401.28	0.0610	469.8	8.457	17.75	9.61	1.64
	77.25	34.29	67.68	0.00	0.0612	10.62	467.4	401.21	0.0605	469.4	8.450	17.73	9.60	1.64
	78.27	34.37	67.67	-0.00	0.0611	10.62	467.2	401.13	0.0610	475.2	8.554	17.95	9.79	1.64
	79.26	34.38	67.70	-0.00	0.0611	10.60	466.5	400.41	0.0612	475.5	8.559	17.96	9.80	1.64
	80.25	34.41	67.68	0.00	0.0611	10.62	467.1	401.12	0.0611	475.0	8.550	17.95	9.78	1.64
	81.26	34.44	67.65	-0.00	0.0611	10.61	466.9	401.14	0.0613	475.8	8.564	17.99	9.81	1.64
	82.26	34.41	67.65	0.00	0.0611	10.61	466.6	400.87	0.0611	476.1	8.570	18.00	9.82	1.64
	83.26	34.43	67.72	0.00	0.0611	10.60	466.6	400.40	0.0612	476.5	8.577	17.99	9.83	1.64
	84.27	34.48	67.70	-0.00	0.0611	10.60	466.4	400.50	0.0611	479.6	8.633	18.12	9.93	1.64
	85.25	34.45	67.65	0.00	0.0611	10.60	466.6	400.86	0.0611	476.7	8.580	18.02	9.84	1.64
	86.25	34.46	67.72	0.00	0.0611	10.61	467.0	400.77	0.0606	470.7	8.472	17.77	9.65	1.64
	87.27	34.41	67.65	0.00	0.0611	10.60	466.4	400.70	0.0608	470.4	8.468	17.78	9.64	1.64
	88.27	34.40	67.67	0.00	0.0610	10.58	465.6	399.85	0.0607	470.4	8.467	17.77	9.64	1.64
	89.26	34.46	67.70	-0.00	0.0611	10.59	466.0	400.05	0.0612	474.1	8.534	17.91	9.76	1.64
	90.25	34.43	67.67	0.00	0.0610	10.58	465.6	399.85	0.0611	473.8	8.528	17.90	9.74	1.64
	91.26	34.43	67.68	-0.00	0.0611	10.60	466.6	400.70	0.0615	478.3	8.610	18.07	9.89	1.64
	92.24	34.45	67.67	0.00	0.0610	10.58	465.7	400.01	0.0614	478.6	8.615	18.09	9.90	1.64
	93.24	34.42	67.67	-0.00	0.0610	10.59	465.9	400.07	0.0617	480.3	8.646	18.15	9.95	1.64
	94.33	34.46	67.70	-0.00	0.0611	10.60	466.5	400.55	0.0617	482.5	8.685	18.23	10.02	1.64
	95.25	34.41	67.64	-0.00	0.0611	10.60	466.5	400.82	0.0616	479.6	8.634	18.13	9.93	1.64
	96.24	34.46	67.67	0.00	0.0611	10.61	466.8	400.91	0.0619	483.5	8.703	18.27	10.05	1.64
	97.27	34.50	67.70	0.00	0.0611	10.61	466.8	400.84	0.0617	482.0	8.676	18.21	10.00	1.64
	98.27	34.44	67.67	0.00	0.0611	10.60	466.5	400.64	0.0619	484.5	8.721	18.31	10.08	1.64
	99.25	34.34	67.67	0.00	0.0611	10.60	466.4	400.42	0.0622	487.4	8.773	18.41	10.16	1.64
	100.26	34.30	67.70	0.00	0.0611	10.60	466.2	400.08	0.0623	487.7	8.779	18.42	10.17	1.64
	101.34	34.21	67.67	-0.00	0.0611	10.60	466.3	400.16	0.0631	491.6	8.849	18.56	10.29	1.64
	102.26	34.16	67.65	-0.00	0.0611	10.60	466.5	400.44	0.0630	496.3	8.933	18.74	10.42	1.64
	103.27	34.16	67.70	-0.00	0.0611	10.60	466.4	400.08	0.0636	503.1	9.056	18.99	10.63	1.64
	104.27	34.20	67.67	-0.00	0.0611	10.61	466.7	400.50	0.0630	497.9	8.962	18.80	10.48	1.64
	105.25	34.17	67.68	0.00	0.0611	10.60	466.5	400.26	0.0629	494.6	8.902	18.67	10.37	1.64
	106.27	34.20	67.70	-0.00	0.0610	10.60	466.4	400.06	0.0626	491.0	8.838	18.53	10.27	1.64
	107.27	34.13	67.65	-0.00	0.0611	10.60	466.5	400.35	0.0633	496.7	8.941	18.76	10.44	1.64
	108.25	34.15	67.67	-0.00	0.0611	10.61	466.6	400.39	0.0639	505.1	9.092	19.07	10.69	1.64
	109.26	34.14	67.67	-0.00	0.0610	10.59	466.0	399.80	0.0630	498.3	8.970	18.81	10.48	1.64
	110.25	34.15	67.73	0.00	0.0610	10.58	465.7	399.29	0.0629	496.5	8.938	18.73	10.43	1.64
	111.24	34.22	67.70	0.00	0.0610	10.59	465.9	399.68	0.0627	498.9	8.981	18.83	10.51	1.64
	112.27	34.23	67.70	-0.00	0.0610	10.59	465.8	399.67	0.0627	490.4	8.828	18.51	10.25	1.64
	113.26	34.22	67.65	0.00	0.0610	10.59	465.9	399.97	0.0630	494.5	8.901	18.68	10.37	1.64
	114.25	34.22	67.70	0.00	0.0610	10.59	465.8	399.59	0.0634	497.1	8.948	18.77	10.45	1.64
	115.27	34.13	67.65	0.00	0.0610	10.59	466.1	400.06	0.0640	507.2	9.130	19.15	10.75	1.64
	116.25	34.17	67.70	0.00	0.0610	10.58	465.7	399.48	0.0642	509.3	9.168	19.22	10.81	1.64
	117.25	34.18	67.70	0.00	0.0610	10.59	465.9	399.66	0.0639	511.7	9.210	19.31	10.88	1.64
	118.26	34.20	67.67	0.00	0.0610	10.59	465.9	399.83	0.0639	509.5	9.171	19.24	10.82	1.64
	119.26	34.20	67.70	0.00	0.0610	10.58	465.5	399.29	0.0636	503.7	9.066	19.01	10.65	1.64
