Jul 25 2015 at 13:41:32
Frequency: 1.00Hz.
CO2
Zero:  Value:0.95  Date:18 Mar 2005	 at 07:22:33	
Span:  Value:1.00  Date:18 Mar 2005	 at 07:25:09	
H2O
Zero:  Value:0.71  Date:18 Mar 2005	 at 07:52:31	
Span:  Value:0.99  Date:18 Mar 2005	 at 11:44:01	
	Relative Time	Temperature	Pressure	Aux Input	CO2 Absorptance	CO2 mmol/m3	CO2 mg/m3	CO2 umol/mol	H2O Absorptance	H2O mmol/m3	H2O g/m3	H2O mmol/mol	H2O(°C)	Cooler Voltage
	0.17	31.37	70.25	0.00	0.0634	11.01	484.5	396.86	0.0645	505.0	9.091	18.20	10.55	1.69
	1.17	31.30	70.25	0.00	0.0631	10.93	481.0	393.84	0.0667	538.2	9.688	19.39	11.50	1.69
	2.18	31.27	70.23	-0.00	0.0631	10.95	481.6	394.46	0.0673	534.9	9.628	19.28	11.41	1.69
	3.17	31.27	70.23	-0.00	0.0631	10.94	481.5	394.36	0.0676	541.1	9.740	19.50	11.58	1.69
	4.17	31.27	70.26	0.00	0.0634	11.00	484.1	396.33	0.0654	517.5	9.314	18.64	10.91	1.69
	5.16	31.29	70.23	0.00	0.0625	10.84	476.9	390.65	0.0712	575.4	10.358	20.74	12.52	1.69
	6.18	31.31	70.25	-0.00	0.0627	10.82	475.9	389.69	0.0713	588.4	10.591	21.20	12.86	1.69
	7.14	31.39	70.23	0.00	0.0621	10.77	473.7	388.14	0.0795	663.2	11.938	23.91	14.71	1.69
	8.17	31.39	70.23	-0.00	0.0623	10.75	473.1	387.64	0.0756	648.7	11.677	23.39	14.36	1.69
	9.16	31.39	70.23	0.00	0.0622	10.75	472.8	387.43	0.0765	646.2	11.632	23.30	14.30	1.69
	10.16	31.45	70.23	0.00	0.0622	10.75	473.0	387.60	0.0768	652.6	11.747	23.53	14.46	1.69
	11.17	31.45	70.23	-0.00	0.0622	10.74	472.4	387.12	0.0768	657.8	11.840	23.72	14.58	1.69
	12.17	31.47	70.23	-0.00	0.0622	10.72	471.7	386.60	0.0776	662.9	11.931	23.90	14.70	1.69
	13.17	31.49	70.23	0.00	0.0621	10.72	471.6	386.57	0.0783	673.8	12.128	24.30	14.96	1.69
	14.16	31.49	70.23	-0.00	0.0621	10.73	472.3	387.09	0.0780	672.1	12.097	24.24	14.92	1.69
	15.16	31.51	70.23	0.00	0.0621	10.72	471.5	386.49	0.0779	664.2	11.956	23.96	14.73	1.68
	16.16	31.51	70.23	-0.00	0.0621	10.71	471.1	386.16	0.0787	677.5	12.194	24.43	15.04	1.69
	17.16	31.51	70.23	0.00	0.0619	10.69	470.2	385.38	0.0792	682.6	12.288	24.62	15.16	1.69
	18.17	31.49	70.25	0.00	0.0620	10.68	469.9	385.00	0.0791	681.4	12.266	24.57	15.13	1.69
	19.17	31.49	70.23	-0.00	0.0622	10.71	471.1	386.19	0.0773	664.4	11.960	23.96	14.74	1.69
	20.17	31.51	70.23	-0.00	0.0619	10.70	470.9	386.00	0.0789	676.9	12.184	24.41	15.03	1.69
	21.15	31.51	70.23	0.00	0.0618	10.65	468.7	384.18	0.0804	701.2	12.622	25.29	15.58	1.69
	22.23	31.53	70.25	0.00	0.0618	10.68	470.0	385.13	0.0809	690.4	12.427	24.89	15.34	1.69
	23.15	31.55	70.23	0.00	0.0617	10.63	467.5	383.29	0.0810	709.4	12.769	25.59	15.76	1.69
	24.16	31.54	70.25	-0.00	0.0617	10.65	468.7	384.11	0.0803	697.1	12.547	25.14	15.49	1.68
	25.15	31.58	70.25	0.00	0.0618	10.65	468.6	384.08	0.0808	705.2	12.694	25.43	15.67	1.69
	26.15	31.55	70.23	0.00	0.0618	10.63	467.8	383.54	0.0805	703.2	12.657	25.36	15.62	1.68
	27.16	31.55	70.20	0.00	0.0616	10.62	467.1	383.10	0.0817	717.3	12.911	25.88	15.93	1.69
	28.16	31.60	70.23	-0.00	0.0618	10.63	467.7	383.46	0.0796	693.5	12.483	25.02	15.41	1.69
	29.16	31.60	70.23	0.00	0.0616	10.60	466.5	382.47	0.0807	705.5	12.699	25.45	15.68	1.69
	30.16	31.57	70.25	-0.00	0.0615	10.60	466.3	382.13	0.0790	693.3	12.480	25.00	15.41	1.69
	31.15	31.59	70.23	0.00	0.0615	10.58	465.4	381.60	0.0816	714.0	12.851	25.76	15.86	1.69
	32.17	31.58	70.25	-0.00	0.0612	10.56	464.5	380.71	0.0832	715.6	12.881	25.81	15.90	1.69
	33.18	31.64	70.30	-0.00	0.0611	10.49	461.7	378.20	0.0847	752.8	13.550	27.13	16.70	1.69
	34.18	31.61	70.28	-0.00	0.0609	10.49	461.7	378.34	0.0847	753.5	13.563	27.17	16.71	1.69
	35.16	31.61	70.23	0.00	0.0609	10.44	459.4	376.71	0.0855	771.8	13.893	27.85	17.09	1.69
	36.16	31.64	70.25	0.00	0.0613	10.51	462.5	379.11	0.0826	730.9	13.156	26.36	16.23	1.69
	37.17	31.64	70.23	-0.00	0.0612	10.48	461.2	378.23	0.0811	729.8	13.136	26.33	16.21	1.69
	38.16	31.60	70.23	0.00	0.0608	10.45	459.8	377.03	0.0857	762.7	13.729	27.52	16.90	1.69
	39.23	31.62	70.25	-0.00	0.0607	10.39	457.3	374.84	0.0863	777.0	13.986	28.03	17.20	1.69
	40.16	31.59	70.23	0.00	0.0608	10.41	458.1	375.63	0.0859	775.3	13.956	27.97	17.16	1.69
	41.25	31.56	70.23	-0.00	0.0608	10.44	459.6	376.77	0.0843	747.3	13.451	26.96	16.58	1.69
	42.17	31.60	70.20	-0.00	0.0609	10.43	459.1	376.56	0.0822	739.7	13.315	26.70	16.42	1.69
	43.15	31.60	70.25	-0.00	0.0609	10.46	460.4	377.35	0.0816	712.4	12.824	25.69	15.83	1.69
	44.16	31.55	70.26	0.00	0.0608	10.44	459.4	376.44	0.0833	733.9	13.210	26.46	16.29	1.69
	45.16	31.55	70.28	-0.00	0.0608	10.42	458.5	375.63	0.0844	760.5	13.688	27.41	16.85	1.69
	46.16	31.60	70.23	-0.00	0.0608	10.44	459.4	376.70	0.0848	749.1	13.483	27.02	16.62	1.69
	47.24	31.59	70.23	-0.00	0.0606	10.38	456.6	374.40	0.0864	781.1	14.059	28.18	17.28	1.69
	48.16	31.53	70.20	-0.00	0.0605	10.34	455.1	373.19	0.0874	790.7	14.233	28.53	17.47	1.69
	49.17	31.53	70.25	0.00	0.0604	10.32	454.1	372.12	0.0879	800.1	14.402	28.85	17.65	1.69
	50.17	31.52	70.23	0.00	0.0600	10.26	451.6	370.20	0.0909	837.3	15.072	30.20	18.38	1.69
	51.17	31.51	70.25	0.00	0.0600	10.24	450.5	369.12	0.0894	828.5	14.914	29.87	18.21	1.69
	52.18	31.54	70.23	0.00	0.0596	10.22	449.7	368.63	0.0930	847.9	15.262	30.58	18.58	1.69
	53.23	31.49	70.23	0.00	0.0597	10.16	447.3	366.57	0.0915	863.6	15.544	31.14	18.87	1.69
	54.18	31.54	70.25	-0.00	0.0599	10.22	449.6	368.43	0.0904	845.2	15.213	30.48	18.53	1.69
	55.16	31.51	70.30	0.00	0.0599	10.24	450.6	368.97	0.0893	819.7	14.754	29.53	18.04	1.69
	56.16	31.52	70.23	0.00	0.0600	10.26	451.2	369.88	0.0898	824.7	14.844	29.74	18.14	1.69
	57.16	31.51	70.23	-0.00	0.0601	10.27	451.9	370.40	0.0892	821.6	14.789	29.63	18.08	1.69
	58.16	31.49	70.25	0.00	0.0601	10.26	451.3	369.79	0.0880	807.8	14.541	29.12	17.81	1.69
	59.17	31.51	70.20	-0.00	0.0601	10.27	451.8	370.50	0.0887	811.7	14.611	29.29	17.88	1.69
	60.19	31.51	70.25	-0.00	0.0600	10.26	451.4	369.93	0.0890	816.7	14.700	29.45	17.98	1.69
	61.17	31.48	70.23	0.00	0.0600	10.25	451.1	369.69	0.0899	827.0	14.887	29.83	18.18	1.69
	62.17	31.47	70.25	0.00	0.0597	10.19	448.3	367.28	0.0909	845.7	15.222	30.49	18.53	1.69
	63.16	31.51	70.20	-0.00	0.0597	10.19	448.4	367.73	0.0907	849.8	15.297	30.66	18.61	1.69
	64.18	31.47	70.23	0.00	0.0597	10.21	449.1	368.08	0.0914	848.3	15.269	30.59	18.58	1.69
	65.15	31.49	70.23	0.00	0.0596	10.18	448.0	367.22	0.0920	861.9	15.515	31.09	18.84	1.69
	66.16	31.48	70.20	0.00	0.0593	10.11	444.9	364.75	0.0933	881.6	15.869	31.81	19.20	1.69
	67.16	31.46	70.25	0.00	0.0593	10.12	445.5	364.96	0.0930	875.6	15.762	31.57	19.09	1.69
	68.17	31.51	70.23	-0.00	0.0595	10.14	446.4	365.89	0.0908	842.6	15.167	30.39	18.48	1.69
	69.17	31.49	70.23	-0.00	0.0592	10.11	445.0	364.73	0.0932	863.5	15.543	31.14	18.87	1.69
	70.25	31.49	70.23	-0.00	0.0592	10.10	444.6	364.40	0.0928	874.4	15.739	31.54	19.07	1.69
	71.15	31.47	70.23	0.00	0.0593	10.09	444.0	363.89	0.0934	881.8	15.872	31.80	19.20	1.69
	72.15	31.47	70.26	0.00	0.0592	10.08	443.7	363.51	0.0927	871.9	15.695	31.43	19.02	1.69
	73.15	31.51	70.28	0.00	0.0594	10.14	446.0	365.36	0.0917	857.6	15.437	30.91	18.76	1.69
	74.16	31.49	70.23	0.00	0.0595	10.13	445.8	365.41	0.0906	839.0	15.102	30.26	18.41	1.69
	75.18	31.44	70.23	-0.00	0.0589	10.07	443.0	363.05	0.0963	887.7	15.978	32.01	19.31	1.69
	76.16	31.47	70.28	0.00	0.0590	10.04	441.7	361.77	0.0940	896.6	16.139	32.31	19.47	1.69
	77.17	31.47	70.23	0.00	0.0588	9.98	439.3	360.00	0.0959	918.5	16.533	33.12	19.86	1.69
	78.16	31.45	70.23	0.00	0.0589	10.01	440.2	360.78	0.0959	918.9	16.541	33.14	19.87	1.69
	79.16	31.49	70.23	0.00	0.0593	10.09	443.9	363.89	0.0931	879.8	15.836	31.73	19.17	1.69
	80.15	31.47	70.23	0.00	0.0592	10.09	443.8	363.71	0.0933	878.7	15.816	31.69	19.15	1.69
	81.17	31.51	70.28	0.00	0.0592	10.09	443.9	363.58	0.0935	883.7	15.906	31.85	19.24	1.69
	82.17	31.50	70.25	0.00	0.0592	10.07	443.3	363.21	0.0935	881.1	15.861	31.77	19.19	1.69
	83.18	31.56	70.23	-0.00	0.0593	10.08	443.6	363.64	0.0939	887.1	15.969	32.00	19.30	1.69
	84.16	31.52	70.25	-0.00	0.0592	10.07	443.2	363.19	0.0939	891.1	16.040	32.13	19.37	1.69
	85.16	31.55	70.25	0.00	0.0590	10.03	441.5	361.85	0.0951	901.4	16.224	32.50	19.56	1.69
	86.16	31.57	70.23	0.00	0.0591	10.04	442.0	362.35	0.0944	907.3	16.331	32.73	19.67	1.69
	87.16	31.60	70.25	0.00	0.0592	10.07	443.2	363.29	0.0939	890.6	16.031	32.12	19.37	1.69
	88.16	31.57	70.20	0.00	0.0597	10.25	451.0	369.93	0.0918	848.3	15.269	30.61	18.59	1.69
	89.17	31.57	70.23	0.00	0.0593	10.10	444.3	364.29	0.0945	897.4	16.152	32.37	19.49	1.69
	90.15	31.62	70.25	0.00	0.0592	10.07	443.0	363.13	0.0945	894.5	16.102	32.26	19.44	1.69
	91.18	31.55	70.23	-0.00	0.0593	10.09	444.1	364.12	0.0943	896.4	16.135	32.33	19.47	1.69
	92.17	31.55	70.25	-0.00	0.0596	10.18	448.1	367.21	0.0927	866.4	15.595	31.24	18.92	1.69
	93.18	31.56	70.28	-0.00	0.0593	10.20	448.8	367.72	0.0948	863.3	15.539	31.12	18.87	1.69
	94.16	31.54	70.23	-0.00	0.0599	10.12	445.4	365.14	0.0937	901.6	16.229	32.52	19.56	1.69
	95.18	31.51	70.26	-0.00	0.0596	10.17	447.6	366.77	0.0943	894.4	16.099	32.25	19.43	1.69
	96.16	31.53	70.26	0.00	0.0592	10.07	443.1	363.12	0.0956	914.1	16.454	32.96	19.78	1.69
	97.17	31.49	70.23	-0.00	0.0591	10.06	442.5	362.69	0.0951	907.7	16.339	32.74	19.67	1.69
	98.17	31.49	70.25	-0.00	0.0594	10.10	444.3	364.03	0.0947	914.5	16.462	32.97	19.79	1.69
	99.15	31.49	70.23	0.00	0.0589	10.05	442.0	362.30	0.0992	940.6	16.931	33.92	20.24	1.69
	100.15	31.47	70.23	0.00	0.0594	10.10	444.5	364.31	0.0949	910.9	16.396	32.85	19.72	1.69
	101.15	31.51	70.23	0.00	0.0593	10.10	444.5	364.40	0.0961	921.8	16.593	33.25	19.92	1.69
	102.17	31.49	70.25	0.00	0.0593	10.07	443.2	363.19	0.0947	901.8	16.233	32.51	19.57	1.69
	103.16	31.49	70.25	-0.00	0.0594	10.12	445.2	364.78	0.0946	907.2	16.330	32.71	19.66	1.69
	104.16	31.51	70.23	0.00	0.0593	10.11	444.6	364.45	0.0955	903.2	16.257	32.57	19.59	1.69
	105.16	31.54	70.25	0.00	0.0593	10.10	444.4	364.19	0.0945	901.2	16.221	32.49	19.56	1.69
	106.16	31.51	70.23	0.00	0.0593	10.10	444.4	364.29	0.0971	930.4	16.748	33.56	20.07	1.69
	107.16	31.54	70.28	-0.00	0.0592	10.08	443.6	363.37	0.0971	952.1	17.138	34.32	20.44	1.69
	108.17	31.51	70.28	-0.00	0.0592	10.07	443.0	362.90	0.0966	928.1	16.706	33.45	20.03	1.69
	109.17	31.53	70.28	-0.00	0.0592	10.09	443.8	363.57	0.0960	922.1	16.599	33.24	19.93	1.69
	110.17	31.55	70.23	-0.00	0.0593	10.10	444.3	364.24	0.0953	915.1	16.472	33.01	19.80	1.69
	111.17	31.55	70.22	0.00	0.0592	10.07	443.0	363.17	0.0964	907.0	16.326	32.72	19.66	1.69
	112.17	31.53	70.23	-0.00	0.0592	10.07	443.0	363.12	0.0975	951.7	17.131	34.33	20.44	1.69
	113.16	31.55	70.25	0.00	0.0591	10.06	442.5	362.62	0.0970	925.8	16.664	33.38	19.99	1.69
	114.16	31.55	70.23	-0.00	0.0589	10.03	441.2	361.71	0.0969	934.2	16.815	33.70	20.14	1.69
	115.16	31.57	70.25	0.00	0.0591	10.07	443.2	363.24	0.0968	934.2	16.815	33.69	20.14	1.69
	116.16	31.58	70.23	0.00	0.0590	10.02	441.0	361.57	0.0972	937.9	16.882	33.84	20.20	1.69
	117.16	31.61	70.25	0.00	0.0591	10.07	442.9	363.06	0.0959	925.0	16.650	33.36	19.98	1.69
	118.16	31.68	70.23	0.00	0.0592	10.10	444.4	364.49	0.0957	919.3	16.547	33.17	19.88	1.69
	119.17	31.68	70.23	-0.00	0.0592	10.09	443.9	364.09	0.0974	937.1	16.868	33.82	20.19	1.69
	120.17	31.65	70.20	0.00	0.0591	10.06	442.7	363.18	0.0956	917.5	16.515	33.12	19.85	1.69
	121.17	31.69	70.23	-0.00	0.0593	10.09	443.9	364.05	0.0954	920.5	16.569	33.22	19.91	1.69
	122.18	31.67	70.23	-0.00	0.0593	10.09	443.9	364.04	0.0951	903.5	16.262	32.60	19.60	1.69
	123.15	31.67	70.25	0.00	0.0592	10.09	444.2	364.16	0.0951	911.4	16.405	32.88	19.74	1.69
