Jul 27 2015 at 14:24:05
Frequency: 1.00Hz.
CO2
Zero:  Value:0.95  Date:18 Mar 2005	 at 07:22:33	
Span:  Value:1.00  Date:18 Mar 2005	 at 07:25:09	
H2O
Zero:  Value:0.71  Date:18 Mar 2005	 at 07:52:31	
Span:  Value:0.99  Date:18 Mar 2005	 at 11:44:01	
	Relative Time	Temperature	Pressure	Aux Input	CO2 Absorptance	CO2 mmol/m3	CO2 mg/m3	CO2 umol/mol	H2O Absorptance	H2O mmol/m3	H2O g/m3	H2O mmol/mol	H2O(°C)	Cooler Voltage
	0.94	30.61	67.83	0.00	0.0606	10.48	461.2	390.25	0.0642	508.2	9.147	18.92	10.61	1.61
	1.93	30.65	67.83	-0.00	0.0605	10.47	460.5	389.67	0.0643	511.1	9.200	19.03	10.69	1.61
	2.95	30.59	67.85	-0.00	0.0604	10.45	459.8	388.93	0.0647	513.8	9.249	19.12	10.77	1.61
	3.93	30.64	67.86	-0.00	0.0604	10.44	459.5	388.66	0.0654	523.9	9.431	19.50	11.07	1.61
	4.91	30.61	67.86	0.00	0.0602	10.43	458.7	387.99	0.0696	544.4	9.800	20.26	11.64	1.61
	5.94	30.63	67.83	0.00	0.0600	10.37	456.5	386.28	0.0691	563.0	10.134	20.96	12.15	1.61
	6.94	30.63	67.86	0.00	0.0600	10.36	455.7	385.43	0.0693	569.6	10.253	21.20	12.33	1.61
	7.96	30.66	67.86	0.00	0.0599	10.35	455.4	385.23	0.0682	560.1	10.082	20.85	12.08	1.61
	8.92	30.61	67.85	0.00	0.0599	10.34	454.8	384.71	0.0678	551.9	9.935	20.54	11.85	1.61
	9.92	30.62	67.83	0.00	0.0598	10.32	454.3	384.41	0.0690	563.7	10.147	20.99	12.17	1.61
	11.00	30.57	67.88	0.00	0.0599	10.33	454.4	384.12	0.0692	569.7	10.255	21.19	12.33	1.61
	11.92	30.59	67.83	0.00	0.0598	10.30	453.3	383.51	0.0700	579.9	10.438	21.59	12.60	1.61
	12.93	30.59	67.86	0.00	0.0599	10.33	454.4	384.31	0.0697	574.9	10.348	21.39	12.47	1.61
	13.95	30.57	67.83	0.00	0.0600	10.33	454.6	384.65	0.0700	576.9	10.385	21.48	12.52	1.61
	14.93	30.60	67.88	0.00	0.0601	10.38	456.7	386.19	0.0670	548.9	9.881	20.42	11.77	1.61
	15.94	30.60	67.85	-0.00	0.0601	10.39	457.2	386.69	0.0661	526.5	9.476	19.59	11.14	1.61
	16.93	30.55	67.86	0.00	0.0601	10.38	456.5	386.07	0.0663	536.0	9.649	19.95	11.41	1.61
	18.00	30.57	67.86	-0.00	0.0600	10.37	456.3	385.87	0.0671	538.7	9.697	20.05	11.48	1.61
	18.94	30.57	67.85	-0.00	0.0599	10.33	454.5	384.37	0.0679	553.6	9.964	20.60	11.89	1.61
	19.94	30.56	67.83	-0.00	0.0598	10.33	454.7	384.65	0.0680	555.0	9.989	20.66	11.93	1.61
	20.93	30.50	67.85	-0.00	0.0599	10.33	454.5	384.35	0.0687	561.5	10.108	20.89	12.11	1.61
	21.93	30.50	67.83	0.00	0.0598	10.32	454.1	384.08	0.0685	559.6	10.074	20.83	12.06	1.61
	22.93	30.52	67.85	0.00	0.0597	10.29	452.6	382.73	0.0692	565.1	10.172	21.03	12.20	1.61
	23.95	30.53	67.85	0.00	0.0598	10.30	453.0	383.08	0.0687	564.0	10.152	20.99	12.18	1.61
	24.93	30.54	67.83	0.00	0.0598	10.30	453.4	383.54	0.0688	567.5	10.215	21.12	12.27	1.61
	25.93	30.54	67.83	0.00	0.0596	10.28	452.1	382.49	0.0699	573.5	10.324	21.35	12.43	1.61
	26.94	30.52	67.85	-0.00	0.0593	10.18	448.0	378.86	0.0721	606.3	10.913	22.56	13.28	1.61
	28.00	30.53	67.83	0.00	0.0592	10.19	448.2	379.13	0.0729	609.3	10.967	22.68	13.35	1.61
	28.92	30.55	67.86	0.00	0.0592	10.18	448.0	378.87	0.0737	622.4	11.203	23.16	13.68	1.61
	30.01	30.57	67.86	0.00	0.0590	10.14	446.3	377.41	0.0729	623.4	11.221	23.20	13.71	1.61
	30.93	30.53	67.83	-0.00	0.0591	10.15	446.6	377.78	0.0738	624.8	11.246	23.26	13.74	1.61
	31.93	30.50	67.83	-0.00	0.0591	10.15	446.6	377.76	0.0733	619.4	11.149	23.05	13.61	1.61
	32.92	30.50	67.83	0.00	0.0590	10.12	445.4	376.73	0.0741	630.8	11.355	23.48	13.89	1.61
	33.91	30.50	67.83	0.00	0.0588	10.10	444.6	376.06	0.0745	634.0	11.412	23.59	13.96	1.61
	35.01	30.50	67.86	-0.00	0.0587	10.06	442.6	374.20	0.0745	635.5	11.438	23.64	14.00	1.61
	35.93	30.54	67.83	-0.00	0.0583	9.96	438.2	370.69	0.0769	666.2	11.993	24.80	14.73	1.61
	36.94	30.53	67.83	0.00	0.0585	10.01	440.4	372.54	0.0759	656.8	11.822	24.45	14.51	1.61
	37.92	30.58	67.88	0.00	0.0583	9.97	438.8	370.97	0.0774	673.3	12.120	25.05	14.90	1.61
	38.95	30.55	67.83	-0.00	0.0584	9.99	439.4	371.76	0.0767	668.1	12.026	24.87	14.78	1.61
	40.00	30.53	67.83	0.00	0.0586	10.05	442.0	373.90	0.0754	643.2	11.578	23.94	14.19	1.61
	40.93	30.53	67.83	-0.00	0.0585	10.04	441.7	373.63	0.0753	646.4	11.636	24.06	14.27	1.61
	41.93	30.55	67.85	0.00	0.0579	9.95	437.8	370.22	0.0777	663.4	11.942	24.69	14.67	1.61
	42.91	30.57	67.86	0.00	0.0583	9.97	438.5	370.87	0.0761	663.6	11.944	24.69	14.67	1.61
	43.91	30.57	67.88	0.00	0.0579	9.92	436.3	368.82	0.0786	685.7	12.343	25.51	15.18	1.61
	44.94	30.59	67.83	-0.00	0.0582	9.96	438.3	370.88	0.0773	672.3	12.102	25.03	14.88	1.61
	45.93	30.57	67.85	0.00	0.0578	9.91	436.2	368.89	0.0782	680.1	12.242	25.31	15.05	1.61
	46.94	30.59	67.85	-0.00	0.0580	9.91	436.2	368.99	0.0774	676.8	12.182	25.19	14.98	1.61
	47.92	30.57	67.85	0.00	0.0580	9.92	436.7	369.32	0.0772	669.0	12.042	24.90	14.80	1.61
	49.00	30.62	67.88	-0.00	0.0579	9.90	435.5	368.28	0.0770	672.0	12.096	25.00	14.87	1.61
	49.94	30.59	67.86	-0.00	0.0579	9.89	435.2	368.06	0.0784	684.5	12.321	25.47	15.16	1.61
	50.92	30.57	67.86	0.00	0.0578	9.86	434.0	367.04	0.0787	692.2	12.460	25.76	15.33	1.61
	51.92	30.53	67.86	0.00	0.0577	9.85	433.4	366.44	0.0792	694.1	12.494	25.83	15.37	1.62
	52.91	30.58	67.88	0.00	0.0574	9.80	431.1	364.49	0.0807	713.7	12.846	26.55	15.81	1.62
	53.93	30.50	67.81	0.00	0.0574	9.77	430.0	363.84	0.0811	724.2	13.035	26.96	16.03	1.61
	54.94	30.53	67.83	-0.00	0.0574	9.75	429.0	362.88	0.0814	729.1	13.124	27.14	16.14	1.61
	55.93	30.50	67.86	0.00	0.0569	9.72	427.8	361.72	0.0820	723.3	13.019	26.91	16.01	1.61
	56.92	30.49	67.86	0.00	0.0571	9.72	427.6	361.55	0.0823	737.0	13.266	27.42	16.30	1.61
	57.94	30.50	67.86	-0.00	0.0570	9.70	427.0	361.02	0.0824	738.5	13.292	27.47	16.34	1.61
	58.94	30.52	67.85	-0.00	0.0571	9.71	427.3	361.33	0.0816	726.9	13.085	27.05	16.09	1.62
	59.92	30.52	67.86	0.00	0.0573	9.75	429.2	362.92	0.0806	712.9	12.832	26.52	15.78	1.61
	61.01	30.50	67.85	-0.00	0.0577	9.82	432.0	365.31	0.0805	715.3	12.875	26.61	15.84	1.61
	61.93	30.52	67.83	-0.00	0.0570	9.68	426.1	360.48	0.0826	744.6	13.403	27.71	16.47	1.61
	62.91	30.50	67.88	0.00	0.0572	9.70	426.6	360.62	0.0824	739.9	13.318	27.52	16.37	1.61
	63.91	30.52	67.83	0.00	0.0568	9.64	424.0	358.71	0.0830	748.5	13.473	27.86	16.55	1.61
	64.93	30.50	67.84	0.00	0.0571	9.70	426.7	360.93	0.0822	743.6	13.385	27.67	16.45	1.62
	65.93	30.50	67.85	-0.00	0.0571	9.74	428.6	362.43	0.0821	736.9	13.263	27.41	16.30	1.61
	66.91	30.49	67.85	0.00	0.0574	9.76	429.3	363.02	0.0817	738.7	13.296	27.48	16.34	1.61
	67.95	30.50	67.83	-0.00	0.0572	9.74	428.8	362.68	0.0828	745.4	13.417	27.74	16.48	1.62
	68.94	30.50	67.85	-0.00	0.0571	9.72	427.5	361.46	0.0833	754.5	13.581	28.07	16.67	1.61
	69.94	30.52	67.83	0.00	0.0570	9.72	427.5	361.60	0.0831	749.6	13.493	27.90	16.57	1.61
	70.93	30.52	67.83	-0.00	0.0574	9.79	430.7	364.33	0.0824	743.1	13.375	27.66	16.44	1.62
	71.95	30.48	67.86	-0.00	0.0572	9.77	429.8	363.34	0.0826	738.2	13.288	27.46	16.33	1.61
	73.01	30.50	67.83	-0.00	0.0571	9.71	427.2	361.32	0.0838	761.3	13.703	28.33	16.81	1.61
	73.91	30.52	67.86	0.00	0.0571	9.73	428.1	362.03	0.0838	757.9	13.642	28.20	16.75	1.61
	74.94	30.56	67.86	-0.00	0.0570	9.70	426.7	360.89	0.0840	760.2	13.684	28.29	16.80	1.61
	75.92	30.50	67.83	0.00	0.0572	9.74	428.5	362.46	0.0834	755.3	13.596	28.11	16.69	1.62
	76.92	30.53	67.83	0.00	0.0571	9.73	427.9	362.01	0.0834	752.5	13.544	28.01	16.63	1.62
	77.92	30.56	67.83	0.00	0.0566	9.59	422.0	357.03	0.0842	767.7	13.818	28.58	16.95	1.61
	78.92	30.58	67.85	0.00	0.0564	9.57	421.0	356.10	0.0843	768.4	13.831	28.60	16.97	1.62
	79.92	30.55	67.83	0.00	0.0570	9.69	426.6	360.87	0.0839	758.7	13.657	28.24	16.76	1.62
	80.93	30.58	67.85	-0.00	0.0566	9.63	423.7	358.38	0.0841	764.8	13.766	28.46	16.89	1.62
	81.92	30.55	67.86	0.00	0.0566	9.60	422.2	357.04	0.0844	765.6	13.780	28.49	16.91	1.62
	82.93	30.55	67.86	-0.00	0.0566	9.61	423.0	357.70	0.0848	767.1	13.807	28.54	16.94	1.62
	83.94	30.57	67.83	-0.00	0.0567	9.66	424.8	359.44	0.0850	774.6	13.943	28.84	17.09	1.62
	84.93	30.62	67.83	0.00	0.0567	9.62	423.3	358.17	0.0852	778.5	14.013	28.99	17.17	1.62
	85.92	30.57	67.85	0.00	0.0565	9.55	420.4	355.52	0.0858	788.0	14.183	29.32	17.36	1.62
	86.92	30.58	67.88	0.00	0.0563	9.57	421.2	356.09	0.0860	789.6	14.213	29.37	17.40	1.62
	87.94	30.53	67.83	0.00	0.0562	9.52	419.0	354.46	0.0864	797.0	14.346	29.66	17.54	1.62
	88.94	30.52	67.85	-0.00	0.0558	9.46	416.2	351.97	0.0871	801.2	14.422	29.81	17.62	1.62
	90.01	30.52	67.85	-0.00	0.0560	9.48	417.0	352.59	0.0866	800.2	14.404	29.77	17.60	1.62
	90.92	30.54	67.83	0.00	0.0561	9.50	418.1	353.66	0.0867	800.8	14.414	29.81	17.62	1.62
	91.92	30.52	67.88	0.00	0.0560	9.49	417.3	352.79	0.0867	799.7	14.395	29.74	17.59	1.62
	92.99	30.48	67.88	0.00	0.0561	9.51	418.4	353.59	0.0864	798.4	14.371	29.69	17.57	1.62
	93.91	30.45	67.91	0.00	0.0561	9.49	417.4	352.62	0.0866	802.4	14.444	29.83	17.64	1.62
	94.93	30.44	67.83	-0.00	0.0558	9.45	415.8	351.58	0.0872	807.5	14.535	30.05	17.74	1.62
	95.92	30.45	67.83	-0.00	0.0557	9.42	414.7	350.66	0.0878	813.2	14.638	30.26	17.86	1.62
	97.00	30.43	67.88	0.00	0.0557	9.44	415.1	350.80	0.0879	813.5	14.643	30.25	17.86	1.62
	97.94	30.50	67.88	-0.00	0.0557	9.41	413.9	349.88	0.0880	819.8	14.757	30.49	17.99	1.62
	98.95	30.50	67.85	-0.00	0.0556	9.37	412.5	348.80	0.0881	823.1	14.815	30.62	18.05	1.62
	99.93	30.48	67.83	0.00	0.0555	9.36	411.9	348.37	0.0887	830.0	14.941	30.89	18.18	1.62
	100.95	30.48	67.86	-0.00	0.0557	9.42	414.5	350.47	0.0876	817.8	14.721	30.42	17.95	1.62
	101.93	30.50	67.88	0.00	0.0558	9.41	414.1	350.00	0.0872	812.9	14.632	30.23	17.85	1.62
	102.91	30.52	67.85	0.00	0.0555	9.41	414.0	350.08	0.0876	810.4	14.588	30.15	17.81	1.62
	103.93	30.51	67.83	0.00	0.0553	9.33	410.4	347.17	0.0885	821.6	14.788	30.58	18.02	1.62
	104.93	30.52	67.81	-0.00	0.0553	9.33	410.5	347.40	0.0891	834.2	15.015	31.06	18.26	1.62
	105.92	30.53	67.86	0.00	0.0554	9.35	411.4	347.92	0.0887	829.9	14.939	30.88	18.18	1.62
	107.02	30.53	67.83	-0.00	0.0553	9.33	410.5	347.25	0.0891	835.4	15.037	31.09	18.29	1.62
	107.92	30.50	67.88	0.00	0.0554	9.34	411.2	347.54	0.0889	833.2	14.998	30.99	18.25	1.62
	108.94	30.49	67.83	0.00	0.0554	9.35	411.5	348.06	0.0887	829.9	14.938	30.89	18.18	1.62
	109.93	30.48	67.83	-0.00	0.0554	9.34	411.0	347.61	0.0890	835.9	15.046	31.11	18.30	1.62
	110.92	30.50	67.81	0.00	0.0554	9.35	411.4	348.12	0.0891	833.8	15.009	31.04	18.26	1.62
	111.93	30.50	67.83	0.00	0.0553	9.33	410.6	347.35	0.0896	841.0	15.138	31.30	18.39	1.62
	112.93	30.44	67.86	-0.00	0.0552	9.33	410.5	346.99	0.0899	845.3	15.216	31.44	18.47	1.62
	113.93	30.48	67.85	0.00	0.0553	9.31	409.8	346.50	0.0894	842.4	15.164	31.34	18.42	1.62
	114.94	30.50	67.85	-0.00	0.0552	9.29	408.8	345.65	0.0895	842.6	15.166	31.35	18.42	1.62
	115.92	30.50	67.85	0.00	0.0551	9.30	409.0	345.83	0.0896	843.8	15.189	31.39	18.45	1.62
	116.94	30.52	67.83	0.00	0.0551	9.27	408.0	345.09	0.0894	841.5	15.147	31.32	18.40	1.62
	117.94	30.58	67.85	-0.00	0.0548	9.25	407.1	344.32	0.0897	843.4	15.181	31.39	18.44	1.62
	118.94	30.52	67.83	-0.00	0.0545	9.12	401.5	339.63	0.0901	854.0	15.372	31.79	18.64	1.62
	119.92	30.50	67.86	0.00	0.0551	9.32	410.2	346.81	0.0895	838.9	15.100	31.21	18.35	1.62
