Jul 27 2015 at 15:02:52
Frequency: 1.00Hz.
CO2
Zero:  Value:0.95  Date:18 Mar 2005	 at 07:22:33	
Span:  Value:1.00  Date:18 Mar 2005	 at 07:25:09	
H2O
Zero:  Value:0.71  Date:18 Mar 2005	 at 07:52:31	
Span:  Value:0.99  Date:18 Mar 2005	 at 11:44:01	
	Relative Time	Temperature	Pressure	Aux Input	CO2 Absorptance	CO2 mmol/m3	CO2 mg/m3	CO2 umol/mol	H2O Absorptance	H2O mmol/m3	H2O g/m3	H2O mmol/mol	H2O(°C)	Cooler Voltage
	0.50	30.23	67.83	-0.00	0.0611	10.59	466.1	393.89	0.0595	459.5	8.270	17.08	9.08	1.50
	1.40	30.20	67.83	0.00	0.0610	10.59	466.1	393.85	0.0597	457.0	8.226	16.99	9.00	1.50
	2.42	30.22	67.83	0.00	0.0610	10.58	465.6	393.50	0.0599	459.8	8.276	17.10	9.09	1.50
	3.42	30.21	67.88	0.00	0.0610	10.57	465.2	392.82	0.0602	465.0	8.371	17.28	9.26	1.50
	4.42	30.21	67.83	0.00	0.0608	10.53	463.4	391.59	0.0613	476.4	8.576	17.71	9.62	1.50
	5.41	30.21	67.83	0.00	0.0607	10.52	462.9	391.19	0.0617	481.8	8.672	17.91	9.79	1.50
	6.41	30.21	67.83	0.00	0.0607	10.52	462.7	391.04	0.0620	484.7	8.724	18.02	9.88	1.50
	7.49	30.25	67.83	0.00	0.0606	10.49	461.6	390.17	0.0627	489.4	8.809	18.20	10.02	1.50
	8.42	30.22	67.83	-0.00	0.0605	10.46	460.4	389.07	0.0635	502.3	9.042	18.68	10.41	1.50
	9.44	30.22	67.83	-0.00	0.0604	10.45	459.6	388.40	0.0645	511.5	9.207	19.02	10.68	1.50
	10.42	30.20	67.83	0.00	0.0606	10.47	460.5	389.11	0.0655	524.3	9.438	19.49	11.06	1.50
	11.44	30.25	67.85	-0.00	0.0613	10.63	467.7	395.11	0.0654	524.8	9.446	19.51	11.07	1.50
	12.42	30.22	67.81	-0.00	0.0625	11.00	483.8	408.99	0.0657	527.7	9.499	19.63	11.15	1.50
	13.43	30.21	67.83	-0.00	0.0630	11.07	487.2	411.68	0.0661	529.3	9.527	19.68	11.20	1.50
	14.43	30.25	67.83	-0.00	0.0641	11.23	494.1	417.59	0.0661	530.6	9.550	19.73	11.24	1.50
	15.43	30.22	67.83	-0.00	0.0621	10.87	478.1	404.07	0.0642	511.5	9.208	19.02	10.69	1.50
	16.43	30.21	67.83	0.00	0.0620	10.80	475.1	401.46	0.0639	507.9	9.142	18.88	10.58	1.50
	17.43	30.21	67.83	-0.00	0.0616	10.69	470.1	397.31	0.0633	498.7	8.976	18.54	10.30	1.50
	18.41	30.20	67.81	0.00	0.0614	10.64	468.1	395.65	0.0636	497.2	8.949	18.49	10.26	1.50
	19.42	30.22	67.83	0.00	0.0609	10.56	464.8	392.81	0.0627	494.6	8.903	18.39	10.18	1.50
	20.41	30.20	67.83	0.00	0.0615	10.70	470.7	397.72	0.0640	508.7	9.156	18.91	10.60	1.50
	21.42	30.19	67.81	-0.00	0.0614	10.67	469.6	396.99	0.0640	508.3	9.150	18.91	10.59	1.50
	22.42	30.20	67.81	0.00	0.0616	10.72	471.9	398.90	0.0651	521.1	9.380	19.38	10.96	1.50
	23.43	30.20	67.83	-0.00	0.0614	10.74	472.4	399.21	0.0650	523.6	9.424	19.47	11.03	1.50
	24.41	30.17	67.83	0.00	0.0611	10.63	467.7	395.14	0.0646	520.0	9.359	19.33	10.93	1.50
	25.43	30.20	67.81	0.00	0.0616	10.73	472.0	398.99	0.0651	519.5	9.351	19.32	10.92	1.50
	26.43	30.23	67.85	-0.00	0.0620	10.78	474.2	400.64	0.0656	524.5	9.441	19.50	11.06	1.50
	27.41	30.23	67.81	0.00	0.0621	10.83	476.6	402.94	0.0658	529.3	9.528	19.69	11.20	1.50
	28.44	30.18	67.83	-0.00	0.0620	10.82	476.2	402.33	0.0655	529.3	9.527	19.68	11.20	1.50
	29.42	30.23	67.83	-0.00	0.0620	10.82	476.0	402.26	0.0658	528.4	9.511	19.65	11.17	1.50
	30.42	30.20	67.85	0.00	0.0619	10.80	475.2	401.45	0.0658	528.4	9.511	19.64	11.17	1.50
	31.43	30.20	67.81	-0.00	0.0620	10.80	475.2	401.75	0.0659	529.5	9.531	19.69	11.20	1.50
	32.48	30.20	67.83	0.00	0.0620	10.80	475.2	401.60	0.0659	529.7	9.535	19.70	11.21	1.50
	33.49	30.23	67.82	0.00	0.0621	10.83	476.4	402.73	0.0659	530.6	9.550	19.73	11.23	1.50
	34.41	30.22	67.83	0.00	0.0619	10.80	475.1	401.52	0.0657	528.2	9.508	19.64	11.17	1.50
	35.41	30.20	67.83	0.00	0.0615	10.71	471.2	398.18	0.0655	525.4	9.458	19.54	11.09	1.50
	36.43	30.20	67.84	-0.00	0.0613	10.65	468.8	396.11	0.0659	528.4	9.511	19.64	11.17	1.50
	37.41	30.18	67.83	0.00	0.0614	10.66	468.9	396.17	0.0658	528.3	9.510	19.64	11.17	1.50
	38.41	30.20	67.86	-0.00	0.0613	10.66	469.2	396.29	0.0661	531.5	9.567	19.75	11.26	1.50
	39.44	30.21	67.81	-0.00	0.0614	10.67	469.3	396.74	0.0662	533.7	9.606	19.85	11.32	1.50
	40.42	30.23	67.83	0.00	0.0612	10.63	467.9	395.43	0.0670	541.6	9.749	20.14	11.55	1.50
	41.42	30.22	67.83	0.00	0.0612	10.62	467.3	394.92	0.0676	548.4	9.870	20.39	11.73	1.50
	42.42	30.27	67.85	0.00	0.0612	10.63	467.7	395.21	0.0676	549.5	9.891	20.43	11.77	1.50
	43.41	30.21	67.81	0.00	0.0612	10.62	467.4	395.05	0.0678	550.9	9.916	20.49	11.80	1.50
	44.43	30.24	67.83	0.00	0.0612	10.61	466.8	394.57	0.0680	554.2	9.976	20.61	11.90	1.50
	45.49	30.24	67.81	0.00	0.0610	10.59	465.9	393.89	0.0684	559.0	10.062	20.80	12.03	1.50
	46.41	30.24	67.83	0.00	0.0610	10.58	465.4	393.31	0.0687	562.9	10.132	20.93	12.13	1.50
	47.42	30.27	67.83	0.00	0.0610	10.58	465.6	393.52	0.0689	564.3	10.158	20.99	12.17	1.50
	48.42	30.28	67.83	-0.00	0.0611	10.59	466.2	394.01	0.0682	556.9	10.024	20.71	11.97	1.50
	49.41	30.22	67.81	0.00	0.0610	10.58	465.7	393.68	0.0681	555.5	10.000	20.66	11.93	1.50
	50.44	30.24	67.83	0.00	0.0611	10.59	466.0	393.86	0.0680	555.1	9.991	20.64	11.92	1.51
	51.48	30.24	67.83	0.00	0.0611	10.60	466.2	394.02	0.0681	555.3	9.995	20.65	11.92	1.50
	52.42	30.23	67.83	-0.00	0.0609	10.56	464.4	392.49	0.0685	560.2	10.084	20.83	12.06	1.51
	53.43	30.22	67.83	0.00	0.0609	10.56	464.7	392.67	0.0683	559.1	10.065	20.79	12.03	1.50
	54.43	30.22	67.83	0.00	0.0610	10.58	465.6	393.53	0.0683	557.0	10.027	20.71	11.97	1.50
	55.41	30.22	67.83	0.00	0.0609	10.57	465.1	393.00	0.0688	562.4	10.123	20.91	12.12	1.50
	56.44	30.23	67.85	-0.00	0.0609	10.54	463.9	391.94	0.0688	563.4	10.141	20.94	12.14	1.51
	57.42	30.22	67.83	0.00	0.0608	10.52	463.0	391.31	0.0693	569.3	10.248	21.17	12.30	1.51
	58.42	30.18	67.83	-0.00	0.0607	10.52	463.1	391.27	0.0698	574.6	10.342	21.36	12.44	1.51
	59.42	30.23	67.83	0.00	0.0608	10.52	462.7	391.03	0.0695	572.9	10.313	21.30	12.40	1.51
	60.42	30.20	67.81	0.00	0.0607	10.54	463.6	391.87	0.0693	570.1	10.261	21.20	12.32	1.51
	61.40	30.20	67.81	0.00	0.0608	10.53	463.2	391.52	0.0695	570.5	10.269	21.22	12.33	1.51
	62.43	30.23	67.83	-0.00	0.0607	10.52	462.8	391.15	0.0693	571.8	10.292	21.26	12.37	1.51
	63.49	30.22	67.83	-0.00	0.0606	10.50	461.9	390.38	0.0696	573.3	10.319	21.32	12.41	1.51
	64.41	30.20	67.81	-0.00	0.0608	10.53	463.3	391.62	0.0698	575.9	10.367	21.42	12.48	1.51
	65.44	30.20	67.85	-0.00	0.0609	10.56	464.6	392.47	0.0696	574.5	10.341	21.35	12.44	1.51
	66.50	30.20	67.83	0.00	0.0608	10.55	464.2	392.24	0.0691	569.5	10.251	21.17	12.31	1.51
	67.42	30.20	67.83	0.00	0.0607	10.52	462.8	391.09	0.0699	576.6	10.378	21.44	12.49	1.51
	68.44	30.20	67.81	-0.00	0.0607	10.50	462.2	390.70	0.0701	579.6	10.433	21.56	12.57	1.51
	69.42	30.20	67.83	0.00	0.0606	10.50	462.1	390.47	0.0703	582.7	10.488	21.66	12.66	1.51
	70.48	30.22	67.83	0.00	0.0607	10.51	462.7	390.98	0.0702	581.7	10.470	21.63	12.63	1.51
	71.42	30.22	67.83	0.00	0.0607	10.49	461.8	390.26	0.0711	591.7	10.651	22.00	12.89	1.51
	72.42	30.20	67.81	0.00	0.0607	10.50	462.0	390.56	0.0712	593.3	10.679	22.07	12.93	1.51
	73.41	30.22	67.83	0.00	0.0607	10.51	462.3	390.71	0.0709	591.2	10.642	21.98	12.88	1.51
	74.41	30.21	67.78	0.00	0.0606	10.50	462.0	390.72	0.0707	587.9	10.583	21.88	12.79	1.51
	75.41	30.28	67.83	0.00	0.0606	10.49	461.4	389.98	0.0707	586.9	10.564	21.83	12.77	1.51
	76.41	30.20	67.83	0.00	0.0605	10.47	460.8	389.40	0.0708	587.9	10.582	21.86	12.79	1.51
	77.42	30.23	67.83	-0.00	0.0605	10.47	460.5	389.17	0.0714	594.7	10.704	22.11	12.97	1.51
	78.41	30.20	67.83	0.00	0.0605	10.47	460.5	389.14	0.0716	598.5	10.773	22.25	13.06	1.51
	79.44	30.20	67.83	-0.00	0.0605	10.47	460.5	389.14	0.0719	601.8	10.832	22.37	13.15	1.51
	80.42	30.20	67.81	0.00	0.0605	10.46	460.3	389.06	0.0720	602.8	10.851	22.42	13.17	1.51
	81.43	30.22	67.81	-0.00	0.0605	10.46	460.3	389.14	0.0720	603.9	10.871	22.46	13.20	1.51
	82.42	30.18	67.83	0.00	0.0604	10.45	460.0	388.66	0.0718	602.2	10.839	22.39	13.16	1.51
	83.40	30.18	67.85	0.00	0.0604	10.44	459.5	388.09	0.0714	596.9	10.744	22.18	13.02	1.51
	84.41	30.23	67.83	0.00	0.0604	10.45	459.6	388.43	0.0713	594.8	10.707	22.12	12.97	1.51
	85.41	30.18	67.88	0.00	0.0605	10.46	460.1	388.50	0.0710	592.4	10.663	22.01	12.91	1.52
	86.49	30.23	67.81	0.00	0.0605	10.46	460.4	389.25	0.0709	590.4	10.628	21.96	12.86	1.51
	87.41	30.20	67.81	0.00	0.0604	10.46	460.4	389.16	0.0710	590.8	10.634	21.97	12.87	1.51
	88.42	30.20	67.83	-0.00	0.0604	10.45	459.8	388.54	0.0710	591.1	10.641	21.98	12.88	1.51
	89.42	30.23	67.81	0.00	0.0604	10.44	459.2	388.23	0.0711	591.8	10.652	22.01	12.89	1.51
	90.42	30.20	67.83	0.00	0.0603	10.43	459.0	387.87	0.0714	595.3	10.716	22.13	12.98	1.51
	91.43	30.19	67.83	-0.00	0.0603	10.43	459.1	387.94	0.0715	598.0	10.764	22.23	13.05	1.52
	92.49	30.23	67.85	0.00	0.0603	10.42	458.7	387.49	0.0714	596.9	10.744	22.19	13.02	1.51
	93.43	30.20	67.81	-0.00	0.0603	10.42	458.6	387.65	0.0714	596.3	10.734	22.18	13.01	1.51
	94.43	30.18	67.81	-0.00	0.0602	10.41	457.9	387.05	0.0718	599.6	10.792	22.30	13.09	1.51
	95.43	30.20	67.83	-0.00	0.0601	10.39	457.0	386.25	0.0718	601.8	10.833	22.38	13.15	1.52
	96.42	30.20	67.83	0.00	0.0601	10.39	456.9	386.15	0.0717	600.0	10.799	22.31	13.10	1.52
	97.42	30.20	67.81	0.00	0.0601	10.37	456.5	385.87	0.0719	601.7	10.831	22.38	13.15	1.52
	98.42	30.20	67.83	-0.00	0.0600	10.37	456.2	385.51	0.0723	606.2	10.912	22.54	13.26	1.51
	99.40	30.23	67.83	0.00	0.0601	10.37	456.2	385.59	0.0725	609.0	10.963	22.65	13.33	1.51
	100.42	30.22	67.83	0.00	0.0600	10.36	456.0	385.36	0.0725	609.2	10.966	22.65	13.34	1.52
	101.42	30.20	67.83	0.00	0.0600	10.36	455.7	385.06	0.0725	609.4	10.969	22.66	13.34	1.52
	102.40	30.20	67.81	0.00	0.0600	10.35	455.3	384.85	0.0727	612.1	11.017	22.76	13.41	1.52
	103.41	30.20	67.83	0.00	0.0600	10.35	455.4	384.80	0.0732	617.9	11.122	22.97	13.55	1.52
	104.41	30.20	67.83	-0.00	0.0599	10.34	454.8	384.31	0.0736	623.1	11.216	23.17	13.68	1.52
