Jul 27 2015 at 10:03:34
Frequency: 1.00Hz.
CO2
Zero:  Value:0.95  Date:18 Mar 2005	 at 07:22:33	
Span:  Value:1.00  Date:18 Mar 2005	 at 07:25:09	
H2O
Zero:  Value:0.71  Date:18 Mar 2005	 at 07:52:31	
Span:  Value:0.99  Date:18 Mar 2005	 at 11:44:01	
	Relative Time	Temperature	Pressure	Aux Input	CO2 Absorptance	CO2 mmol/m3	CO2 mg/m3	CO2 umol/mol	H2O Absorptance	H2O mmol/m3	H2O g/m3	H2O mmol/mol	H2O(°C)	Cooler Voltage
	0.89	24.58	69.58	0.00	0.0629	10.93	480.7	388.69	0.0698	568.2	10.228	20.21	11.99	1.53
	1.89	24.59	69.58	0.00	0.0628	10.90	479.4	387.63	0.0699	571.1	10.279	20.32	12.06	1.53
	2.89	24.61	69.60	0.00	0.0623	10.79	474.7	383.74	0.0738	617.8	11.120	21.97	13.26	1.53
	3.90	24.59	69.58	-0.00	0.0623	10.78	474.4	383.55	0.0724	606.9	10.924	21.59	12.99	1.53
	4.88	24.61	69.63	0.00	0.0623	10.79	474.9	383.77	0.0739	620.1	11.162	22.05	13.32	1.53
	5.90	24.61	69.60	0.00	0.0623	10.79	474.6	383.67	0.0738	618.7	11.137	22.01	13.29	1.53
	6.90	24.61	69.58	-0.00	0.0623	10.78	474.3	383.56	0.0732	614.4	11.058	21.86	13.18	1.53
	7.97	24.63	69.60	-0.00	0.0622	10.78	474.2	383.31	0.0738	616.2	11.091	21.92	13.23	1.53
	8.89	24.63	69.58	-0.00	0.0621	10.75	472.8	382.34	0.0738	621.8	11.193	22.13	13.37	1.53
	9.91	24.62	69.58	0.00	0.0620	10.73	472.2	381.87	0.0739	621.0	11.179	22.10	13.35	1.53
	10.87	24.65	69.58	0.00	0.0620	10.74	472.4	382.04	0.0740	619.1	11.143	22.03	13.30	1.53
	11.90	24.65	69.58	-0.00	0.0619	10.71	471.3	381.19	0.0747	631.8	11.373	22.48	13.61	1.53
	12.87	24.63	69.55	0.00	0.0619	10.73	472.0	381.83	0.0740	620.7	11.173	22.10	13.34	1.53
	13.88	24.67	69.60	0.00	0.0619	10.70	470.9	380.74	0.0743	627.3	11.292	22.32	13.50	1.53
	14.88	24.65	69.58	-0.00	0.0619	10.67	469.4	379.64	0.0749	628.1	11.305	22.35	13.52	1.53
	15.90	24.65	69.60	-0.00	0.0617	10.67	469.4	379.47	0.0745	631.6	11.369	22.47	13.61	1.53
	16.97	24.63	69.58	-0.00	0.0618	10.65	468.7	379.05	0.0743	626.8	11.282	22.30	13.49	1.53
	17.91	24.63	69.58	-0.00	0.0617	10.66	468.8	379.14	0.0752	631.9	11.374	22.48	13.61	1.53
	18.91	24.65	69.60	-0.00	0.0617	10.67	469.3	379.41	0.0745	622.9	11.213	22.16	13.39	1.53
	19.91	24.67	69.63	-0.00	0.0616	10.65	468.6	378.69	0.0751	632.2	11.380	22.48	13.62	1.53
	20.89	24.67	69.58	0.00	0.0615	10.61	466.6	377.42	0.0753	638.0	11.485	22.71	13.76	1.53
	21.89	24.65	69.58	-0.00	0.0617	10.63	467.7	378.25	0.0749	636.0	11.447	22.63	13.71	1.53
	22.90	24.66	69.60	-0.00	0.0614	10.63	467.7	378.10	0.0759	637.1	11.468	22.66	13.74	1.53
	23.88	24.66	69.58	0.00	0.0615	10.62	467.5	378.10	0.0755	637.6	11.477	22.69	13.75	1.53
	24.88	24.67	69.60	0.00	0.0614	10.59	465.8	376.63	0.0759	644.8	11.606	22.94	13.92	1.53
	25.88	24.67	69.58	0.00	0.0613	10.57	465.2	376.29	0.0762	648.5	11.673	23.08	14.01	1.53
	26.89	24.66	69.58	0.00	0.0612	10.57	465.2	376.27	0.0762	645.4	11.618	22.97	13.94	1.53
	27.89	24.67	69.58	0.00	0.0609	10.55	464.2	375.45	0.0775	651.8	11.732	23.20	14.09	1.53
	28.97	24.68	69.60	0.00	0.0609	10.58	465.5	376.40	0.0772	642.4	11.563	22.85	13.87	1.53
	29.89	24.67	69.58	0.00	0.0610	10.51	462.3	373.89	0.0769	654.9	11.788	23.31	14.17	1.53
	30.90	24.68	69.58	0.00	0.0609	10.46	460.2	372.25	0.0773	663.5	11.943	23.61	14.37	1.53
	31.90	24.67	69.58	-0.00	0.0609	10.48	461.2	373.02	0.0774	664.1	11.954	23.63	14.38	1.53
	32.96	24.67	69.58	0.00	0.0609	10.46	460.4	372.36	0.0779	672.3	12.101	23.92	14.57	1.53
	33.88	24.68	69.58	0.00	0.0609	10.43	459.0	371.29	0.0779	677.6	12.196	24.11	14.69	1.53
	34.88	24.68	69.60	-0.00	0.0611	10.49	461.7	373.32	0.0776	669.2	12.046	23.81	14.50	1.53
	35.90	24.68	69.60	0.00	0.0611	10.48	461.0	372.74	0.0778	673.5	12.124	23.96	14.60	1.53
	36.90	24.68	69.60	0.00	0.0613	10.57	465.0	376.00	0.0777	665.7	11.982	23.68	14.42	1.53
	37.89	24.67	69.58	0.00	0.0611	10.51	462.3	373.90	0.0778	673.5	12.123	23.97	14.60	1.53
	38.91	24.68	69.58	0.00	0.0605	10.38	456.7	369.40	0.0792	691.7	12.450	24.62	15.01	1.53
	39.91	24.68	69.58	-0.00	0.0609	10.40	457.7	370.19	0.0784	687.0	12.365	24.45	14.91	1.53
	40.90	24.68	69.58	-0.00	0.0604	10.43	458.9	371.18	0.0797	686.1	12.349	24.42	14.89	1.53
	41.90	24.72	69.61	0.00	0.0597	10.26	451.3	364.91	0.0811	708.3	12.749	25.20	15.38	1.53
	42.90	24.70	69.58	-0.00	0.0601	10.35	455.5	368.43	0.0802	697.1	12.548	24.81	15.14	1.53
	43.90	24.68	69.60	-0.00	0.0606	10.42	458.3	370.57	0.0787	681.8	12.272	24.25	14.79	1.53
	44.90	24.68	69.61	-0.00	0.0603	10.34	454.8	367.73	0.0795	696.6	12.538	24.78	15.12	1.53
	45.90	24.68	69.58	0.00	0.0601	10.31	453.6	366.85	0.0804	696.1	12.530	24.77	15.11	1.53
	46.88	24.70	69.58	0.00	0.0599	10.30	453.1	366.54	0.0803	695.8	12.525	24.76	15.11	1.53
	47.91	24.70	69.58	-0.00	0.0600	10.28	452.3	365.82	0.0805	698.1	12.567	24.85	15.16	1.53
	48.89	24.70	69.55	0.00	0.0601	10.18	447.9	362.43	0.0808	745.2	13.414	26.53	16.18	1.53
	49.89	24.70	69.58	0.00	0.0595	10.24	450.4	364.30	0.0825	717.1	12.908	25.52	15.58	1.53
	50.89	24.72	69.58	-0.00	0.0601	10.28	452.4	365.99	0.0801	703.6	12.665	25.04	15.28	1.53
	51.90	24.69	69.58	0.00	0.0599	10.26	451.5	365.22	0.0810	704.2	12.675	25.06	15.29	1.53
	52.88	24.72	69.58	-0.00	0.0594	10.11	444.8	359.77	0.0828	745.4	13.417	26.53	16.18	1.53
	53.88	24.72	69.58	0.00	0.0597	10.22	449.9	363.91	0.0813	711.8	12.813	25.34	15.46	1.53
	54.90	24.72	69.58	0.00	0.0592	10.13	445.9	360.72	0.0821	721.8	12.992	25.69	15.68	1.53
	55.91	24.72	69.58	0.00	0.0582	10.01	440.7	356.46	0.0841	737.9	13.282	26.26	16.02	1.53
	56.89	24.72	69.58	0.00	0.0594	10.13	445.7	360.55	0.0818	724.2	13.035	25.78	15.73	1.53
	57.89	24.72	69.58	0.00	0.0592	10.10	444.4	359.46	0.0831	735.4	13.237	26.18	15.97	1.53
	58.89	24.72	69.60	0.00	0.0585	10.00	440.0	355.83	0.0837	744.2	13.396	26.48	16.16	1.53
	59.89	24.70	69.60	0.00	0.0585	9.98	439.0	354.98	0.0841	755.7	13.602	26.89	16.40	1.53
	60.90	24.72	69.58	-0.00	0.0594	10.14	446.0	360.77	0.0817	728.3	13.109	25.92	15.82	1.53
	61.87	24.72	69.61	0.00	0.0592	10.08	443.6	358.73	0.0826	738.7	13.297	26.28	16.04	1.53
	62.90	24.74	69.60	0.00	0.0586	9.99	439.8	355.65	0.0839	749.3	13.487	26.66	16.26	1.53
	63.87	24.74	69.58	0.00	0.0584	9.94	437.2	353.67	0.0845	758.0	13.645	26.98	16.45	1.53
	64.88	24.74	69.58	0.00	0.0586	9.96	438.2	354.54	0.0842	755.4	13.598	26.89	16.39	1.53
	65.88	24.73	69.58	0.00	0.0584	9.99	439.7	355.67	0.0846	754.8	13.587	26.87	16.38	1.53
	66.88	24.74	69.58	0.00	0.0592	10.12	445.3	360.21	0.0829	732.2	13.180	26.06	15.90	1.53
	67.88	24.74	69.58	0.00	0.0585	10.02	440.9	356.69	0.0848	754.9	13.589	26.87	16.38	1.53
	68.89	24.75	69.58	-0.00	0.0586	9.93	436.9	353.50	0.0841	760.4	13.687	27.07	16.50	1.53
	69.89	24.75	69.60	0.00	0.0590	10.06	442.8	358.09	0.0833	742.9	13.372	26.44	16.13	1.53
	70.89	24.75	69.61	0.00	0.0584	9.93	436.7	353.17	0.0848	763.7	13.747	27.18	16.57	1.53
	71.90	24.77	69.58	-0.00	0.0587	10.02	441.1	356.86	0.0842	748.8	13.478	26.65	16.25	1.53
	72.96	24.77	69.58	0.00	0.0587	9.98	438.9	355.14	0.0843	754.9	13.589	26.88	16.38	1.53
	73.90	24.75	69.60	-0.00	0.0587	10.00	440.2	356.00	0.0841	752.2	13.540	26.77	16.33	1.53
	74.90	24.75	69.58	0.00	0.0584	9.94	437.3	353.77	0.0847	759.9	13.678	27.05	16.49	1.53
	75.88	24.77	69.60	0.00	0.0582	9.88	434.9	351.77	0.0853	772.4	13.904	27.49	16.74	1.53
	76.89	24.77	69.55	0.00	0.0584	9.88	434.7	351.86	0.0845	767.0	13.805	27.31	16.63	1.53
	77.88	24.77	69.58	0.00	0.0584	9.87	434.4	351.50	0.0844	767.3	13.811	27.32	16.64	1.53
	78.89	24.79	69.58	0.00	0.0584	9.94	437.2	353.74	0.0845	757.8	13.641	26.98	16.45	1.53
	79.87	24.77	69.58	0.00	0.0581	9.85	433.3	350.56	0.0856	771.6	13.888	27.47	16.73	1.53
	80.90	24.79	69.58	-0.00	0.0584	9.94	437.3	353.81	0.0844	761.4	13.705	27.11	16.52	1.53
	81.87	24.79	69.58	0.00	0.0582	9.92	436.7	353.33	0.0849	759.9	13.678	27.05	16.49	1.53
	82.88	24.79	69.58	0.00	0.0581	9.87	434.3	351.40	0.0853	766.3	13.794	27.28	16.62	1.53
	83.87	24.79	69.58	0.00	0.0583	9.86	433.9	351.10	0.0847	766.6	13.799	27.29	16.63	1.53
	84.90	24.79	69.60	-0.00	0.0580	9.77	429.8	347.59	0.0854	775.0	13.950	27.58	16.80	1.53
	85.88	24.79	69.60	-0.00	0.0580	9.85	433.4	350.54	0.0853	769.2	13.846	27.37	16.68	1.53
	86.89	24.79	69.58	-0.00	0.0577	9.73	428.0	346.28	0.0861	785.6	14.140	27.97	17.01	1.53
	87.89	24.79	69.61	0.00	0.0580	9.86	433.7	350.81	0.0856	768.9	13.841	27.36	16.67	1.53
	88.89	24.80	69.58	0.00	0.0574	9.63	423.9	343.03	0.0862	790.2	14.224	28.14	17.11	1.53
	89.89	24.83	69.58	-0.00	0.0571	9.65	424.8	343.73	0.0872	795.6	14.321	28.33	17.21	1.54
	90.90	24.81	69.58	-0.00	0.0568	9.59	421.8	341.29	0.0878	806.9	14.524	28.73	17.43	1.53
	91.90	24.81	69.58	-0.00	0.0580	9.88	434.5	351.62	0.0855	767.4	13.812	27.32	16.64	1.53
	92.88	24.82	69.58	0.00	0.0581	9.87	434.5	351.60	0.0852	766.9	13.805	27.31	16.63	1.53
	93.88	24.79	69.58	0.00	0.0576	9.76	429.4	347.46	0.0863	784.9	14.128	27.94	17.00	1.53
	94.90	24.83	69.58	0.00	0.0576	9.85	433.4	350.73	0.0864	771.7	13.890	27.48	16.73	1.53
	95.88	24.83	69.60	0.00	0.0575	9.73	428.3	346.47	0.0865	787.4	14.173	28.03	17.05	1.54
	96.97	24.83	69.60	-0.00	0.0578	9.77	430.1	347.89	0.0859	780.3	14.045	27.77	16.91	1.53
	97.88	24.82	69.58	0.00	0.0577	9.78	430.2	348.11	0.0863	781.4	14.066	27.82	16.93	1.53
	98.97	24.85	69.60	-0.00	0.0576	9.76	429.5	347.48	0.0872	793.0	14.273	28.23	17.16	1.53
	99.87	24.83	69.55	0.00	0.0568	9.58	421.5	341.20	0.0891	827.4	14.892	29.47	17.83	1.53
	100.89	24.84	69.60	0.00	0.0562	9.48	417.3	337.61	0.0896	829.4	14.928	29.52	17.87	1.53
	101.96	24.82	69.60	0.00	0.0566	9.52	418.7	338.71	0.0882	814.8	14.666	29.00	17.59	1.54
	102.90	24.84	69.58	-0.00	0.0572	9.70	426.9	345.48	0.0870	789.3	14.208	28.11	17.09	1.53
	103.90	24.84	69.58	-0.00	0.0569	9.61	422.8	342.19	0.0876	802.0	14.436	28.56	17.34	1.53
	104.88	24.82	69.56	0.00	0.0563	9.53	419.2	339.32	0.0890	815.3	14.676	29.04	17.60	1.53
	105.89	24.84	69.58	0.00	0.0560	9.42	414.5	335.44	0.0899	832.8	14.990	29.65	17.94	1.53
	106.89	24.88	69.60	-0.00	0.0560	9.45	415.7	336.37	0.0893	826.1	14.869	29.41	17.81	1.54
	107.89	24.86	69.58	0.00	0.0571	9.64	424.0	343.14	0.0872	798.9	14.380	28.45	17.28	1.54
	108.87	24.84	69.58	0.00	0.0568	9.46	416.1	336.75	0.0878	827.3	14.891	29.46	17.83	1.53
	109.89	24.88	69.60	0.00	0.0569	9.59	422.0	341.46	0.0875	804.7	14.484	28.65	17.40	1.53
	110.90	24.86	69.60	-0.00	0.0567	9.57	421.0	340.60	0.0883	812.5	14.624	28.92	17.55	1.53
	111.90	24.86	69.58	-0.00	0.0566	9.57	421.3	340.94	0.0884	808.5	14.554	28.79	17.47	1.53
	112.90	24.86	69.58	-0.00	0.0566	9.52	418.8	338.97	0.0882	816.7	14.701	29.08	17.63	1.54
	113.88	24.86	69.61	0.00	0.0570	9.60	422.2	341.54	0.0874	805.8	14.505	28.68	17.42	1.54
	114.89	24.86	69.58	0.00	0.0566	9.55	420.4	340.25	0.0882	811.3	14.604	28.89	17.52	1.53
	115.88	24.88	69.61	0.00	0.0566	9.49	417.6	337.89	0.0880	817.3	14.712	29.09	17.64	1.53
	116.89	24.88	69.62	-0.00	0.0568	9.59	421.9	341.22	0.0877	804.6	14.484	28.64	17.39	1.53
	117.88	24.88	69.58	0.00	0.0566	9.57	421.1	340.84	0.0882	807.4	14.533	28.75	17.45	1.53
	118.87	24.88	69.58	0.00	0.0567	9.56	420.6	340.44	0.0881	810.1	14.583	28.85	17.50	1.53
	119.89	24.88	69.58	-0.00	0.0566	9.55	420.3	340.17	0.0883	810.7	14.593	28.87	17.51	1.54
	120.89	24.89	69.61	0.00	0.0565	9.52	418.9	338.91	0.0889	818.9	14.741	29.15	17.67	1.53
	121.88	24.90	69.58	0.00	0.0560	9.49	417.5	337.93	0.0904	830.9	14.956	29.59	17.90	1.53
	122.90	24.90	69.58	-0.00	0.0565	9.54	419.6	339.66	0.0887	816.7	14.700	29.08	17.63	1.53
	123.90	24.90	69.61	-0.00	0.0565	9.53	419.2	339.17	0.0888	817.6	14.717	29.11	17.65	1.54
	124.88	24.91	69.63	0.00	0.0562	9.49	417.6	337.75	0.0892	823.5	14.823	29.31	17.76	1.54
	125.97	24.90	69.57	-0.00	0.0564	9.49	417.5	337.94	0.0891	827.2	14.889	29.46	17.83	1.53
	126.89	24.90	69.58	-0.00	0.0565	9.54	419.7	339.72	0.0889	819.5	14.751	29.19	17.69	1.53
