Jul 27 2015 at 9:42:48
Frequency: 1.00Hz.
CO2
Zero:  Value:0.95  Date:18 Mar 2005	 at 07:22:33	
Span:  Value:1.00  Date:18 Mar 2005	 at 07:25:09	
H2O
Zero:  Value:0.71  Date:18 Mar 2005	 at 07:52:31	
Span:  Value:0.99  Date:18 Mar 2005	 at 11:44:01	
	Relative Time	Temperature	Pressure	Aux Input	CO2 Absorptance	CO2 mmol/m3	CO2 mg/m3	CO2 umol/mol	H2O Absorptance	H2O mmol/m3	H2O g/m3	H2O mmol/mol	H2O(°C)	Cooler Voltage
	0.39	21.45	69.63	0.00	0.0616	10.64	468.4	374.41	0.0657	525.0	9.449	18.47	10.63	1.50
	1.47	21.47	69.66	-0.00	0.0618	10.67	469.5	375.25	0.0658	521.4	9.386	18.34	10.53	1.50
	2.39	21.47	69.66	-0.00	0.0618	10.67	469.6	375.30	0.0660	523.6	9.425	18.41	10.60	1.50
	3.38	21.47	69.66	0.00	0.0618	10.67	469.3	375.10	0.0660	521.8	9.392	18.35	10.54	1.50
	4.37	21.47	69.66	0.00	0.0618	10.68	470.0	375.64	0.0661	525.2	9.453	18.47	10.64	1.50
	5.37	21.45	69.66	0.00	0.0618	10.68	469.7	375.36	0.0658	522.7	9.409	18.38	10.57	1.50
	6.38	21.47	69.61	-0.00	0.0618	10.68	469.8	375.75	0.0657	521.5	9.387	18.35	10.54	1.50
	7.36	21.48	69.66	0.00	0.0617	10.66	469.2	374.98	0.0654	518.0	9.324	18.22	10.44	1.50
	8.39	21.47	69.66	0.00	0.0617	10.66	469.0	374.81	0.0656	519.4	9.350	18.27	10.48	1.50
	9.38	21.46	69.63	0.00	0.0618	10.67	469.3	375.19	0.0657	521.1	9.380	18.33	10.52	1.50
	10.39	21.48	69.66	-0.00	0.0618	10.68	469.7	375.42	0.0658	523.0	9.415	18.39	10.58	1.50
	11.39	21.47	69.61	-0.00	0.0618	10.67	469.4	375.40	0.0659	523.6	9.426	18.43	10.60	1.50
	12.39	21.47	69.68	-0.00	0.0618	10.66	469.1	374.73	0.0661	524.7	9.445	18.44	10.63	1.49
	13.38	21.47	69.66	-0.00	0.0617	10.66	468.9	374.78	0.0662	525.9	9.467	18.49	10.66	1.50
	14.38	21.46	69.66	0.00	0.0617	10.66	468.9	374.76	0.0663	527.1	9.489	18.54	10.70	1.50
	15.37	21.47	69.66	0.00	0.0616	10.65	468.8	374.63	0.0671	536.9	9.664	18.88	10.97	1.50
	16.39	21.48	69.66	-0.00	0.0617	10.67	469.4	375.14	0.0683	549.8	9.896	19.33	11.33	1.50
	17.44	21.48	69.66	0.00	0.0618	10.68	470.1	375.71	0.0687	556.3	10.013	19.56	11.51	1.50
	18.38	21.48	69.66	0.00	0.0621	10.72	471.7	377.03	0.0676	547.7	9.859	19.26	11.27	1.50
	19.39	21.48	69.63	0.00	0.0619	10.70	470.7	376.33	0.0670	535.5	9.640	18.84	10.94	1.50
	20.41	21.48	69.63	0.00	0.0617	10.65	468.6	374.70	0.0672	538.2	9.688	18.94	11.01	1.49
	21.39	21.48	69.66	0.00	0.0618	10.66	469.2	375.04	0.0672	539.0	9.702	18.95	11.03	1.50
	22.37	21.46	69.66	0.00	0.0619	10.69	470.5	376.00	0.0669	535.6	9.640	18.83	10.93	1.50
	23.38	21.50	69.68	0.00	0.0617	10.67	469.3	374.96	0.0683	545.8	9.824	19.19	11.22	1.50
	24.38	21.48	69.63	0.00	0.0616	10.64	468.0	374.17	0.0690	559.9	10.078	19.70	11.61	1.49
	25.38	21.46	69.66	0.00	0.0615	10.63	467.7	373.77	0.0691	560.2	10.084	19.70	11.61	1.50
	26.38	21.48	69.63	-0.00	0.0615	10.62	467.1	373.47	0.0700	567.9	10.222	19.98	11.82	1.50
	27.38	21.48	69.66	0.00	0.0613	10.58	465.5	372.09	0.0704	575.0	10.351	20.22	12.01	1.50
	28.38	21.47	69.63	0.00	0.0614	10.59	466.0	372.57	0.0705	578.1	10.406	20.34	12.09	1.50
	29.38	21.45	69.63	0.00	0.0615	10.61	467.0	373.32	0.0705	576.7	10.381	20.29	12.05	1.50
	30.37	21.47	69.66	0.00	0.0613	10.59	465.9	372.35	0.0718	588.2	10.588	20.68	12.35	1.50
	31.39	21.45	69.63	0.00	0.0613	10.56	464.7	371.47	0.0721	596.7	10.741	20.99	12.57	1.50
	32.39	21.48	69.63	-0.00	0.0614	10.58	465.6	372.26	0.0718	593.2	10.677	20.87	12.48	1.50
	33.38	21.45	69.66	-0.00	0.0613	10.57	465.3	371.83	0.0721	596.8	10.743	20.99	12.57	1.50
	34.38	21.47	69.63	-0.00	0.0614	10.57	465.3	372.01	0.0721	598.2	10.767	21.04	12.61	1.50
	35.38	21.47	69.66	0.00	0.0614	10.59	465.9	372.38	0.0717	591.2	10.642	20.79	12.43	1.50
	36.47	21.47	69.66	-0.00	0.0614	10.59	466.1	372.48	0.0727	602.3	10.841	21.18	12.71	1.50
	37.38	21.45	69.66	0.00	0.0615	10.60	466.4	372.71	0.0729	606.6	10.919	21.33	12.82	1.50
	38.38	21.47	69.66	0.00	0.0615	10.60	466.4	372.76	0.0729	607.6	10.937	21.37	12.85	1.50
	39.37	21.47	69.63	0.00	0.0614	10.60	466.4	372.87	0.0729	607.2	10.929	21.36	12.84	1.50
	40.39	21.47	69.66	-0.00	0.0614	10.59	466.0	372.41	0.0734	612.0	11.016	21.52	12.96	1.50
	41.37	21.47	69.66	0.00	0.0615	10.60	466.4	372.73	0.0734	613.8	11.049	21.59	13.00	1.50
	42.40	21.48	69.61	-0.00	0.0616	10.63	467.7	374.09	0.0731	608.3	10.949	21.41	12.87	1.50
	43.38	21.48	69.66	-0.00	0.0616	10.64	468.2	374.21	0.0731	609.1	10.963	21.42	12.89	1.50
	44.37	21.48	69.66	0.00	0.0617	10.64	468.2	374.20	0.0732	610.1	10.982	21.46	12.91	1.50
	45.38	21.48	69.66	0.00	0.0615	10.61	467.0	373.23	0.0737	615.4	11.077	21.64	13.04	1.50
	46.44	21.48	69.68	0.00	0.0615	10.60	466.2	372.47	0.0734	612.6	11.026	21.53	12.97	1.50
	47.38	21.50	69.63	0.00	0.0615	10.60	466.4	372.97	0.0734	613.5	11.042	21.58	13.00	1.50
	48.38	21.48	69.63	0.00	0.0615	10.60	466.5	372.95	0.0734	612.4	11.023	21.54	12.97	1.50
	49.39	21.47	69.66	-0.00	0.0613	10.58	465.5	371.98	0.0737	616.0	11.088	21.66	13.06	1.50
	50.39	21.48	69.66	0.00	0.0612	10.55	464.0	370.86	0.0742	622.9	11.213	21.91	13.23	1.50
	51.37	21.48	69.66	0.00	0.0612	10.55	464.2	371.03	0.0744	625.2	11.254	21.99	13.29	1.50
	52.40	21.50	69.66	-0.00	0.0613	10.56	464.8	371.53	0.0744	625.7	11.262	22.00	13.30	1.50
	53.38	21.50	69.63	-0.00	0.0614	10.58	465.6	372.27	0.0741	622.8	11.211	21.91	13.23	1.50
	54.38	21.50	69.68	0.00	0.0614	10.59	465.9	372.22	0.0739	619.0	11.143	21.76	13.14	1.50
	55.38	21.48	69.66	0.00	0.0614	10.58	465.6	372.12	0.0739	619.4	11.149	21.78	13.14	1.50
	56.38	21.47	69.66	-0.00	0.0612	10.56	464.5	371.24	0.0740	620.1	11.162	21.81	13.16	1.50
	57.39	21.48	69.66	-0.00	0.0612	10.55	464.0	370.87	0.0741	623.0	11.213	21.91	13.23	1.50
	58.38	21.52	69.66	0.00	0.0611	10.53	463.4	370.43	0.0744	624.9	11.249	21.98	13.28	1.50
	59.39	21.50	69.68	0.00	0.0612	10.54	463.9	370.68	0.0748	629.1	11.324	22.12	13.38	1.50
	60.37	21.52	69.66	0.00	0.0611	10.51	462.4	369.59	0.0748	629.2	11.326	22.13	13.39	1.50
	61.39	21.52	69.63	0.00	0.0611	10.52	462.9	370.15	0.0751	633.1	11.395	22.27	13.48	1.50
	62.38	21.52	69.58	-0.00	0.0611	10.52	462.9	370.41	0.0750	632.6	11.387	22.27	13.47	1.50
	63.38	21.52	69.66	0.00	0.0609	10.47	460.9	368.42	0.0757	642.3	11.561	22.59	13.70	1.50
	64.38	21.52	69.66	0.00	0.0609	10.47	460.8	368.36	0.0764	649.1	11.684	22.83	13.86	1.50
	65.36	21.50	69.63	-0.00	0.0611	10.51	462.4	369.75	0.0753	636.8	11.463	22.41	13.57	1.50
	66.39	21.50	69.65	0.00	0.0610	10.50	462.0	369.32	0.0755	639.4	11.510	22.49	13.63	1.50
	67.39	21.48	69.66	-0.00	0.0611	10.53	463.2	370.22	0.0748	632.1	11.378	22.23	13.45	1.50
	68.47	21.50	69.66	-0.00	0.0612	10.55	464.1	370.98	0.0742	625.2	11.253	21.99	13.29	1.50
	69.39	21.52	69.68	-0.00	0.0612	10.55	464.1	370.85	0.0746	627.0	11.286	22.04	13.33	1.50
	70.37	21.48	69.63	0.00	0.0611	10.53	463.2	370.31	0.0752	634.3	11.417	22.31	13.51	1.50
	71.39	21.50	69.63	-0.00	0.0611	10.51	462.5	369.79	0.0757	643.2	11.578	22.63	13.72	1.50
	72.37	21.52	69.66	0.00	0.0610	10.51	462.5	369.69	0.0753	635.2	11.434	22.34	13.53	1.50
	73.40	21.48	69.63	-0.00	0.0610	10.50	462.1	369.46	0.0756	639.7	11.515	22.50	13.64	1.50
	74.38	21.50	69.66	0.00	0.0610	10.51	462.3	369.47	0.0756	640.3	11.526	22.52	13.65	1.50
	75.38	21.52	69.63	0.00	0.0610	10.50	462.0	369.46	0.0759	645.0	11.610	22.69	13.77	1.50
	76.38	21.50	69.61	0.00	0.0610	10.50	462.1	369.60	0.0757	642.6	11.567	22.62	13.71	1.50
	77.38	21.52	69.63	0.00	0.0609	10.49	461.3	368.90	0.0757	641.6	11.548	22.57	13.68	1.50
	78.39	21.52	69.66	-0.00	0.0611	10.51	462.4	369.62	0.0754	638.8	11.499	22.47	13.62	1.50
	79.39	21.50	69.66	-0.00	0.0610	10.51	462.3	369.54	0.0757	640.2	11.524	22.52	13.65	1.50
	80.39	21.50	69.63	-0.00	0.0609	10.49	461.5	369.02	0.0764	647.9	11.662	22.79	13.83	1.50
	81.40	21.52	69.66	-0.00	0.0607	10.44	459.2	367.03	0.0771	660.0	11.881	23.21	14.12	1.50
	82.37	21.52	69.66	0.00	0.0608	10.45	459.9	367.62	0.0768	656.3	11.813	23.08	14.03	1.50
	83.38	21.52	69.63	-0.00	0.0608	10.46	460.1	367.89	0.0773	659.3	11.868	23.20	14.11	1.50
	84.46	21.54	69.66	0.00	0.0608	10.46	460.1	367.82	0.0768	657.7	11.838	23.13	14.07	1.50
	85.39	21.53	69.66	0.00	0.0609	10.47	460.6	368.15	0.0764	652.9	11.752	22.96	13.95	1.50
	86.47	21.55	69.63	-0.00	0.0610	10.49	461.6	369.18	0.0763	650.0	11.700	22.87	13.89	1.50
	87.39	21.54	69.63	-0.00	0.0609	10.49	461.5	369.03	0.0765	652.1	11.738	22.95	13.94	1.50
	88.39	21.55	69.66	-0.00	0.0607	10.44	459.4	367.25	0.0771	659.6	11.872	23.20	14.11	1.50
	89.40	21.55	69.63	-0.00	0.0608	10.45	459.6	367.58	0.0770	660.2	11.883	23.23	14.13	1.50
	90.40	21.53	69.63	-0.00	0.0608	10.46	460.4	368.15	0.0764	652.5	11.745	22.96	13.95	1.50
	91.45	21.55	69.63	0.00	0.0608	10.46	460.0	367.89	0.0770	655.6	11.800	23.07	14.02	1.50
	92.38	21.55	69.63	-0.00	0.0608	10.45	459.9	367.83	0.0774	664.8	11.967	23.39	14.24	1.50
	93.38	21.52	69.61	-0.00	0.0607	10.43	459.1	367.26	0.0777	665.2	11.974	23.41	14.24	1.50
	94.36	21.52	69.63	0.00	0.0607	10.44	459.6	367.49	0.0775	667.2	12.010	23.48	14.29	1.50
	95.38	21.55	69.66	0.00	0.0607	10.44	459.5	367.33	0.0777	668.0	12.023	23.50	14.31	1.50
	96.38	21.53	69.63	-0.00	0.0606	10.42	458.6	366.71	0.0779	669.5	12.050	23.56	14.34	1.50
	97.39	21.55	69.66	0.00	0.0606	10.41	458.1	366.25	0.0783	676.4	12.175	23.79	14.50	1.50
	98.37	21.57	69.66	0.00	0.0607	10.44	459.3	367.23	0.0780	672.8	12.110	23.67	14.42	1.50
	99.40	21.57	69.66	-0.00	0.0606	10.41	458.0	366.15	0.0782	673.4	12.121	23.69	14.43	1.50
	100.39	21.55	69.66	0.00	0.0606	10.41	458.2	366.29	0.0782	674.9	12.148	23.74	14.47	1.50
	101.39	21.57	69.63	0.00	0.0606	10.41	457.9	366.19	0.0784	675.4	12.157	23.77	14.48	1.50
	102.38	21.57	69.66	-0.00	0.0605	10.39	457.0	365.38	0.0781	674.6	12.143	23.73	14.46	1.50
	103.38	21.57	69.63	-0.00	0.0605	10.38	456.5	365.12	0.0782	674.6	12.143	23.74	14.46	1.50
	104.46	21.57	69.63	0.00	0.0605	10.40	457.6	365.98	0.0780	669.6	12.053	23.56	14.35	1.50
	105.39	21.55	69.63	-0.00	0.0608	10.44	459.3	367.30	0.0778	668.6	12.035	23.53	14.32	1.50
	106.38	21.57	69.66	0.00	0.0610	10.48	461.3	368.83	0.0778	668.8	12.038	23.53	14.33	1.50
	107.38	21.57	69.66	0.00	0.0610	10.50	461.8	369.21	0.0775	664.5	11.961	23.38	14.23	1.50
	108.37	21.57	69.61	0.00	0.0610	10.50	462.1	369.69	0.0775	664.6	11.963	23.39	14.23	1.50
	109.37	21.57	69.66	0.00	0.0610	10.51	462.3	369.57	0.0774	665.1	11.972	23.40	14.24	1.51
	110.37	21.55	69.66	0.00	0.0607	10.44	459.2	367.10	0.0778	668.2	12.028	23.50	14.31	1.51
	111.37	21.58	69.66	0.00	0.0605	10.39	457.0	365.42	0.0785	676.2	12.172	23.79	14.50	1.50
	112.37	21.58	69.61	0.00	0.0603	10.35	455.2	364.22	0.0789	683.4	12.302	24.06	14.66	1.50
	113.38	21.59	69.58	0.00	0.0602	10.33	454.4	363.72	0.0787	681.1	12.260	23.99	14.61	1.50
	114.38	21.55	69.66	0.00	0.0603	10.35	455.4	364.04	0.0790	683.9	12.311	24.06	14.67	1.50
	115.47	21.59	69.63	-0.00	0.0604	10.36	455.8	364.59	0.0790	684.9	12.329	24.10	14.70	1.51
	116.39	21.59	69.63	-0.00	0.0602	10.33	454.4	363.48	0.0791	685.1	12.332	24.11	14.70	1.50
	117.39	21.58	69.68	0.00	0.0603	10.34	454.8	363.51	0.0791	686.4	12.356	24.14	14.73	1.51
	118.37	21.59	69.66	0.00	0.0603	10.34	455.0	363.77	0.0792	686.2	12.351	24.14	14.73	1.50
	119.39	21.59	69.66	0.00	0.0603	10.34	455.0	363.79	0.0790	685.8	12.344	24.12	14.72	1.51
	120.37	21.58	69.66	0.00	0.0603	10.34	455.0	363.80	0.0789	683.6	12.305	24.05	14.67	1.51
	121.40	21.59	69.66	-0.00	0.0604	10.37	456.3	364.81	0.0780	672.2	12.100	23.65	14.41	1.51
	122.44	21.59	69.63	0.00	0.0603	10.34	455.1	364.03	0.0786	678.4	12.211	23.87	14.55	1.51
	123.38	21.58	69.63	-0.00	0.0602	10.32	454.1	363.22	0.0790	683.6	12.305	24.06	14.67	1.51
	124.38	21.57	69.63	0.00	0.0601	10.29	453.0	362.27	0.0796	690.7	12.432	24.30	14.83	1.51
	125.38	21.60	69.63	-0.00	0.0601	10.30	453.4	362.65	0.0792	687.9	12.382	24.21	14.77	1.51
	126.38	21.59	69.63	-0.00	0.0603	10.33	454.3	363.37	0.0790	685.0	12.331	24.11	14.70	1.51
	127.36	21.59	69.63	0.00	0.0602	10.33	454.5	363.52	0.0794	688.2	12.387	24.22	14.77	1.51
	128.40	21.60	69.63	-0.00	0.0602	10.32	453.9	363.06	0.0794	689.8	12.417	24.28	14.81	1.51
	129.37	21.60	69.63	0.00	0.0601	10.30	453.4	362.66	0.0796	691.8	12.452	24.35	14.85	1.51
	130.38	21.60	69.61	0.00	0.0601	10.30	453.3	362.66	0.0797	694.3	12.497	24.44	14.91	1.51
	131.38	21.57	69.63	-0.00	0.0601	10.29	452.9	362.24	0.0797	693.9	12.491	24.42	14.90	1.51
	132.38	21.60	69.66	0.00	0.0600	10.29	452.6	361.89	0.0800	693.7	12.486	24.40	14.90	1.51
	133.38	21.62	69.63	-0.00	0.0601	10.29	452.6	362.06	0.0799	696.7	12.541	24.52	14.96	1.51
	134.40	21.60	69.66	-0.00	0.0600	10.29	452.9	362.12	0.0794	688.7	12.396	24.23	14.78	1.51
	135.38	21.60	69.63	0.00	0.0600	10.28	452.5	361.92	0.0796	692.3	12.461	24.36	14.86	1.51
	136.38	21.58	69.63	0.00	0.0601	10.29	452.8	362.16	0.0795	690.3	12.425	24.29	14.82	1.51
	137.37	21.59	69.66	0.00	0.0601	10.31	453.5	362.60	0.0796	694.4	12.500	24.43	14.91	1.51
	138.37	21.60	69.63	0.00	0.0602	10.31	453.7	362.89	0.0798	695.7	12.522	24.48	14.94	1.51
	139.37	21.60	69.66	0.00	0.0601	10.29	453.0	362.19	0.0800	699.3	12.587	24.60	15.02	1.51
	140.38	21.62	69.63	-0.00	0.0601	10.29	452.9	362.31	0.0803	701.5	12.626	24.69	15.07	1.51
	141.37	21.62	69.63	0.00	0.0600	10.28	452.5	361.93	0.0797	693.9	12.491	24.42	14.90	1.51
	142.38	21.62	69.63	0.00	0.0599	10.27	451.8	361.38	0.0802	699.6	12.593	24.62	15.03	1.51
	143.40	21.64	69.63	-0.00	0.0599	10.26	451.5	361.18	0.0802	700.2	12.604	24.65	15.04	1.51
	144.38	21.66	69.63	-0.00	0.0599	10.25	450.9	360.74	0.0807	703.7	12.667	24.77	15.12	1.51
	145.39	21.64	69.63	-0.00	0.0598	10.23	450.2	360.13	0.0810	711.7	12.811	25.05	15.30	1.51
	146.45	21.64	69.66	-0.00	0.0599	10.26	451.3	360.89	0.0805	705.6	12.701	24.83	15.16	1.51
	147.37	21.64	69.63	0.00	0.0598	10.24	450.4	360.26	0.0806	704.6	12.682	24.80	15.14	1.51
	148.37	21.60	69.63	0.00	0.0598	10.24	450.7	360.54	0.0809	709.1	12.764	24.96	15.24	1.51
	149.39	21.66	69.68	-0.00	0.0597	10.22	449.5	359.35	0.0808	709.5	12.771	24.96	15.25	1.51
	150.38	21.65	69.63	-0.00	0.0598	10.22	449.8	359.84	0.0810	709.8	12.777	24.99	15.26	1.51
