Jul 27 2015 at 14:56:13
Frequency: 1.00Hz.
CO2
Zero:  Value:0.95  Date:18 Mar 2005	 at 07:22:33	
Span:  Value:1.00  Date:18 Mar 2005	 at 07:25:09	
H2O
Zero:  Value:0.71  Date:18 Mar 2005	 at 07:52:31	
Span:  Value:0.99  Date:18 Mar 2005	 at 11:44:01	
	Relative Time	Temperature	Pressure	Aux Input	CO2 Absorptance	CO2 mmol/m3	CO2 mg/m3	CO2 umol/mol	H2O Absorptance	H2O mmol/m3	H2O g/m3	H2O mmol/mol	H2O(°C)	Cooler Voltage
	0.83	30.08	67.86	-0.00	0.0611	10.60	466.3	393.70	0.0579	442.7	7.968	16.45	8.53	1.51
	1.81	30.06	67.86	-0.00	0.0611	10.61	466.7	394.06	0.0584	441.2	7.942	16.39	8.48	1.51
	2.79	30.08	67.83	0.00	0.0610	10.59	466.1	393.75	0.0583	444.0	7.991	16.50	8.57	1.51
	3.81	30.11	67.86	-0.00	0.0610	10.57	465.2	392.86	0.0596	455.9	8.207	16.94	8.96	1.51
	4.79	30.08	67.83	0.00	0.0610	10.57	465.1	392.89	0.0598	458.0	8.245	17.02	9.03	1.51
	5.79	30.08	67.83	0.00	0.0609	10.55	464.3	392.23	0.0602	465.0	8.370	17.28	9.25	1.51
	6.80	30.08	67.83	0.00	0.0609	10.56	464.5	392.40	0.0592	455.3	8.196	16.92	8.94	1.51
	7.78	30.08	67.83	0.00	0.0609	10.55	464.3	392.17	0.0592	453.7	8.166	16.86	8.89	1.51
	8.78	30.08	67.83	0.00	0.0608	10.54	463.7	391.65	0.0595	456.8	8.223	16.98	8.99	1.51
	9.80	30.10	67.83	-0.00	0.0607	10.52	462.8	390.97	0.0597	458.1	8.245	17.03	9.03	1.51
	10.86	30.10	67.83	0.00	0.0607	10.52	462.8	390.99	0.0598	460.6	8.290	17.12	9.11	1.51
	11.78	30.10	67.83	0.00	0.0608	10.53	463.2	391.32	0.0597	459.3	8.267	17.07	9.07	1.51
	12.79	30.10	67.83	0.00	0.0607	10.52	462.8	390.92	0.0598	459.9	8.278	17.09	9.09	1.51
	13.79	30.10	67.83	-0.00	0.0607	10.52	462.9	391.03	0.0602	463.8	8.348	17.24	9.22	1.51
	14.80	30.12	67.83	-0.00	0.0605	10.50	461.9	390.25	0.0614	472.4	8.502	17.56	9.49	1.51
	15.80	30.12	67.83	-0.00	0.0606	10.50	461.8	390.16	0.0613	476.1	8.570	17.70	9.61	1.51
	16.79	30.12	67.78	0.00	0.0605	10.46	460.2	389.05	0.0616	482.9	8.693	17.96	9.82	1.51
	17.78	30.14	67.83	0.00	0.0604	10.46	460.2	388.84	0.0620	483.7	8.707	17.98	9.84	1.51
	18.80	30.12	67.85	0.00	0.0602	10.45	459.7	388.21	0.0631	486.0	8.748	18.06	9.91	1.51
	19.80	30.14	67.85	0.00	0.0603	10.40	457.5	386.37	0.0632	503.9	9.070	18.73	10.46	1.51
	20.81	30.12	67.83	-0.00	0.0604	10.45	459.6	388.27	0.0620	485.7	8.743	18.05	9.90	1.51
	21.79	30.15	67.85	0.00	0.0603	10.43	459.1	387.72	0.0630	495.0	8.909	18.39	10.19	1.51
	22.79	30.10	67.83	0.00	0.0602	10.40	457.6	386.53	0.0638	502.9	9.052	18.69	10.42	1.51
	23.87	30.10	67.83	0.00	0.0601	10.39	457.3	386.33	0.0639	502.5	9.046	18.68	10.41	1.51
	24.79	30.15	67.85	0.00	0.0601	10.38	456.6	385.65	0.0639	505.8	9.104	18.80	10.51	1.51
	25.79	30.12	67.83	0.00	0.0600	10.34	455.1	384.44	0.0644	514.8	9.267	19.14	10.78	1.51
	26.80	30.14	67.83	0.00	0.0599	10.35	455.4	384.76	0.0646	513.8	9.249	19.10	10.75	1.51
	27.80	30.14	67.83	-0.00	0.0600	10.34	454.9	384.30	0.0649	517.6	9.316	19.24	10.86	1.51
	28.80	30.14	67.83	-0.00	0.0599	10.34	455.0	384.37	0.0648	517.5	9.314	19.24	10.85	1.51
	29.80	30.16	67.86	-0.00	0.0597	10.28	452.3	382.01	0.0659	532.9	9.592	19.80	11.30	1.51
	30.79	30.21	67.83	-0.00	0.0597	10.29	452.9	382.71	0.0660	530.0	9.539	19.71	11.22	1.51
	31.79	30.18	67.83	-0.00	0.0597	10.29	452.9	382.64	0.0660	529.0	9.523	19.67	11.19	1.51
	32.81	30.20	67.83	-0.00	0.0596	10.27	451.8	381.80	0.0666	537.5	9.674	19.98	11.43	1.51
	33.80	30.20	67.83	0.00	0.0596	10.27	451.9	381.86	0.0664	537.4	9.673	19.98	11.43	1.51
	34.79	30.21	67.83	0.00	0.0598	10.31	453.4	383.16	0.0656	526.9	9.484	19.59	11.13	1.51
	35.80	30.20	67.86	0.00	0.0596	10.27	451.8	381.65	0.0664	535.4	9.638	19.90	11.37	1.51
	36.80	30.18	67.83	-0.00	0.0597	10.26	451.5	381.53	0.0664	534.9	9.629	19.89	11.36	1.51
	37.78	30.18	67.83	0.00	0.0595	10.26	451.3	381.36	0.0665	537.6	9.676	19.99	11.43	1.51
	38.80	30.18	67.83	0.00	0.0595	10.26	451.5	381.50	0.0669	542.0	9.756	20.15	11.55	1.52
	39.80	30.18	67.83	-0.00	0.0594	10.23	450.3	380.49	0.0680	554.8	9.986	20.63	11.91	1.51
	40.78	30.17	67.83	0.00	0.0594	10.22	449.5	379.82	0.0685	559.9	10.078	20.81	12.05	1.51
	41.81	30.14	67.83	-0.00	0.0594	10.22	449.8	380.03	0.0682	559.5	10.070	20.80	12.03	1.51
	42.79	30.15	67.83	-0.00	0.0594	10.22	449.7	379.94	0.0681	557.4	10.034	20.72	11.98	1.52
	43.80	30.14	67.83	0.00	0.0592	10.18	447.9	378.42	0.0690	567.9	10.222	21.11	12.26	1.52
	44.82	30.10	67.83	-0.00	0.0591	10.16	447.2	377.73	0.0696	578.7	10.417	21.51	12.55	1.52
	45.79	30.12	67.83	0.00	0.0590	10.14	446.3	377.02	0.0705	582.0	10.476	21.63	12.63	1.51
	46.80	30.10	67.83	0.00	0.0591	10.16	447.2	377.74	0.0697	578.7	10.417	21.51	12.55	1.52
	47.81	30.12	67.86	-0.00	0.0590	10.15	446.6	377.15	0.0710	586.7	10.561	21.80	12.76	1.51
	48.83	30.12	67.81	0.00	0.0591	10.14	446.1	377.03	0.0710	590.0	10.621	21.94	12.84	1.52
	49.80	30.10	67.83	-0.00	0.0587	10.08	443.6	374.74	0.0724	605.7	10.902	22.51	13.24	1.52
	50.81	30.08	67.83	-0.00	0.0589	10.13	445.7	376.45	0.0708	585.2	10.533	21.75	12.71	1.52
	51.79	30.08	67.85	0.00	0.0587	10.07	443.1	374.12	0.0725	612.3	11.022	22.75	13.41	1.52
	52.81	30.06	67.83	0.00	0.0584	10.04	441.6	373.01	0.0745	623.6	11.225	23.18	13.69	1.52
	53.79	30.08	67.83	0.00	0.0583	10.01	440.2	371.86	0.0755	641.7	11.551	23.85	14.13	1.51
	54.80	30.11	67.83	-0.00	0.0584	9.99	439.7	371.45	0.0755	651.3	11.723	24.21	14.36	1.52
	55.82	30.08	67.86	0.00	0.0583	9.98	439.1	370.73	0.0755	651.3	11.723	24.19	14.36	1.52
	56.81	30.10	67.83	0.00	0.0585	10.02	440.8	372.36	0.0744	631.8	11.373	23.48	13.89	1.52
	57.80	30.10	67.86	0.00	0.0585	10.03	441.3	372.69	0.0747	634.5	11.421	23.58	13.96	1.52
	58.81	30.15	67.83	0.00	0.0586	10.05	442.0	373.45	0.0742	631.8	11.373	23.49	13.89	1.52
	59.81	30.12	67.83	0.00	0.0584	9.98	439.0	370.88	0.0757	657.2	11.829	24.43	14.50	1.52
	60.83	30.12	67.85	-0.00	0.0584	9.99	439.7	371.37	0.0765	665.1	11.971	24.71	14.68	1.52
	61.87	30.12	67.83	0.00	0.0585	10.02	440.8	372.42	0.0760	655.6	11.800	24.37	14.46	1.52
	62.79	30.14	67.83	0.00	0.0586	10.04	441.8	373.23	0.0769	666.6	11.999	24.78	14.72	1.52
	63.79	30.17	67.83	-0.00	0.0584	10.00	440.0	371.71	0.0767	658.9	11.860	24.49	14.54	1.52
	64.79	30.14	67.83	0.00	0.0582	9.98	438.9	370.81	0.0780	677.3	12.192	25.18	14.97	1.52
	65.79	30.14	67.83	0.00	0.0582	9.96	438.1	370.17	0.0776	680.2	12.243	25.29	15.03	1.52
	66.78	30.14	67.83	0.00	0.0584	9.99	439.5	371.32	0.0775	670.3	12.065	24.92	14.81	1.52
	67.81	30.17	67.86	-0.00	0.0583	9.98	439.2	370.92	0.0773	680.1	12.242	25.27	15.03	1.52
	68.78	30.18	67.83	0.00	0.0583	9.98	439.0	370.91	0.0784	683.7	12.307	25.42	15.12	1.52
	69.80	30.20	67.88	-0.00	0.0582	9.96	438.1	369.96	0.0791	699.5	12.591	25.99	15.47	1.52
	70.79	30.20	67.83	0.00	0.0583	9.96	438.5	370.50	0.0771	675.3	12.156	25.11	14.93	1.52
	71.81	30.18	67.83	0.00	0.0583	9.98	439.0	370.95	0.0773	672.3	12.101	24.99	14.85	1.52
	72.79	30.18	67.83	-0.00	0.0584	10.00	440.2	371.96	0.0770	667.5	12.015	24.82	14.74	1.52
	73.79	30.18	67.86	0.00	0.0584	10.00	440.1	371.71	0.0774	671.7	12.090	24.96	14.84	1.52
	74.79	30.16	67.83	0.00	0.0584	10.01	440.6	372.27	0.0770	667.8	12.021	24.83	14.75	1.52
	75.78	30.18	67.85	0.00	0.0584	10.01	440.2	371.85	0.0779	676.4	12.175	25.14	14.95	1.52
	76.78	30.16	67.81	0.00	0.0584	9.98	439.3	371.31	0.0781	680.0	12.239	25.29	15.03	1.52
	77.80	30.16	67.83	-0.00	0.0583	9.99	439.5	371.35	0.0782	686.1	12.349	25.51	15.17	1.52
	78.78	30.18	67.83	-0.00	0.0582	9.94	437.5	369.67	0.0771	673.6	12.126	25.05	14.89	1.52
	79.81	30.16	67.83	0.00	0.0582	9.95	438.0	370.06	0.0778	674.8	12.147	25.09	14.91	1.52
	80.79	30.16	67.83	0.00	0.0580	9.93	437.1	369.28	0.0787	688.0	12.384	25.58	15.21	1.52
	81.79	30.14	67.83	0.00	0.0579	9.92	436.3	368.65	0.0779	682.9	12.293	25.39	15.10	1.52
	82.87	30.14	67.85	-0.00	0.0579	9.90	435.6	367.88	0.0777	676.8	12.183	25.15	14.96	1.52
	83.79	30.14	67.86	0.00	0.0578	9.88	434.8	367.22	0.0783	685.3	12.336	25.47	15.15	1.52
	84.79	30.12	67.83	0.00	0.0576	9.85	433.2	366.01	0.0789	692.6	12.467	25.75	15.31	1.52
	85.78	30.10	67.85	0.00	0.0577	9.84	433.2	365.79	0.0791	693.9	12.490	25.78	15.34	1.52
	86.80	30.12	67.83	-0.00	0.0577	9.84	433.2	365.94	0.0793	699.8	12.597	26.01	15.48	1.52
	87.80	30.14	67.85	0.00	0.0578	9.87	434.4	366.90	0.0791	695.4	12.518	25.84	15.38	1.52
	88.80	30.12	67.83	0.00	0.0577	9.86	433.8	366.47	0.0794	697.8	12.560	25.94	15.43	1.52
	89.79	30.16	67.86	-0.00	0.0580	9.84	433.0	365.67	0.0780	689.9	12.419	25.64	15.26	1.52
	90.81	30.18	67.83	-0.00	0.0578	9.89	435.3	367.82	0.0787	690.2	12.423	25.66	15.26	1.52
	91.85	30.16	67.81	0.00	0.0578	9.87	434.1	366.90	0.0785	690.0	12.419	25.66	15.26	1.52
	92.77	30.18	67.83	0.00	0.0579	9.90	435.5	367.94	0.0780	681.9	12.273	25.35	15.07	1.52
	93.80	30.16	67.83	-0.00	0.0581	9.91	436.2	368.55	0.0772	675.3	12.155	25.10	14.92	1.52
	94.79	30.20	67.86	0.00	0.0580	9.90	435.6	367.96	0.0781	681.8	12.273	25.34	15.07	1.52
	95.77	30.20	67.83	0.00	0.0580	9.91	436.0	368.47	0.0781	685.3	12.335	25.48	15.15	1.53
	96.80	30.20	67.83	-0.00	0.0583	9.98	439.2	371.16	0.0765	663.3	11.939	24.66	14.65	1.52
	97.80	30.20	67.83	0.00	0.0583	9.98	438.9	370.88	0.0776	675.8	12.164	25.12	14.94	1.52
	98.80	30.20	67.83	-0.00	0.0579	9.91	436.0	368.41	0.0796	702.4	12.644	26.12	15.54	1.52
	99.79	30.20	67.83	0.00	0.0580	9.90	435.6	368.09	0.0800	709.8	12.776	26.39	15.70	1.52
	100.79	30.20	67.83	0.00	0.0582	9.95	437.6	369.81	0.0792	698.7	12.576	25.98	15.45	1.53
	101.79	30.21	67.83	-0.00	0.0583	9.96	438.2	370.33	0.0778	686.3	12.354	25.52	15.18	1.53
	102.79	30.21	67.83	0.00	0.0583	10.00	440.1	371.88	0.0781	681.7	12.271	25.35	15.07	1.53
