Jul 27 2015 at 13:48:06
Frequency: 1.00Hz.
CO2
Zero:  Value:0.95  Date:18 Mar 2005	 at 07:22:33	
Span:  Value:1.00  Date:18 Mar 2005	 at 07:25:09	
H2O
Zero:  Value:0.71  Date:18 Mar 2005	 at 07:52:31	
Span:  Value:0.99  Date:18 Mar 2005	 at 11:44:01	
	Relative Time	Temperature	Pressure	Aux Input	CO2 Absorptance	CO2 mmol/m3	CO2 mg/m3	CO2 umol/mol	H2O Absorptance	H2O mmol/m3	H2O g/m3	H2O mmol/mol	H2O(°C)	Cooler Voltage
	0.28	28.81	67.86	0.00	0.0624	10.90	479.6	403.30	0.0513	370.9	6.675	13.72	5.88	1.53
	1.29	28.79	67.86	-0.00	0.0623	10.88	478.6	402.43	0.0517	375.5	6.760	13.89	6.06	1.53
	2.29	28.81	67.86	-0.00	0.0623	10.88	478.9	402.69	0.0518	375.0	6.750	13.87	6.04	1.53
	3.37	28.81	67.86	-0.00	0.0623	10.86	478.0	401.95	0.0522	378.0	6.804	13.98	6.15	1.53
	4.35	28.81	67.86	-0.00	0.0622	10.85	477.3	401.36	0.0520	377.5	6.795	13.97	6.14	1.53
	5.29	28.85	67.88	0.00	0.0621	10.85	477.3	401.21	0.0535	385.4	6.937	14.25	6.44	1.53
	6.37	28.79	67.86	0.00	0.0614	10.67	469.6	394.79	0.0596	457.9	8.243	16.94	8.96	1.53
	7.29	28.76	67.83	0.00	0.0610	10.61	467.0	392.77	0.0616	478.8	8.619	17.72	9.63	1.53
	8.30	28.74	67.86	0.00	0.0611	10.60	466.4	392.06	0.0598	465.4	8.377	17.21	9.20	1.53
	9.30	28.72	67.85	-0.00	0.0615	10.64	468.4	393.71	0.0585	448.7	8.076	16.60	8.66	1.53
	10.37	28.68	67.83	-0.00	0.0615	10.69	470.2	395.37	0.0588	444.9	8.008	16.46	8.53	1.53
	11.36	28.66	67.86	0.00	0.0614	10.69	470.3	395.22	0.0582	439.3	7.908	16.25	8.34	1.53
	12.31	28.69	67.88	0.00	0.0614	10.66	469.1	394.11	0.0590	445.7	8.023	16.48	8.56	1.53
	13.29	28.69	67.83	0.00	0.0613	10.65	468.6	394.03	0.0591	454.6	8.183	16.82	8.85	1.53
	14.29	28.72	67.86	0.00	0.0614	10.67	469.5	394.59	0.0584	441.6	7.949	16.33	8.42	1.53
	15.29	28.74	67.86	-0.00	0.0612	10.63	467.6	393.11	0.0590	452.6	8.148	16.74	8.79	1.53
	16.29	28.76	67.85	0.00	0.0612	10.64	467.9	393.41	0.0601	461.3	8.304	17.07	9.07	1.53
	17.30	28.76	67.86	-0.00	0.0606	10.54	463.6	389.70	0.0639	487.2	8.770	18.02	9.88	1.53
	18.36	28.74	67.83	0.00	0.0605	10.47	460.8	387.54	0.0645	515.1	9.272	19.06	10.72	1.53
	19.28	28.72	67.85	0.00	0.0606	10.50	462.0	388.35	0.0636	506.3	9.114	18.73	10.46	1.53
	20.28	28.73	67.86	-0.00	0.0607	10.52	462.7	388.95	0.0623	489.8	8.817	18.12	9.96	1.53
	21.28	28.72	67.86	0.00	0.0608	10.53	463.3	389.40	0.0617	481.7	8.670	17.82	9.71	1.53
	22.36	28.74	67.86	0.00	0.0608	10.52	462.7	388.94	0.0620	487.3	8.772	18.03	9.89	1.53
	23.29	28.74	67.86	-0.00	0.0607	10.53	463.5	389.59	0.0623	481.4	8.665	17.81	9.70	1.53
	24.30	28.72	67.86	0.00	0.0607	10.50	462.0	388.31	0.0625	492.1	8.858	18.20	10.03	1.53
	25.29	28.69	67.88	0.00	0.0607	10.53	463.3	389.31	0.0625	486.1	8.751	17.97	9.85	1.53
	26.30	28.70	67.86	-0.00	0.0606	10.48	461.0	387.48	0.0637	506.0	9.108	18.71	10.45	1.53
	27.29	28.66	67.86	0.00	0.0608	10.51	462.3	388.56	0.0634	502.6	9.047	18.59	10.34	1.53
	28.28	28.64	67.86	0.00	0.0606	10.49	461.6	387.91	0.0648	518.4	9.331	19.17	10.81	1.53
	29.28	28.64	67.81	0.00	0.0605	10.44	459.4	386.31	0.0653	528.4	9.511	19.55	11.09	1.53
	30.28	28.64	67.86	0.00	0.0599	10.31	453.5	381.06	0.0671	545.4	9.817	20.17	11.57	1.53
	31.28	28.62	67.84	0.00	0.0603	10.40	457.4	384.49	0.0645	535.7	9.643	19.81	11.30	1.53
	32.29	28.60	67.88	-0.00	0.0604	10.44	459.6	386.00	0.0638	508.6	9.154	18.79	10.52	1.53
	33.29	28.62	67.86	0.00	0.0600	10.39	457.1	384.12	0.0672	537.5	9.674	19.87	11.35	1.53
	34.37	28.67	67.83	0.00	0.0603	10.41	458.0	385.06	0.0646	521.3	9.383	19.28	10.89	1.53
	35.29	28.66	67.88	0.00	0.0604	10.44	459.2	385.73	0.0638	501.1	9.020	18.52	10.30	1.53
	36.29	28.66	67.86	0.00	0.0600	10.36	455.9	383.13	0.0657	528.2	9.507	19.53	11.09	1.53
	37.28	28.70	67.86	0.00	0.0598	10.31	453.5	381.16	0.0675	548.6	9.876	20.29	11.67	1.53
	38.28	28.68	67.86	0.00	0.0596	10.26	451.3	379.32	0.0678	555.6	10.001	20.55	11.85	1.53
	39.30	28.68	67.88	0.00	0.0601	10.37	456.1	383.23	0.0641	511.1	9.200	18.89	10.60	1.53
	40.30	28.69	67.86	-0.00	0.0602	10.39	457.3	384.36	0.0636	502.3	9.041	18.57	10.33	1.53
	41.31	28.68	67.86	-0.00	0.0602	10.40	457.4	384.46	0.0635	501.5	9.028	18.55	10.31	1.53
	42.29	28.70	67.86	0.00	0.0599	10.34	455.1	382.49	0.0656	521.6	9.388	19.29	10.90	1.53
	43.29	28.70	67.88	0.00	0.0596	10.28	452.1	379.88	0.0671	541.9	9.755	20.03	11.48	1.53
	44.29	28.69	67.86	0.00	0.0598	10.31	453.5	381.16	0.0655	526.6	9.480	19.48	11.05	1.53
	45.30	28.72	67.86	-0.00	0.0600	10.33	454.5	382.01	0.0645	518.2	9.328	19.17	10.81	1.53
	46.30	28.72	67.83	-0.00	0.0598	10.29	452.6	380.63	0.0647	521.2	9.382	19.29	10.89	1.54
	47.28	28.69	67.83	0.00	0.0600	10.34	455.1	382.63	0.0640	510.2	9.183	18.87	10.57	1.54
	48.28	28.70	67.86	0.00	0.0599	10.33	454.4	381.93	0.0639	505.9	9.106	18.71	10.44	1.53
	49.28	28.68	67.86	0.00	0.0597	10.30	453.2	380.90	0.0653	520.3	9.365	19.24	10.86	1.54
	50.28	28.69	67.83	0.00	0.0595	10.27	451.7	379.81	0.0666	536.1	9.649	19.83	11.31	1.53
	51.28	28.66	67.88	-0.00	0.0594	10.22	449.7	377.80	0.0677	551.4	9.925	20.38	11.74	1.54
	52.31	28.68	67.88	-0.00	0.0594	10.25	450.8	378.75	0.0677	548.2	9.868	20.27	11.65	1.54
	53.29	28.68	67.89	0.00	0.0596	10.27	452.0	379.75	0.0677	545.3	9.815	20.16	11.57	1.54
	54.30	28.70	67.86	-0.00	0.0594	10.22	449.5	377.81	0.0689	566.8	10.202	20.96	12.16	1.54
	55.30	28.70	67.91	-0.00	0.0593	10.19	448.4	376.61	0.0696	577.8	10.401	21.35	12.45	1.54
	56.28	28.70	67.86	0.00	0.0591	10.17	447.4	376.05	0.0703	578.4	10.411	21.39	12.47	1.54
	57.30	28.68	67.88	-0.00	0.0584	10.07	443.0	372.19	0.0732	602.5	10.845	22.27	13.09	1.54
	58.30	28.68	67.86	-0.00	0.0587	10.04	441.9	371.37	0.0724	614.5	11.061	22.73	13.39	1.54
	59.30	28.68	67.86	-0.00	0.0585	10.09	444.0	373.19	0.0739	603.5	10.862	22.32	13.11	1.54
	60.29	28.69	67.86	-0.00	0.0586	10.05	442.2	371.67	0.0727	616.5	11.097	22.80	13.44	1.54
	61.29	28.70	67.86	-0.00	0.0587	10.07	442.9	372.24	0.0727	613.5	11.044	22.69	13.37	1.54
	62.28	28.68	67.86	0.00	0.0590	10.17	447.3	375.91	0.0705	574.6	10.344	21.25	12.37	1.54
	63.29	28.72	67.85	0.00	0.0589	10.12	445.5	374.45	0.0710	588.8	10.598	21.78	12.74	1.54
	64.35	28.70	67.83	0.00	0.0587	10.07	442.9	372.43	0.0725	607.7	10.939	22.48	13.22	1.54
	65.27	28.72	67.88	0.00	0.0586	10.03	441.5	371.00	0.0727	617.0	11.106	22.81	13.46	1.54
	66.28	28.68	67.86	0.00	0.0586	10.05	442.0	371.51	0.0725	612.5	11.024	22.65	13.34	1.54
	67.27	28.68	67.86	0.00	0.0587	10.07	442.9	372.24	0.0725	611.8	11.013	22.62	13.32	1.54
	68.28	28.66	67.89	0.00	0.0590	10.12	445.2	373.96	0.0709	590.8	10.634	21.84	12.79	1.54
	69.30	28.66	67.86	-0.00	0.0589	10.11	444.9	373.88	0.0713	589.2	10.606	21.79	12.75	1.54
	70.31	28.66	67.86	-0.00	0.0586	10.02	440.7	370.35	0.0725	620.6	11.170	22.95	13.54	1.54
	71.29	28.66	67.83	-0.00	0.0588	10.09	443.8	373.12	0.0717	600.5	10.810	22.22	13.04	1.54
	72.31	28.68	67.83	-0.00	0.0588	10.08	443.6	373.00	0.0717	603.1	10.856	22.31	13.10	1.54
	73.37	28.70	67.88	-0.00	0.0584	10.01	440.5	370.14	0.0724	609.1	10.964	22.52	13.26	1.54
	74.30	28.68	67.83	-0.00	0.0587	10.07	443.0	372.45	0.0715	598.1	10.766	22.13	12.98	1.54
	75.29	28.68	67.86	0.00	0.0585	10.01	440.4	370.15	0.0727	615.2	11.074	22.75	13.41	1.54
	76.36	28.66	67.86	0.00	0.0585	10.03	441.2	370.81	0.0729	612.4	11.023	22.64	13.34	1.54
	77.28	28.64	67.83	0.00	0.0583	9.99	439.4	369.39	0.0740	628.7	11.316	23.25	13.74	1.54
	78.28	28.62	67.88	0.00	0.0584	10.01	440.6	370.13	0.0736	621.0	11.179	22.95	13.55	1.54
	79.30	28.65	67.86	-0.00	0.0585	10.01	440.4	370.06	0.0734	618.8	11.138	22.88	13.50	1.54
	80.28	28.62	67.83	0.00	0.0579	9.90	435.5	366.08	0.0763	655.0	11.790	24.23	14.37	1.54
	81.28	28.64	67.88	0.00	0.0580	9.86	433.7	364.36	0.0764	677.5	12.196	25.04	14.90	1.54
	82.29	28.64	67.88	-0.00	0.0582	9.96	438.4	368.28	0.0753	643.9	11.591	23.80	14.11	1.54
	83.27	28.62	67.85	0.00	0.0583	9.96	438.0	368.09	0.0748	640.5	11.530	23.68	14.03	1.54
	84.29	28.67	67.83	0.00	0.0579	9.88	434.8	365.59	0.0766	656.1	11.809	24.27	14.40	1.54
	85.29	28.69	67.88	0.00	0.0580	9.93	436.9	367.07	0.0748	639.0	11.503	23.62	13.99	1.54
	86.28	28.70	67.86	0.00	0.0581	9.92	436.5	366.90	0.0752	644.0	11.592	23.82	14.11	1.54
	87.38	28.69	67.85	-0.00	0.0580	9.91	435.8	366.33	0.0757	648.4	11.671	23.98	14.22	1.54
	88.30	28.72	67.86	-0.00	0.0579	9.87	434.1	364.91	0.0759	664.4	11.960	24.57	14.60	1.54
	89.28	28.70	67.86	0.00	0.0580	9.91	436.1	366.54	0.0767	658.4	11.851	24.35	14.46	1.54
	90.29	28.72	67.86	0.00	0.0583	10.00	440.1	369.92	0.0748	632.3	11.381	23.39	13.83	1.54
	91.28	28.74	67.85	0.00	0.0588	10.02	441.0	370.76	0.0724	621.0	11.177	22.97	13.55	1.54
	92.31	28.72	67.86	-0.00	0.0584	10.02	441.0	370.66	0.0737	621.8	11.192	23.00	13.57	1.54
	93.29	28.76	67.88	0.00	0.0583	9.99	439.5	369.34	0.0749	638.6	11.494	23.61	13.99	1.54
	94.30	28.79	67.86	0.00	0.0581	9.96	438.1	368.30	0.0762	650.2	11.704	24.05	14.27	1.54
	95.27	28.74	67.86	0.00	0.0580	9.91	436.2	366.70	0.0766	666.1	11.990	24.64	14.64	1.54
	96.27	28.74	67.81	0.00	0.0583	9.98	438.9	369.23	0.0759	655.0	11.790	24.24	14.38	1.54
	97.28	28.76	67.86	0.00	0.0580	9.92	436.7	367.08	0.0765	655.1	11.792	24.23	14.38	1.54
	98.28	28.79	67.86	0.00	0.0577	9.88	434.5	365.34	0.0776	667.1	12.008	24.68	14.66	1.54
	99.37	28.78	67.85	-0.00	0.0577	9.83	432.5	363.63	0.0780	690.3	12.426	25.54	15.19	1.55
	100.29	28.75	67.86	-0.00	0.0578	9.90	435.6	366.18	0.0773	665.6	11.981	24.62	14.63	1.54
	101.29	28.76	67.83	0.00	0.0577	9.85	433.6	364.66	0.0768	669.2	12.046	24.76	14.71	1.54
	102.29	28.76	67.88	-0.00	0.0580	9.92	436.6	366.88	0.0765	658.8	11.859	24.36	14.47	1.54
	103.29	28.76	67.86	0.00	0.0578	9.85	433.3	364.26	0.0758	657.0	11.826	24.30	14.43	1.54
	104.29	28.78	67.86	0.00	0.0585	10.02	440.9	370.68	0.0745	634.2	11.415	23.46	13.88	1.54
	105.30	28.76	67.86	-0.00	0.0580	9.94	437.3	367.62	0.0761	653.5	11.763	24.17	14.34	1.55
	106.30	28.72	67.86	-0.00	0.0583	9.99	439.5	369.46	0.0756	644.2	11.595	23.82	14.12	1.54
	107.28	28.76	67.83	-0.00	0.0581	9.94	437.3	367.79	0.0766	660.5	11.888	24.44	14.51	1.54
	108.30	28.74	67.86	0.00	0.0578	9.89	435.3	365.93	0.0781	674.6	12.143	24.95	14.83	1.54
	109.28	28.74	67.86	0.00	0.0572	9.76	429.5	361.02	0.0793	697.1	12.547	25.78	15.34	1.55
	110.29	28.76	67.86	-0.00	0.0572	9.73	428.0	359.84	0.0793	703.1	12.656	26.01	15.48	1.55
	111.29	28.80	67.83	-0.00	0.0572	9.73	428.3	360.21	0.0797	706.8	12.722	26.16	15.56	1.55
	112.27	28.76	67.86	0.00	0.0575	9.80	431.1	362.35	0.0782	686.8	12.362	25.40	15.11	1.55
	113.27	28.76	67.86	0.00	0.0573	9.78	430.2	361.69	0.0787	686.5	12.357	25.39	15.11	1.55
	114.36	28.76	67.85	0.00	0.0574	9.78	430.2	361.64	0.0783	683.5	12.302	25.28	15.04	1.55
	115.28	28.78	67.85	0.00	0.0575	9.80	431.2	362.51	0.0780	683.2	12.297	25.27	15.03	1.55
	116.28	28.77	67.86	0.00	0.0572	9.76	429.3	360.91	0.0799	703.7	12.666	26.03	15.49	1.55
	117.30	28.79	67.88	-0.00	0.0574	9.72	427.7	359.49	0.0800	720.2	12.963	26.63	15.86	1.55
	118.28	28.79	67.86	0.00	0.0573	9.75	429.0	360.72	0.0806	717.5	12.914	26.54	15.80	1.55
	119.29	28.79	67.83	-0.00	0.0573	9.78	430.5	362.06	0.0807	713.5	12.843	26.41	15.71	1.55
	120.29	28.79	67.85	-0.00	0.0570	9.71	427.1	359.15	0.0818	729.5	13.130	26.99	16.06	1.55
	121.29	28.79	67.86	-0.00	0.0570	9.70	426.8	358.81	0.0819	730.8	13.154	27.04	16.08	1.55
