Jul 27 2015 at 14:43:33
Frequency: 1.00Hz.
CO2
Zero:  Value:0.95  Date:18 Mar 2005	 at 07:22:33	
Span:  Value:1.00  Date:18 Mar 2005	 at 07:25:09	
H2O
Zero:  Value:0.71  Date:18 Mar 2005	 at 07:52:31	
Span:  Value:0.99  Date:18 Mar 2005	 at 11:44:01	
	Relative Time	Temperature	Pressure	Aux Input	CO2 Absorptance	CO2 mmol/m3	CO2 mg/m3	CO2 umol/mol	H2O Absorptance	H2O mmol/m3	H2O g/m3	H2O mmol/mol	H2O(°C)	Cooler Voltage
	0.64	30.06	67.85	0.00	0.0610	10.58	465.7	393.20	0.0601	464.2	8.356	17.25	9.23	1.51
	1.64	30.06	67.83	-0.00	0.0609	10.56	464.7	392.47	0.0596	459.5	8.271	17.08	9.08	1.51
	2.64	30.10	67.85	0.00	0.0607	10.52	463.0	391.02	0.0593	455.2	8.194	16.91	8.94	1.51
	3.63	30.06	67.83	-0.00	0.0608	10.52	463.1	391.14	0.0593	455.1	8.192	16.91	8.93	1.51
	4.63	30.07	67.83	0.00	0.0607	10.52	462.9	391.01	0.0593	454.3	8.178	16.88	8.91	1.51
	5.69	30.04	67.81	0.00	0.0606	10.51	462.3	390.59	0.0592	454.2	8.176	16.89	8.91	1.51
	6.63	30.05	67.81	0.00	0.0607	10.50	462.2	390.48	0.0595	456.1	8.210	16.96	8.97	1.51
	7.63	30.09	67.83	0.00	0.0606	10.50	461.8	390.08	0.0600	461.4	8.304	17.15	9.14	1.51
	8.64	30.06	67.81	-0.00	0.0606	10.50	462.0	390.34	0.0602	460.5	8.290	17.12	9.11	1.51
	9.64	30.06	67.83	-0.00	0.0606	10.49	461.6	389.92	0.0601	464.8	8.367	17.28	9.25	1.51
	10.64	30.06	67.83	0.00	0.0606	10.49	461.6	389.85	0.0601	462.9	8.333	17.20	9.19	1.51
	11.64	30.04	67.83	0.00	0.0606	10.49	461.4	389.69	0.0604	464.8	8.366	17.27	9.25	1.51
	12.62	30.03	67.81	0.00	0.0604	10.46	460.1	388.69	0.0610	473.0	8.515	17.58	9.51	1.51
	13.63	30.03	67.83	0.00	0.0605	10.47	460.6	389.00	0.0610	473.0	8.515	17.58	9.51	1.52
	14.63	30.05	67.83	-0.00	0.0605	10.46	460.2	388.72	0.0617	482.0	8.677	17.91	9.79	1.51
	15.65	30.03	67.83	-0.00	0.0605	10.46	460.2	388.69	0.0613	477.2	8.589	17.73	9.64	1.51
	16.64	30.03	67.83	0.00	0.0604	10.45	459.8	388.30	0.0616	481.4	8.665	17.89	9.77	1.51
	17.64	30.03	67.83	-0.00	0.0603	10.42	458.5	387.21	0.0623	487.1	8.768	18.10	9.94	1.51
	18.63	30.01	67.83	-0.00	0.0602	10.42	458.7	387.36	0.0651	498.3	8.970	18.52	10.28	1.52
	19.62	30.01	67.81	0.00	0.0600	10.34	455.0	384.39	0.0671	543.1	9.776	20.19	11.58	1.51
	20.62	30.01	67.78	0.00	0.0602	10.39	457.3	386.47	0.0640	516.1	9.289	19.19	10.81	1.51
	21.70	30.00	67.86	0.00	0.0601	10.38	456.7	385.48	0.0657	526.0	9.468	19.54	11.09	1.51
	22.62	30.03	67.83	0.00	0.0601	10.39	456.9	385.90	0.0656	525.3	9.455	19.52	11.07	1.51
	23.63	30.01	67.78	0.00	0.0601	10.37	456.5	385.79	0.0655	525.8	9.464	19.55	11.09	1.52
	24.62	30.03	67.83	0.00	0.0600	10.36	455.8	384.95	0.0649	519.7	9.354	19.31	10.91	1.52
	25.65	30.03	67.83	0.00	0.0597	10.31	453.5	382.96	0.0673	540.3	9.725	20.08	11.50	1.52
	26.71	30.03	67.83	0.00	0.0597	10.28	452.3	381.97	0.0673	550.6	9.911	20.46	11.79	1.52
	27.66	30.01	67.83	-0.00	0.0597	10.30	453.2	382.68	0.0670	541.8	9.752	20.13	11.54	1.52
	28.64	30.01	67.83	-0.00	0.0598	10.32	454.1	383.47	0.0670	542.8	9.771	20.17	11.57	1.52
	29.66	30.01	67.83	0.00	0.0598	10.31	453.7	383.18	0.0669	542.8	9.770	20.17	11.57	1.52
	30.70	30.02	67.83	0.00	0.0595	10.26	451.5	381.26	0.0687	560.9	10.097	20.84	12.07	1.52
	31.64	30.03	67.83	-0.00	0.0597	10.28	452.3	382.00	0.0683	557.5	10.035	20.72	11.97	1.52
	32.63	30.03	67.84	0.00	0.0598	10.31	453.5	382.98	0.0674	549.0	9.883	20.40	11.74	1.52
	33.63	30.03	67.83	-0.00	0.0600	10.35	455.5	384.72	0.0647	515.4	9.277	19.15	10.79	1.52
	34.63	30.03	67.81	0.00	0.0600	10.36	455.7	385.00	0.0658	527.3	9.492	19.60	11.13	1.52
	35.63	30.02	67.81	0.00	0.0601	10.37	456.1	385.34	0.0655	528.6	9.514	19.65	11.17	1.52
	36.64	30.02	67.83	0.00	0.0599	10.33	454.4	383.72	0.0667	545.1	9.812	20.25	11.63	1.52
	37.64	30.01	67.81	0.00	0.0600	10.35	455.3	384.61	0.0660	535.1	9.631	19.89	11.35	1.52
	38.63	30.05	67.83	0.00	0.0600	10.37	456.1	385.23	0.0658	527.1	9.488	19.59	11.13	1.52
	39.64	30.07	67.83	-0.00	0.0599	10.35	455.6	384.83	0.0658	523.0	9.413	19.44	11.01	1.52
	40.64	30.06	67.81	-0.00	0.0600	10.36	455.6	384.99	0.0669	539.8	9.716	20.07	11.49	1.52
	41.64	30.05	67.81	-0.00	0.0599	10.34	455.1	384.54	0.0682	554.3	9.977	20.61	11.89	1.52
	42.65	30.02	67.81	-0.00	0.0597	10.30	453.3	382.98	0.0696	574.0	10.332	21.34	12.42	1.52
	43.63	30.02	67.83	0.00	0.0597	10.28	452.2	381.84	0.0700	580.4	10.448	21.57	12.59	1.52
	44.62	30.05	67.88	0.00	0.0597	10.30	453.0	382.34	0.0691	569.5	10.251	21.15	12.30	1.52
	45.63	30.05	67.83	0.00	0.0596	10.26	451.6	381.38	0.0701	579.7	10.435	21.54	12.57	1.52
	46.63	30.04	67.83	0.00	0.0597	10.29	452.7	382.34	0.0693	570.9	10.276	21.21	12.34	1.52
	47.64	30.05	67.83	0.00	0.0596	10.27	452.0	381.76	0.0691	567.2	10.209	21.08	12.24	1.52
	48.64	30.05	67.83	0.00	0.0596	10.27	451.9	381.63	0.0700	577.5	10.395	21.46	12.51	1.52
	49.64	30.05	67.83	0.00	0.0596	10.27	451.7	381.52	0.0700	578.8	10.419	21.51	12.55	1.52
	50.64	30.06	67.83	-0.00	0.0595	10.25	451.0	380.88	0.0698	578.2	10.407	21.49	12.53	1.52
	51.64	30.06	67.86	-0.00	0.0594	10.23	450.2	380.12	0.0697	574.8	10.346	21.35	12.44	1.52
	52.63	30.06	67.83	0.00	0.0593	10.21	449.0	379.26	0.0702	577.9	10.402	21.48	12.52	1.52
	53.62	30.05	67.83	0.00	0.0593	10.20	448.9	379.11	0.0705	584.5	10.521	21.72	12.69	1.52
	54.65	30.06	67.83	-0.00	0.0592	10.18	447.8	378.23	0.0713	594.9	10.707	22.11	12.96	1.52
	55.69	30.04	67.83	0.00	0.0590	10.16	447.0	377.50	0.0708	592.1	10.658	22.00	12.89	1.52
	56.64	30.05	67.83	-0.00	0.0591	10.15	446.7	377.32	0.0705	585.7	10.542	21.77	12.73	1.52
	57.63	30.05	67.85	-0.00	0.0591	10.17	447.5	377.85	0.0702	581.9	10.474	21.62	12.63	1.52
	58.64	30.05	67.85	-0.00	0.0591	10.17	447.3	377.68	0.0700	577.9	10.403	21.47	12.52	1.52
	59.64	30.06	67.81	-0.00	0.0587	10.09	443.9	375.10	0.0713	591.5	10.646	21.99	12.88	1.52
	60.64	30.05	67.83	0.00	0.0586	10.04	441.8	373.13	0.0718	601.5	10.826	22.35	13.13	1.52
	61.64	30.02	67.81	0.00	0.0588	10.09	444.2	375.23	0.0717	597.7	10.758	22.22	13.03	1.52
	62.65	30.03	67.83	-0.00	0.0586	10.04	441.9	373.15	0.0723	608.6	10.955	22.62	13.31	1.52
	63.63	30.03	67.83	0.00	0.0590	10.12	445.3	376.13	0.0728	613.4	11.041	22.80	13.43	1.52
	64.65	30.02	67.83	-0.00	0.0593	10.20	448.8	379.02	0.0711	595.2	10.713	22.12	12.97	1.52
	65.64	30.00	67.83	-0.00	0.0592	10.20	448.8	378.99	0.0713	588.7	10.597	21.88	12.80	1.52
	66.63	29.98	67.83	-0.00	0.0590	10.13	445.7	376.36	0.0735	619.9	11.158	23.03	13.59	1.52
	67.64	29.99	67.83	-0.00	0.0590	10.14	446.0	376.66	0.0723	607.3	10.932	22.56	13.28	1.52
	68.62	30.01	67.83	0.00	0.0594	10.20	448.9	379.09	0.0705	588.4	10.591	21.86	12.79	1.52
	69.64	30.03	67.83	-0.00	0.0592	10.17	447.6	378.00	0.0708	588.3	10.589	21.86	12.79	1.52
	70.64	30.05	67.83	-0.00	0.0588	10.11	444.7	375.57	0.0722	601.8	10.832	22.36	13.14	1.52
	71.62	30.06	67.83	0.00	0.0590	10.12	445.3	376.07	0.0727	610.7	10.992	22.69	13.37	1.52
