Jul 27 2015 at 15:42:49
Frequency: 1.00Hz.
CO2
Zero:  Value:0.95  Date:18 Mar 2005	 at 07:22:33	
Span:  Value:1.00  Date:18 Mar 2005	 at 07:25:09	
H2O
Zero:  Value:0.71  Date:18 Mar 2005	 at 07:52:31	
Span:  Value:0.99  Date:18 Mar 2005	 at 11:44:01	
	Relative Time	Temperature	Pressure	Aux Input	CO2 Absorptance	CO2 mmol/m3	CO2 mg/m3	CO2 umol/mol	H2O Absorptance	H2O mmol/m3	H2O g/m3	H2O mmol/mol	H2O(°C)	Cooler Voltage
	0.58	29.52	67.81	-0.00	0.0616	10.70	470.8	397.11	0.0563	422.4	7.604	15.68	7.81	1.48
	1.57	29.52	67.81	-0.00	0.0615	10.70	470.7	397.05	0.0561	419.8	7.557	15.58	7.72	1.48
	2.56	29.52	67.81	0.00	0.0616	10.70	470.7	397.01	0.0559	418.8	7.538	15.54	7.68	1.48
	3.63	29.57	67.83	0.00	0.0615	10.70	470.7	396.88	0.0557	416.2	7.492	15.44	7.60	1.48
	4.55	29.55	67.83	0.00	0.0615	10.69	470.2	396.50	0.0555	414.8	7.466	15.39	7.54	1.48
	5.57	29.56	67.83	0.00	0.0615	10.69	470.4	396.69	0.0557	416.1	7.490	15.44	7.59	1.48
	6.55	29.54	67.83	0.00	0.0615	10.69	470.3	396.53	0.0557	416.3	7.493	15.44	7.59	1.48
	7.57	29.54	67.83	0.00	0.0614	10.68	470.0	396.26	0.0557	415.7	7.483	15.42	7.58	1.48
	8.58	29.52	67.83	-0.00	0.0615	10.68	469.8	396.14	0.0555	413.5	7.443	15.34	7.50	1.48
	9.59	29.50	67.86	-0.00	0.0614	10.67	469.5	395.68	0.0555	414.0	7.452	15.35	7.51	1.48
	10.58	29.50	67.81	-0.00	0.0614	10.67	469.4	395.91	0.0553	413.4	7.442	15.34	7.49	1.48
	11.57	29.50	67.83	0.00	0.0611	10.63	467.8	394.40	0.0590	439.8	7.916	16.31	8.40	1.49
	12.56	29.57	67.80	0.00	0.0611	10.59	466.1	393.22	0.0586	443.2	7.978	16.45	8.52	1.48
	13.57	29.54	67.81	0.00	0.0613	10.66	469.0	395.60	0.0635	504.8	9.087	18.74	10.45	1.49
	14.63	29.50	67.83	0.00	0.0613	10.65	468.4	394.89	0.0642	512.2	9.219	19.00	10.67	1.49
	15.58	29.50	67.81	-0.00	0.0612	10.64	468.1	394.76	0.0640	512.0	9.217	19.00	10.66	1.48
	16.57	29.50	67.83	-0.00	0.0613	10.63	467.9	394.51	0.0626	488.7	8.797	18.13	9.97	1.48
	17.57	29.50	67.83	0.00	0.0613	10.64	468.3	394.76	0.0626	490.3	8.825	18.19	10.01	1.48
	18.63	29.50	67.83	0.00	0.0613	10.65	468.5	395.00	0.0626	491.2	8.841	18.22	10.04	1.49
	19.58	29.53	67.83	-0.00	0.0612	10.63	467.8	394.42	0.0616	483.3	8.699	17.93	9.80	1.49
	20.56	29.50	67.83	0.00	0.0611	10.61	466.7	393.47	0.0605	465.1	8.372	17.25	9.23	1.49
	21.57	29.52	67.81	-0.00	0.0611	10.61	467.0	393.88	0.0606	468.2	8.427	17.38	9.33	1.48
	22.56	29.50	67.83	0.00	0.0611	10.60	466.6	393.37	0.0599	464.0	8.352	17.21	9.19	1.49
	23.57	29.55	67.83	-0.00	0.0611	10.60	466.4	393.31	0.0599	461.3	8.304	17.12	9.11	1.49
	24.59	29.52	67.83	-0.00	0.0611	10.60	466.4	393.24	0.0597	458.8	8.258	17.02	9.03	1.49
	25.65	29.53	67.81	0.00	0.0611	10.60	466.3	393.28	0.0597	458.3	8.249	17.01	9.01	1.49
	26.58	29.52	67.81	-0.00	0.0612	10.61	466.9	393.78	0.0601	461.8	8.312	17.14	9.12	1.49
	27.58	29.50	67.81	-0.00	0.0611	10.60	466.4	393.39	0.0610	471.7	8.490	17.50	9.44	1.49
	28.56	29.53	67.83	0.00	0.0611	10.60	466.6	393.42	0.0606	469.3	8.448	17.41	9.36	1.49
	29.58	29.48	67.81	-0.00	0.0611	10.60	466.4	393.36	0.0606	468.6	8.435	17.39	9.34	1.49
	30.56	29.48	67.80	0.00	0.0612	10.62	467.1	393.97	0.0611	472.1	8.498	17.52	9.45	1.49
	31.56	29.46	67.83	0.00	0.0612	10.62	467.4	393.98	0.0618	481.8	8.672	17.87	9.75	1.49
	32.59	29.50	67.83	-0.00	0.0612	10.63	467.6	394.19	0.0621	486.1	8.750	18.03	9.89	1.49
	33.57	29.50	67.83	0.00	0.0612	10.62	467.3	393.94	0.0620	485.9	8.746	18.02	9.88	1.49
	34.59	29.53	67.83	-0.00	0.0611	10.61	466.7	393.49	0.0628	491.6	8.849	18.24	10.06	1.48
	35.57	29.50	67.83	-0.00	0.0611	10.60	466.3	393.12	0.0626	493.0	8.875	18.29	10.10	1.49
	36.57	29.52	67.83	0.00	0.0610	10.58	465.7	392.63	0.0626	491.1	8.840	18.22	10.04	1.49
	37.56	29.53	67.86	0.00	0.0610	10.58	465.5	392.36	0.0634	501.6	9.030	18.60	10.36	1.49
	38.58	29.52	67.83	-0.00	0.0609	10.56	464.7	391.81	0.0632	498.5	8.973	18.49	10.26	1.49
	39.58	29.52	67.83	-0.00	0.0609	10.56	464.6	391.74	0.0631	497.3	8.951	18.45	10.23	1.49
	40.56	29.52	67.81	0.00	0.0610	10.57	464.9	392.11	0.0635	501.4	9.025	18.61	10.35	1.49
	41.57	29.54	67.81	0.00	0.0609	10.55	464.2	391.60	0.0641	508.4	9.151	18.87	10.56	1.49
	42.56	29.52	67.83	0.00	0.0608	10.54	463.8	391.07	0.0638	505.9	9.106	18.77	10.48	1.49
	43.59	29.54	67.83	-0.00	0.0609	10.55	464.2	391.41	0.0635	504.5	9.080	18.72	10.44	1.49
	44.57	29.52	67.81	0.00	0.0609	10.56	464.6	391.87	0.0634	500.2	9.003	18.56	10.31	1.49
	45.58	29.52	67.86	-0.00	0.0610	10.58	465.6	392.41	0.0631	498.2	8.968	18.48	10.26	1.49
	46.57	29.52	67.86	0.00	0.0610	10.58	465.3	392.18	0.0630	496.5	8.937	18.41	10.20	1.49
	47.56	29.54	67.81	-0.00	0.0610	10.58	465.5	392.65	0.0631	497.0	8.947	18.45	10.22	1.49
	48.58	29.54	67.83	-0.00	0.0610	10.57	465.2	392.30	0.0631	496.9	8.944	18.43	10.22	1.49
	49.58	29.59	67.85	-0.00	0.0609	10.56	464.4	391.53	0.0632	498.9	8.980	18.51	10.28	1.49
	50.58	29.56	67.83	0.00	0.0609	10.56	464.7	391.80	0.0634	500.8	9.015	18.58	10.34	1.49
	51.56	29.52	67.83	0.00	0.0609	10.57	465.1	392.15	0.0634	501.1	9.020	18.59	10.34	1.49
	52.57	29.53	67.86	0.00	0.0609	10.55	464.4	391.38	0.0634	499.8	8.996	18.53	10.30	1.49
	53.55	29.50	67.81	0.00	0.0609	10.54	463.8	391.14	0.0635	501.4	9.025	18.61	10.35	1.49
	54.57	29.50	67.83	0.00	0.0608	10.51	462.2	389.68	0.0664	524.1	9.434	19.44	11.02	1.49
	55.65	29.54	67.83	0.00	0.0607	10.51	462.5	389.93	0.0702	582.3	10.481	21.60	12.61	1.49
	56.57	29.52	67.83	0.00	0.0607	10.50	462.1	389.59	0.0706	587.0	10.566	21.78	12.73	1.49
	57.56	29.56	67.83	-0.00	0.0607	10.51	462.6	390.12	0.0694	573.3	10.319	21.27	12.37	1.49
	58.58	29.56	67.83	-0.00	0.0607	10.51	462.3	389.80	0.0689	559.9	10.079	20.77	12.02	1.49
	59.56	29.56	67.86	0.00	0.0606	10.50	462.1	389.47	0.0687	565.1	10.173	20.96	12.16	1.49
	60.56	29.56	67.83	0.00	0.0606	10.51	462.3	389.84	0.0687	564.6	10.163	20.95	12.14	1.49
	61.56	29.59	67.83	-0.00	0.0604	10.46	460.1	388.01	0.0682	557.7	10.039	20.70	11.96	1.49
	62.59	29.56	67.83	-0.00	0.0606	10.50	461.9	389.49	0.0680	557.1	10.027	20.67	11.94	1.49
	63.65	29.54	67.86	-0.00	0.0606	10.49	461.7	389.15	0.0674	547.1	9.847	20.29	11.66	1.49
	64.58	29.57	67.81	0.00	0.0606	10.49	461.6	389.41	0.0670	542.7	9.769	20.14	11.54	1.49
	65.57	29.54	67.83	0.00	0.0607	10.50	462.0	389.56	0.0668	542.6	9.767	20.13	11.54	1.49
	66.58	29.56	67.83	-0.00	0.0607	10.51	462.5	390.00	0.0659	530.8	9.554	19.69	11.21	1.49
	67.56	29.61	67.83	0.00	0.0607	10.50	462.2	389.80	0.0654	525.0	9.450	19.48	11.05	1.49
	68.58	29.56	67.83	0.00	0.0606	10.49	461.6	389.24	0.0657	527.3	9.492	19.56	11.11	1.49
	69.56	29.56	67.81	0.00	0.0607	10.50	462.0	389.73	0.0656	524.9	9.448	19.48	11.04	1.49
	70.64	29.54	67.81	0.00	0.0606	10.49	461.4	389.18	0.0660	530.7	9.552	19.70	11.20	1.49
	71.57	29.57	67.83	-0.00	0.0606	10.48	461.3	388.99	0.0665	535.7	9.643	19.88	11.35	1.49
	72.57	29.54	67.83	0.00	0.0606	10.49	461.7	389.28	0.0667	536.1	9.650	19.89	11.36	1.49
	73.57	29.54	67.83	-0.00	0.0605	10.48	461.0	388.73	0.0665	537.9	9.682	19.95	11.41	1.49
	74.57	29.54	67.86	-0.00	0.0606	10.47	460.5	388.14	0.0667	537.0	9.666	19.91	11.38	1.49
	75.57	29.52	67.81	0.00	0.0606	10.48	461.0	388.82	0.0665	535.8	9.645	19.89	11.35	1.49
	76.56	29.55	67.83	0.00	0.0607	10.50	462.0	389.55	0.0666	537.0	9.666	19.92	11.38	1.49
	77.55	29.52	67.81	0.00	0.0607	10.50	462.2	389.83	0.0666	538.7	9.697	19.99	11.43	1.49
	78.56	29.55	67.83	0.00	0.0607	10.51	462.3	389.80	0.0669	539.5	9.712	20.02	11.45	1.49
	79.56	29.52	67.83	0.00	0.0606	10.49	461.6	389.20	0.0681	553.8	9.969	20.55	11.85	1.49
	80.57	29.50	67.83	0.00	0.0606	10.49	461.4	389.02	0.0687	561.1	10.100	20.82	12.05	1.49
	81.56	29.51	67.83	0.00	0.0604	10.45	459.8	387.66	0.0699	577.9	10.402	21.44	12.49	1.49
	82.57	29.53	67.83	0.00	0.0605	10.46	460.4	388.20	0.0689	567.3	10.211	21.05	12.21	1.49
	83.63	29.51	67.81	0.00	0.0605	10.47	460.7	388.58	0.0680	554.4	9.979	20.57	11.86	1.50
	84.57	29.48	67.81	0.00	0.0605	10.47	460.9	388.69	0.0682	556.4	10.015	20.65	11.92	1.50
	85.57	29.48	67.83	0.00	0.0606	10.50	461.9	389.39	0.0674	549.3	9.887	20.37	11.72	1.49
	86.58	29.51	67.83	-0.00	0.0607	10.51	462.3	389.73	0.0673	546.5	9.838	20.27	11.65	1.49
	87.56	29.50	67.83	-0.00	0.0607	10.51	462.3	389.75	0.0672	545.3	9.815	20.23	11.61	1.50
	88.58	29.53	67.85	-0.00	0.0606	10.49	461.6	389.07	0.0670	542.2	9.760	20.11	11.53	1.50
	89.58	29.48	67.81	-0.00	0.0606	10.50	461.9	389.52	0.0668	541.4	9.745	20.09	11.50	1.50
	90.56	29.50	67.83	0.00	0.0606	10.49	461.7	389.27	0.0667	539.9	9.718	20.03	11.46	1.50
	91.56	29.53	67.83	0.00	0.0606	10.49	461.6	389.24	0.0666	538.0	9.684	19.96	11.41	1.50
	92.57	29.50	67.78	0.00	0.0607	10.51	462.3	390.06	0.0666	537.4	9.672	19.95	11.39	1.50
	93.57	29.48	67.81	0.00	0.0607	10.51	462.5	390.05	0.0665	535.6	9.640	19.87	11.34	1.50
	94.57	29.52	67.81	0.00	0.0607	10.50	461.9	389.60	0.0667	539.6	9.713	20.02	11.46	1.50
	95.57	29.50	67.83	-0.00	0.0607	10.50	462.2	389.65	0.0667	539.2	9.705	20.00	11.44	1.50
	96.58	29.51	67.81	0.00	0.0607	10.51	462.5	390.12	0.0668	540.0	9.720	20.04	11.47	1.50
	97.58	29.54	67.86	0.00	0.0607	10.50	462.2	389.58	0.0676	547.6	9.858	20.31	11.68	1.50
	98.58	29.50	67.81	-0.00	0.0605	10.47	460.8	388.65	0.0699	574.0	10.332	21.30	12.39	1.50
	99.58	29.52	67.85	-0.00	0.0606	10.48	461.0	388.56	0.0695	576.1	10.370	21.36	12.45	1.50
	100.57	29.54	67.83	-0.00	0.0606	10.49	461.5	389.13	0.0690	564.8	10.166	20.95	12.15	1.50
	101.57	29.54	67.81	-0.00	0.0606	10.50	461.8	389.54	0.0679	555.4	9.997	20.61	11.89	1.50
	102.65	29.57	67.85	-0.00	0.0606	10.48	461.1	388.73	0.0675	547.5	9.854	20.31	11.68	1.50
	103.55	29.54	67.81	0.00	0.0606	10.51	462.3	389.99	0.0676	549.0	9.881	20.37	11.72	1.50
	104.57	29.54	67.83	0.00	0.0606	10.50	461.8	389.40	0.0679	552.6	9.947	20.50	11.82	1.50
	105.57	29.56	67.81	-0.00	0.0606	10.50	461.9	389.65	0.0678	550.8	9.915	20.44	11.77	1.50
	106.56	29.56	67.81	0.00	0.0606	10.49	461.6	389.37	0.0678	551.2	9.922	20.46	11.78	1.50
	107.55	29.56	67.83	0.00	0.0607	10.50	461.8	389.41	0.0681	556.5	10.017	20.65	11.92	1.50
	108.58	29.56	67.81	-0.00	0.0606	10.48	461.3	389.15	0.0683	558.4	10.052	20.73	11.98	1.50
	109.54	29.56	67.81	0.00	0.0606	10.50	461.9	389.66	0.0678	552.8	9.951	20.52	11.82	1.50
	110.56	29.57	67.83	0.00	0.0606	10.49	461.7	389.31	0.0679	553.2	9.958	20.53	11.83	1.50
	111.63	29.57	67.85	0.00	0.0606	10.49	461.3	388.90	0.0680	554.1	9.974	20.55	11.86	1.50
	112.57	29.56	67.83	0.00	0.0605	10.48	461.1	388.84	0.0681	555.5	10.000	20.61	11.90	1.50
	113.57	29.54	67.83	0.00	0.0605	10.47	460.6	388.37	0.0688	563.1	10.135	20.89	12.10	1.50
	114.58	29.59	67.83	-0.00	0.0604	10.45	459.8	387.79	0.0688	566.5	10.196	21.02	12.19	1.50
	115.66	29.56	67.83	-0.00	0.0603	10.44	459.3	387.32	0.0691	568.8	10.238	21.10	12.26	1.50
	116.58	29.56	67.85	-0.00	0.0604	10.46	460.1	387.85	0.0691	568.1	10.226	21.07	12.24	1.50
	117.56	29.58	67.83	0.00	0.0604	10.44	459.5	387.47	0.0691	565.7	10.182	20.99	12.17	1.50
	118.56	29.61	67.81	0.00	0.0604	10.44	459.5	387.69	0.0687	564.9	10.169	20.97	12.15	1.50
	119.56	29.57	67.81	0.00	0.0604	10.45	459.9	388.01	0.0684	560.4	10.087	20.80	12.03	1.50
	120.56	29.61	67.83	0.00	0.0604	10.45	459.8	387.83	0.0683	558.5	10.052	20.72	11.98	1.50
	121.56	29.56	67.81	0.00	0.0605	10.46	460.3	388.26	0.0683	557.7	10.039	20.70	11.96	1.50
	122.55	29.60	67.81	0.00	0.0605	10.47	460.8	388.80	0.0688	562.1	10.118	20.87	12.08	1.50
	123.55	29.56	67.81	0.00	0.0606	10.49	461.5	389.31	0.0686	557.2	10.029	20.68	11.94	1.50
	124.63	29.56	67.81	0.00	0.0606	10.48	461.2	389.01	0.0675	543.8	9.788	20.18	11.57	1.50
	125.55	29.56	67.85	0.00	0.0605	10.46	460.4	388.11	0.0682	560.8	10.094	20.80	12.04	1.50
	126.56	29.59	67.81	-0.00	0.0606	10.49	461.4	389.21	0.0672	549.3	9.888	20.39	11.73	1.50
	127.56	29.56	67.83	-0.00	0.0607	10.51	462.4	389.90	0.0663	534.3	9.617	19.82	11.31	1.50
	128.58	29.61	67.85	-0.00	0.0605	10.48	461.1	388.74	0.0667	537.0	9.666	19.92	11.39	1.50
	129.56	29.60	67.83	0.00	0.0605	10.47	460.6	388.46	0.0675	543.5	9.783	20.17	11.57	1.50
