Jul 27 2015 at 14:00:40
Frequency: 1.00Hz.
CO2
Zero:  Value:0.95  Date:18 Mar 2005	 at 07:22:33	
Span:  Value:1.00  Date:18 Mar 2005	 at 07:25:09	
H2O
Zero:  Value:0.71  Date:18 Mar 2005	 at 07:52:31	
Span:  Value:0.99  Date:18 Mar 2005	 at 11:44:01	
	Relative Time	Temperature	Pressure	Aux Input	CO2 Absorptance	CO2 mmol/m3	CO2 mg/m3	CO2 umol/mol	H2O Absorptance	H2O mmol/m3	H2O g/m3	H2O mmol/mol	H2O(°C)	Cooler Voltage
	0.06	29.23	67.88	-0.00	0.0614	10.70	470.6	396.13	0.0596	461.9	8.313	17.10	9.11	1.58
	1.04	29.21	67.85	0.00	0.0614	10.68	469.8	395.57	0.0598	460.3	8.285	17.05	9.06	1.57
	2.06	29.21	67.83	-0.00	0.0614	10.67	469.7	395.60	0.0607	466.5	8.397	17.29	9.26	1.57
	3.06	29.21	67.86	-0.00	0.0614	10.67	469.4	395.20	0.0602	464.0	8.353	17.19	9.18	1.57
	4.06	29.23	67.86	0.00	0.0614	10.65	468.7	394.65	0.0601	460.3	8.286	17.05	9.06	1.58
	5.04	29.25	67.88	0.00	0.0613	10.63	467.6	393.65	0.0598	461.0	8.299	17.08	9.09	1.58
	6.07	29.27	67.85	-0.00	0.0613	10.65	468.7	394.71	0.0599	463.7	8.346	17.18	9.17	1.58
	7.04	29.30	67.86	0.00	0.0613	10.65	468.4	394.45	0.0600	462.5	8.325	17.14	9.14	1.57
	8.06	29.25	67.86	-0.00	0.0612	10.63	467.7	393.80	0.0599	461.5	8.308	17.10	9.10	1.57
	9.05	29.26	67.83	-0.00	0.0612	10.62	467.5	393.78	0.0597	459.0	8.263	17.01	9.02	1.57
	10.06	29.23	67.86	0.00	0.0612	10.62	467.2	393.39	0.0598	460.5	8.289	17.06	9.07	1.58
	11.14	29.25	67.86	-0.00	0.0611	10.61	466.6	392.94	0.0597	458.9	8.261	17.00	9.02	1.58
	12.06	29.26	67.86	-0.00	0.0611	10.60	466.4	392.76	0.0595	457.3	8.232	16.94	8.97	1.58
	13.06	29.23	67.86	0.00	0.0611	10.60	466.3	392.64	0.0597	460.5	8.290	17.06	9.07	1.58
	14.06	29.26	67.83	-0.00	0.0611	10.59	466.1	392.61	0.0602	463.5	8.343	17.18	9.17	1.57
	15.07	29.23	67.86	-0.00	0.0610	10.58	465.7	392.11	0.0603	464.1	8.354	17.19	9.18	1.57
	16.05	29.23	67.89	-0.00	0.0611	10.59	466.1	392.27	0.0610	471.7	8.491	17.47	9.43	1.58
	17.07	29.25	67.86	-0.00	0.0611	10.59	466.0	392.44	0.0610	472.3	8.502	17.50	9.45	1.58
	18.05	29.23	67.83	0.00	0.0614	10.64	468.2	394.39	0.0640	501.0	9.018	18.57	10.32	1.57
	19.05	29.25	67.85	0.00	0.0613	10.64	468.1	394.15	0.0642	507.8	9.140	18.81	10.53	1.58
	20.05	29.23	67.88	0.00	0.0613	10.63	467.9	393.84	0.0631	499.7	8.995	18.51	10.29	1.58
	21.05	29.21	67.86	-0.00	0.0613	10.63	467.8	393.90	0.0629	495.3	8.916	18.35	10.15	1.58
	22.04	29.21	67.83	0.00	0.0610	10.58	465.7	392.21	0.0617	482.3	8.682	17.87	9.76	1.58
	23.04	29.21	67.86	0.00	0.0609	10.55	464.2	390.81	0.0605	469.2	8.445	17.38	9.34	1.58
	24.05	29.26	67.86	0.00	0.0609	10.56	464.5	391.14	0.0607	470.2	8.464	17.42	9.38	1.57
	25.05	29.25	67.86	-0.00	0.0609	10.55	464.3	390.94	0.0607	469.3	8.448	17.39	9.35	1.57
	26.04	29.25	67.88	0.00	0.0609	10.55	464.4	390.92	0.0598	462.8	8.330	17.14	9.14	1.58
	27.05	29.24	67.86	0.00	0.0609	10.55	464.1	390.82	0.0601	462.4	8.324	17.13	9.13	1.58
	28.07	29.23	67.89	0.00	0.0609	10.54	463.9	390.48	0.0604	466.9	8.404	17.29	9.27	1.58
	29.06	29.23	67.86	-0.00	0.0610	10.56	464.6	391.17	0.0613	471.8	8.492	17.48	9.43	1.58
	30.06	29.25	67.86	0.00	0.0610	10.57	465.1	391.63	0.0620	485.7	8.743	18.00	9.86	1.58
	31.04	29.28	67.86	0.00	0.0609	10.56	464.7	391.30	0.0622	488.5	8.793	18.10	9.95	1.58
	32.04	29.25	67.86	0.00	0.0610	10.57	465.0	391.51	0.0629	491.1	8.840	18.20	10.03	1.58
	33.06	29.23	67.88	-0.00	0.0610	10.58	465.4	391.72	0.0620	488.8	8.799	18.10	9.96	1.58
	34.04	29.25	67.88	0.00	0.0609	10.56	464.6	391.09	0.0618	483.5	8.702	17.91	9.79	1.58
	35.13	29.25	67.83	0.00	0.0609	10.55	464.1	390.95	0.0609	474.2	8.536	17.58	9.50	1.58
	36.04	29.25	67.86	0.00	0.0609	10.55	464.3	390.97	0.0612	474.2	8.535	17.57	9.50	1.58
	37.05	29.29	67.86	0.00	0.0609	10.56	464.7	391.30	0.0613	476.8	8.582	17.67	9.59	1.58
	38.05	29.25	67.86	0.00	0.0610	10.57	465.2	391.69	0.0619	482.5	8.684	17.87	9.76	1.58
	39.05	29.25	67.86	0.00	0.0609	10.56	464.7	391.33	0.0609	475.5	8.560	17.62	9.55	1.58
	40.05	29.23	67.83	0.00	0.0609	10.55	464.2	391.02	0.0603	466.6	8.399	17.29	9.26	1.58
	41.06	29.21	67.86	-0.00	0.0609	10.54	463.8	390.51	0.0610	470.6	8.470	17.43	9.39	1.58
	42.04	29.24	67.86	0.00	0.0610	10.57	465.2	391.70	0.0628	490.5	8.830	18.17	10.01	1.58
	43.07	29.24	67.86	-0.00	0.0609	10.56	464.7	391.29	0.0623	489.7	8.815	18.14	9.98	1.58
	44.07	29.23	67.86	-0.00	0.0610	10.57	465.0	391.53	0.0638	503.3	9.060	18.65	10.39	1.58
	45.05	29.23	67.86	-0.00	0.0610	10.58	465.3	391.79	0.0639	507.6	9.138	18.81	10.52	1.58
	46.05	29.23	67.85	0.00	0.0610	10.56	464.9	391.42	0.0634	499.1	8.984	18.49	10.27	1.58
	47.05	29.21	67.86	0.00	0.0610	10.57	465.0	391.55	0.0634	501.4	9.026	18.58	10.34	1.58
	48.05	29.20	67.86	0.00	0.0609	10.55	464.4	390.97	0.0626	493.7	8.887	18.29	10.10	1.58
	49.05	29.20	67.86	0.00	0.0609	10.55	464.2	390.80	0.0627	491.0	8.837	18.19	10.02	1.58
	50.06	29.18	67.86	0.00	0.0609	10.56	464.8	391.27	0.0633	499.7	8.994	18.51	10.28	1.58
	51.04	29.20	67.86	0.00	0.0609	10.56	464.8	391.34	0.0630	498.6	8.975	18.47	10.25	1.58
	52.12	29.16	67.86	-0.00	0.0610	10.57	465.1	391.52	0.0640	504.6	9.083	18.69	10.43	1.58
	53.04	29.16	67.86	0.00	0.0610	10.58	465.5	391.84	0.0639	504.5	9.080	18.68	10.42	1.58
	54.07	29.18	67.88	-0.00	0.0610	10.58	465.5	391.76	0.0641	508.1	9.146	18.81	10.53	1.58
	55.04	29.18	67.86	0.00	0.0610	10.58	465.6	391.96	0.0640	507.9	9.142	18.81	10.53	1.58
	56.05	29.20	67.83	0.00	0.0610	10.58	465.5	392.03	0.0640	507.3	9.132	18.80	10.51	1.58
	57.05	29.26	67.86	0.00	0.0609	10.56	464.6	391.25	0.0634	501.6	9.029	18.58	10.34	1.58
	58.05	29.24	67.86	0.00	0.0609	10.56	464.7	391.30	0.0631	498.9	8.980	18.48	10.26	1.58
	59.05	29.20	67.86	0.00	0.0609	10.57	465.0	391.47	0.0632	498.1	8.966	18.45	10.24	1.58
	60.05	29.17	67.88	0.00	0.0610	10.56	464.8	391.14	0.0630	495.7	8.923	18.35	10.16	1.58
	61.06	29.18	67.83	-0.00	0.0610	10.56	464.9	391.49	0.0635	500.4	9.007	18.54	10.30	1.58
	62.12	29.18	67.88	0.00	0.0610	10.57	465.0	391.36	0.0636	503.1	9.056	18.63	10.38	1.58
	63.04	29.20	67.86	0.00	0.0609	10.56	464.7	391.21	0.0637	504.0	9.071	18.67	10.41	1.58
	64.05	29.18	67.86	0.00	0.0610	10.57	464.9	391.32	0.0641	508.6	9.155	18.84	10.55	1.58
	65.04	29.23	67.86	0.00	0.0610	10.58	465.5	391.97	0.0646	513.9	9.250	19.04	10.71	1.58
	66.03	29.13	67.85	-0.00	0.0610	10.58	465.4	391.72	0.0644	512.0	9.217	18.96	10.65	1.58
	67.03	29.16	67.86	0.00	0.0610	10.57	465.2	391.60	0.0642	508.7	9.156	18.84	10.55	1.58
	68.05	29.16	67.88	0.00	0.0609	10.57	464.9	391.22	0.0644	512.2	9.220	18.97	10.65	1.58
	69.06	29.13	67.90	-0.00	0.0610	10.57	465.1	391.24	0.0643	513.3	9.239	19.00	10.68	1.58
	70.06	29.14	67.88	-0.00	0.0609	10.56	464.8	391.13	0.0642	509.4	9.170	18.86	10.57	1.58
	71.04	29.16	67.88	0.00	0.0609	10.56	464.6	390.97	0.0642	509.5	9.170	18.86	10.57	1.58
	72.12	29.13	67.88	0.00	0.0610	10.57	464.9	391.16	0.0640	507.5	9.134	18.79	10.51	1.58
	73.04	29.11	67.86	0.00	0.0609	10.57	464.9	391.32	0.0640	507.5	9.135	18.79	10.51	1.58
	74.05	29.16	67.88	0.00	0.0610	10.57	465.0	391.29	0.0642	509.3	9.167	18.86	10.57	1.58
	75.05	29.12	67.86	0.00	0.0608	10.54	463.9	390.43	0.0638	506.2	9.111	18.74	10.47	1.58
	76.13	29.10	67.88	-0.00	0.0608	10.53	463.3	389.82	0.0640	505.9	9.106	18.73	10.46	1.58
	77.06	29.10	67.88	-0.00	0.0609	10.55	464.2	390.52	0.0643	510.2	9.183	18.89	10.59	1.58
	78.06	29.10	67.86	-0.00	0.0610	10.57	465.0	391.35	0.0647	515.2	9.274	19.08	10.74	1.58
	79.05	29.09	67.91	-0.00	0.0610	10.58	465.3	391.33	0.0649	515.9	9.287	19.09	10.76	1.58
	80.06	29.06	67.86	-0.00	0.0610	10.58	465.5	391.69	0.0654	524.8	9.446	19.43	11.01	1.58
	81.04	29.11	67.86	0.00	0.0610	10.58	465.4	391.70	0.0651	520.0	9.359	19.26	10.88	1.58
	82.06	29.10	67.86	-0.00	0.0610	10.58	465.7	391.96	0.0653	522.6	9.406	19.35	10.95	1.58
	83.06	29.12	67.88	-0.00	0.0610	10.58	465.6	391.76	0.0652	521.8	9.392	19.32	10.93	1.58
	84.05	29.16	67.83	-0.00	0.0610	10.58	465.7	392.14	0.0657	525.7	9.463	19.48	11.04	1.58
	85.05	29.16	67.86	0.00	0.0611	10.59	465.8	392.15	0.0658	528.0	9.503	19.56	11.11	1.58
	86.07	29.18	67.85	-0.00	0.0611	10.59	466.2	392.46	0.0657	527.5	9.495	19.54	11.10	1.58
	87.05	29.13	67.86	0.00	0.0610	10.59	465.8	392.10	0.0658	529.2	9.526	19.60	11.14	1.58
	88.05	29.14	67.86	0.00	0.0611	10.59	465.9	392.15	0.0656	526.2	9.472	19.49	11.06	1.58
	89.06	29.16	67.86	-0.00	0.0610	10.58	465.7	392.03	0.0655	525.8	9.465	19.48	11.05	1.58
	90.04	29.16	67.86	0.00	0.0610	10.59	465.9	392.15	0.0656	525.3	9.455	19.46	11.03	1.58
	91.06	29.13	67.86	0.00	0.0611	10.59	466.0	392.19	0.0654	524.1	9.434	19.41	11.00	1.58
	92.04	29.14	67.88	0.00	0.0611	10.60	466.2	392.31	0.0655	525.3	9.456	19.45	11.03	1.58
	93.13	29.12	67.86	-0.00	0.0611	10.60	466.4	392.52	0.0656	526.5	9.477	19.50	11.06	1.58
	94.05	29.10	67.88	-0.00	0.0611	10.59	465.9	392.02	0.0656	525.9	9.466	19.47	11.05	1.58
	95.05	29.11	67.88	0.00	0.0610	10.58	465.7	391.81	0.0656	526.2	9.471	19.48	11.05	1.58
	96.05	29.12	67.86	-0.00	0.0611	10.60	466.2	392.41	0.0658	528.1	9.506	19.56	11.11	1.58
	97.06	29.12	67.83	-0.00	0.0611	10.59	466.2	392.49	0.0658	528.2	9.507	19.57	11.11	1.58
	98.05	29.12	67.83	0.00	0.0610	10.59	465.8	392.19	0.0660	528.3	9.509	19.57	11.12	1.58
	99.03	29.14	67.86	0.00	0.0610	10.58	465.3	391.68	0.0659	529.4	9.529	19.61	11.15	1.58
	100.06	29.14	67.91	0.00	0.0610	10.59	465.8	391.77	0.0659	529.1	9.523	19.58	11.14	1.58
	101.06	29.14	67.83	-0.00	0.0611	10.59	465.9	392.32	0.0659	530.0	9.540	19.64	11.16	1.58
	102.06	29.15	67.86	0.00	0.0610	10.59	465.8	392.09	0.0661	531.2	9.562	19.68	11.20	1.58
	103.05	29.16	67.86	0.00	0.0610	10.58	465.7	392.05	0.0662	532.7	9.588	19.73	11.24	1.58
	104.05	29.14	67.86	0.00	0.0609	10.58	465.3	391.67	0.0663	535.1	9.631	19.82	11.31	1.58
	105.13	29.14	67.88	-0.00	0.0610	10.58	465.4	391.59	0.0665	537.2	9.669	19.89	11.37	1.58
	106.05	29.13	67.86	0.00	0.0610	10.58	465.5	391.80	0.0663	534.2	9.616	19.79	11.28	1.58
	107.05	29.16	67.88	0.00	0.0610	10.58	465.3	391.57	0.0666	537.5	9.674	19.90	11.38	1.58
	108.05	29.16	67.86	0.00	0.0610	10.57	465.2	391.61	0.0661	533.2	9.597	19.75	11.26	1.58
	109.06	29.10	67.86	-0.00	0.0610	10.58	465.3	391.65	0.0662	533.4	9.601	19.75	11.26	1.58
	110.14	29.12	67.86	-0.00	0.0610	10.57	465.1	391.46	0.0663	534.0	9.612	19.77	11.28	1.58
	111.04	29.11	67.86	0.00	0.0610	10.58	465.5	391.75	0.0663	535.0	9.630	19.81	11.30	1.58
	112.04	29.10	67.86	0.00	0.0610	10.58	465.6	391.90	0.0665	534.7	9.625	19.80	11.30	1.58
	113.04	29.09	67.91	0.00	0.0610	10.58	465.4	391.41	0.0665	535.2	9.634	19.80	11.31	1.58
	114.05	29.14	67.88	0.00	0.0610	10.57	465.2	391.46	0.0665	536.1	9.649	19.85	11.34	1.59
	115.07	29.14	67.85	0.00	0.0610	10.57	465.1	391.50	0.0667	539.0	9.702	19.96	11.42	1.59
	116.06	29.18	67.86	-0.00	0.0610	10.58	465.4	391.82	0.0666	537.7	9.678	19.92	11.38	1.58
	117.06	29.18	67.86	-0.00	0.0610	10.58	465.6	391.91	0.0665	537.1	9.669	19.90	11.37	1.58
	118.05	29.20	67.86	0.00	0.0610	10.57	465.1	391.60	0.0665	535.7	9.642	19.84	11.33	1.58
	119.06	29.21	67.86	-0.00	0.0610	10.57	465.0	391.50	0.0663	533.9	9.611	19.78	11.28	1.58
	120.06	29.23	67.91	-0.00	0.0610	10.57	465.2	391.45	0.0664	534.8	9.626	19.80	11.30	1.58
