Jul 27 2015 at 13:57:41
Frequency: 1.00Hz.
CO2
Zero:  Value:0.95  Date:18 Mar 2005	 at 07:22:33	
Span:  Value:1.00  Date:18 Mar 2005	 at 07:25:09	
H2O
Zero:  Value:0.71  Date:18 Mar 2005	 at 07:52:31	
Span:  Value:0.99  Date:18 Mar 2005	 at 11:44:01	
	Relative Time	Temperature	Pressure	Aux Input	CO2 Absorptance	CO2 mmol/m3	CO2 mg/m3	CO2 umol/mol	H2O Absorptance	H2O mmol/m3	H2O g/m3	H2O mmol/mol	H2O(°C)	Cooler Voltage
	0.55	29.11	67.86	0.00	0.0611	10.61	467.0	393.09	0.0582	440.2	7.924	16.30	8.40	1.55
	1.50	29.14	67.83	0.00	0.0609	10.57	464.9	391.53	0.0616	476.2	8.572	17.65	9.56	1.55
	2.56	29.14	67.83	0.00	0.0611	10.57	465.1	391.69	0.0603	468.8	8.439	17.37	9.33	1.55
	3.49	29.14	67.86	-0.00	0.0608	10.54	463.9	390.46	0.0621	481.4	8.665	17.83	9.72	1.55
	4.49	29.18	67.88	0.00	0.0605	10.49	461.6	388.46	0.0651	520.2	9.363	19.26	10.88	1.55
	5.47	29.16	67.88	0.00	0.0603	10.42	458.7	385.97	0.0682	556.1	10.010	20.59	11.89	1.55
	6.50	29.21	67.86	-0.00	0.0602	10.39	457.0	384.79	0.0689	556.5	10.017	20.61	11.91	1.55
	7.49	29.11	67.86	-0.00	0.0603	10.42	458.4	385.80	0.0688	565.9	10.187	20.96	12.16	1.55
	8.50	29.16	67.88	-0.00	0.0603	10.42	458.4	385.76	0.0685	562.6	10.127	20.83	12.07	1.55
	9.48	29.17	67.88	-0.00	0.0602	10.40	457.4	384.91	0.0697	575.9	10.366	21.32	12.42	1.55
	10.48	29.16	67.86	0.00	0.0601	10.38	456.8	384.55	0.0697	574.1	10.334	21.26	12.38	1.55
	11.48	29.14	67.85	0.00	0.0602	10.40	457.5	385.13	0.0692	567.3	10.211	21.01	12.19	1.55
	12.49	29.13	67.88	0.00	0.0602	10.40	457.6	385.08	0.0695	570.6	10.270	21.12	12.28	1.55
	13.48	29.10	67.86	0.00	0.0602	10.39	457.4	384.94	0.0700	580.0	10.440	21.48	12.53	1.55
	14.57	29.11	67.86	0.00	0.0603	10.40	457.6	385.16	0.0684	561.2	10.101	20.78	12.03	1.55
	15.49	29.12	67.88	0.00	0.0603	10.41	458.1	385.47	0.0685	558.7	10.056	20.68	11.96	1.55
	16.49	29.12	67.83	0.00	0.0602	10.42	458.3	385.90	0.0688	562.9	10.133	20.86	12.08	1.55
	17.49	29.14	67.88	0.00	0.0603	10.41	457.9	385.28	0.0687	563.6	10.145	20.87	12.10	1.55
	18.49	29.12	67.86	0.00	0.0603	10.42	458.6	385.97	0.0671	551.9	9.933	20.44	11.77	1.55
	19.48	29.10	67.86	0.00	0.0605	10.46	460.4	387.46	0.0642	511.6	9.208	18.94	10.63	1.55
	20.50	29.06	67.86	-0.00	0.0606	10.48	461.1	388.03	0.0623	490.7	8.832	18.17	10.00	1.55
	21.50	29.04	67.90	-0.00	0.0605	10.47	460.9	387.52	0.0636	499.3	8.988	18.47	10.26	1.55
	22.48	29.09	67.89	0.00	0.0606	10.48	461.0	387.82	0.0636	507.2	9.130	18.77	10.50	1.55
	23.48	29.04	67.86	0.00	0.0606	10.49	461.7	388.50	0.0622	489.3	8.807	18.11	9.96	1.55
	24.49	29.03	67.83	0.00	0.0607	10.50	462.1	388.99	0.0609	475.5	8.559	17.61	9.53	1.55
	25.48	28.97	67.86	0.00	0.0607	10.51	462.5	389.08	0.0606	468.4	8.432	17.34	9.31	1.55
	26.49	28.99	67.86	-0.00	0.0607	10.51	462.2	388.89	0.0607	469.8	8.457	17.39	9.35	1.55
	27.47	29.03	67.86	0.00	0.0606	10.50	461.9	388.64	0.0614	477.3	8.591	17.67	9.59	1.56
	28.49	29.00	67.86	0.00	0.0606	10.49	461.8	388.52	0.0622	479.2	8.625	17.74	9.65	1.55
	29.48	29.05	67.88	-0.00	0.0605	10.47	460.8	387.59	0.0635	499.4	8.990	18.49	10.27	1.55
	30.50	29.07	67.86	0.00	0.0604	10.45	460.0	387.07	0.0652	520.1	9.362	19.26	10.88	1.55
	31.48	29.04	67.85	0.00	0.0605	10.46	460.0	387.12	0.0651	516.3	9.294	19.12	10.77	1.55
	32.51	29.02	67.88	-0.00	0.0604	10.45	459.6	386.59	0.0662	533.8	9.609	19.76	11.27	1.55
	33.51	29.02	67.86	-0.00	0.0603	10.42	458.7	385.92	0.0670	546.5	9.837	20.23	11.62	1.55
	34.49	29.02	67.86	-0.00	0.0603	10.42	458.4	385.67	0.0657	530.4	9.547	19.64	11.17	1.55
	35.51	29.09	67.86	-0.00	0.0603	10.43	458.7	386.05	0.0646	516.2	9.291	19.11	10.76	1.55
	36.47	29.09	67.85	0.00	0.0603	10.43	458.8	386.15	0.0646	510.6	9.191	18.91	10.60	1.55
	37.49	29.08	67.86	0.00	0.0604	10.43	459.1	386.33	0.0651	518.6	9.334	19.20	10.83	1.55
	38.48	29.10	67.83	-0.00	0.0604	10.43	459.0	386.49	0.0650	519.5	9.351	19.25	10.86	1.55
	39.47	29.12	67.86	0.00	0.0603	10.43	459.0	386.28	0.0655	524.1	9.434	19.41	11.00	1.55
	40.48	29.11	67.86	0.00	0.0603	10.41	458.2	385.69	0.0662	533.4	9.602	19.76	11.26	1.55
	41.48	29.10	67.88	-0.00	0.0602	10.41	458.1	385.40	0.0665	534.5	9.620	19.79	11.29	1.55
	42.48	29.10	67.83	0.00	0.0603	10.42	458.3	385.90	0.0665	536.2	9.652	19.86	11.34	1.55
	43.49	29.10	67.88	-0.00	0.0602	10.40	457.8	385.14	0.0664	536.3	9.654	19.85	11.34	1.55
	44.49	29.06	67.83	0.00	0.0601	10.39	457.1	384.77	0.0661	531.4	9.565	19.68	11.20	1.55
	45.49	29.09	67.88	0.00	0.0601	10.38	456.9	384.36	0.0660	532.3	9.582	19.70	11.23	1.56
	46.50	29.06	67.88	0.00	0.0601	10.38	456.8	384.30	0.0664	535.6	9.641	19.83	11.32	1.55
	47.49	29.00	67.83	-0.00	0.0601	10.38	456.9	384.53	0.0665	535.8	9.645	19.84	11.32	1.55
	48.48	29.00	67.86	0.00	0.0601	10.37	456.5	384.04	0.0667	538.8	9.698	19.95	11.41	1.55
	49.48	29.00	67.83	0.00	0.0601	10.38	456.6	384.34	0.0670	539.7	9.715	19.99	11.43	1.55
	50.50	29.00	67.88	0.00	0.0601	10.37	456.2	383.69	0.0671	542.3	9.762	20.07	11.50	1.56
	51.50	28.97	67.86	-0.00	0.0601	10.38	456.5	384.04	0.0669	541.1	9.739	20.03	11.47	1.56
	52.51	28.97	67.85	-0.00	0.0601	10.37	456.4	384.01	0.0669	542.2	9.759	20.07	11.50	1.56
	53.48	28.98	67.83	0.00	0.0601	10.38	456.6	384.31	0.0668	540.6	9.731	20.02	11.46	1.55
	54.48	29.02	67.83	0.00	0.0600	10.36	455.8	383.63	0.0665	537.8	9.680	19.92	11.38	1.55
	55.55	29.05	67.81	0.00	0.0600	10.36	455.8	383.89	0.0663	533.0	9.595	19.75	11.25	1.55
	56.49	28.99	67.86	-0.00	0.0599	10.35	455.2	382.97	0.0667	535.3	9.635	19.81	11.31	1.56
	57.49	29.01	67.86	0.00	0.0599	10.34	455.0	382.79	0.0664	535.5	9.639	19.82	11.31	1.56
	58.47	28.98	67.86	0.00	0.0600	10.34	455.0	382.79	0.0665	537.4	9.674	19.89	11.37	1.56
	59.48	28.99	67.86	0.00	0.0600	10.35	455.2	382.94	0.0664	535.7	9.642	19.83	11.32	1.56
	60.48	28.99	67.86	0.00	0.0598	10.31	453.5	381.54	0.0666	537.7	9.678	19.90	11.37	1.56
	61.49	29.00	67.83	0.00	0.0598	10.30	453.4	381.64	0.0669	539.6	9.712	19.98	11.43	1.56
	62.57	29.00	67.86	-0.00	0.0598	10.32	454.2	382.12	0.0668	541.5	9.747	20.05	11.48	1.56
	63.48	29.00	67.86	0.00	0.0599	10.33	454.6	382.51	0.0670	542.7	9.768	20.09	11.51	1.56
	64.49	29.04	67.86	0.00	0.0598	10.33	454.4	382.38	0.0670	543.8	9.789	20.13	11.55	1.56
	65.49	29.04	67.88	-0.00	0.0599	10.34	454.9	382.70	0.0672	545.8	9.824	20.20	11.60	1.56
	66.49	29.06	67.85	0.00	0.0597	10.31	453.5	381.66	0.0679	551.2	9.922	20.41	11.75	1.56
	67.49	29.06	67.91	0.00	0.0599	10.32	453.9	381.69	0.0678	552.1	9.939	20.43	11.78	1.56
	68.50	29.11	67.88	-0.00	0.0598	10.31	453.7	381.72	0.0677	550.3	9.906	20.37	11.73	1.56
	69.48	29.10	67.86	0.00	0.0597	10.30	453.3	381.53	0.0683	558.7	10.057	20.69	11.96	1.56
	70.48	29.08	67.83	0.00	0.0597	10.30	453.2	381.51	0.0683	557.9	10.043	20.67	11.94	1.56
	71.50	29.08	67.86	-0.00	0.0597	10.29	452.6	380.86	0.0682	555.6	10.001	20.57	11.88	1.56
	72.56	29.08	67.86	0.00	0.0597	10.29	452.6	380.86	0.0690	564.7	10.164	20.91	12.12	1.56
	73.51	29.06	67.86	-0.00	0.0597	10.28	452.5	380.80	0.0700	580.7	10.453	21.50	12.55	1.56
	74.51	29.05	67.86	-0.00	0.0597	10.29	452.9	381.11	0.0697	575.1	10.352	21.29	12.40	1.56
	75.50	29.02	67.88	-0.00	0.0596	10.28	452.2	380.40	0.0699	576.0	10.368	21.32	12.42	1.56
	76.49	29.02	67.86	0.00	0.0597	10.28	452.3	380.57	0.0698	576.7	10.381	21.35	12.44	1.56
	77.48	29.11	67.86	-0.00	0.0597	10.28	452.5	380.84	0.0695	573.0	10.314	21.22	12.34	1.56
	78.48	29.04	67.91	0.00	0.0597	10.29	452.9	380.81	0.0693	570.1	10.262	21.09	12.26	1.56
	79.48	29.08	67.86	0.00	0.0598	10.30	453.1	381.30	0.0693	570.7	10.273	21.13	12.28	1.56
	80.50	29.06	67.84	-0.00	0.0597	10.29	453.0	381.28	0.0695	571.7	10.291	21.18	12.31	1.56
	81.48	29.06	67.86	0.00	0.0597	10.28	452.5	380.81	0.0695	572.8	10.311	21.21	12.34	1.56
	82.48	29.06	67.86	0.00	0.0597	10.29	453.0	381.19	0.0691	568.1	10.226	21.04	12.21	1.56
	83.49	29.06	67.86	-0.00	0.0597	10.29	452.7	380.93	0.0694	571.1	10.280	21.15	12.29	1.56
	84.49	29.06	67.83	-0.00	0.0597	10.28	452.4	380.83	0.0694	572.0	10.296	21.19	12.32	1.56
	85.47	29.06	67.86	0.00	0.0596	10.28	452.3	380.62	0.0687	563.8	10.149	20.88	12.10	1.56
	86.50	29.08	67.86	-0.00	0.0596	10.27	452.0	380.39	0.0691	568.6	10.234	21.05	12.23	1.56
	87.48	29.10	67.86	0.00	0.0597	10.28	452.3	380.69	0.0689	570.0	10.260	21.11	12.26	1.56
	88.48	29.10	67.86	0.00	0.0596	10.28	452.2	380.57	0.0695	572.3	10.301	21.19	12.33	1.56
	89.50	29.12	67.86	-0.00	0.0597	10.28	452.3	380.69	0.0695	574.5	10.341	21.28	12.39	1.56
	90.48	29.12	67.86	0.00	0.0597	10.28	452.3	380.69	0.0688	561.4	10.106	20.79	12.04	1.56
	91.48	29.10	67.88	0.00	0.0597	10.29	452.8	380.93	0.0686	562.2	10.120	20.81	12.06	1.56
	92.49	29.12	67.83	-0.00	0.0597	10.29	452.6	381.08	0.0692	567.6	10.217	21.03	12.20	1.56
	93.48	29.08	67.88	0.00	0.0596	10.27	451.7	379.97	0.0693	570.3	10.266	21.11	12.27	1.56
	94.50	29.04	67.88	-0.00	0.0596	10.27	451.7	379.94	0.0695	572.1	10.297	21.17	12.32	1.56
	95.49	29.04	67.83	0.00	0.0595	10.25	451.0	379.64	0.0694	571.1	10.279	21.15	12.29	1.56
	96.49	29.00	67.83	0.00	0.0595	10.25	450.9	379.47	0.0694	571.4	10.286	21.16	12.30	1.56
	97.50	29.02	67.86	-0.00	0.0595	10.24	450.6	379.15	0.0695	572.4	10.304	21.19	12.33	1.56
	98.50	29.02	67.86	-0.00	0.0595	10.24	450.6	379.14	0.0698	576.2	10.372	21.33	12.43	1.56
	99.48	29.00	67.86	0.00	0.0595	10.24	450.5	378.98	0.0700	577.8	10.400	21.39	12.47	1.56
	100.48	29.04	67.83	0.00	0.0595	10.24	450.4	379.12	0.0698	578.4	10.412	21.43	12.49	1.56
	101.46	29.04	67.83	0.00	0.0595	10.23	450.3	379.02	0.0698	572.1	10.298	21.19	12.32	1.56
	102.51	29.04	67.86	-0.00	0.0594	10.24	450.4	378.99	0.0705	586.1	10.549	21.70	12.68	1.56
	103.49	29.02	67.86	0.00	0.0594	10.22	449.7	378.35	0.0710	589.6	10.613	21.83	12.78	1.56
	104.49	29.07	67.86	0.00	0.0594	10.22	449.7	378.40	0.0709	591.2	10.641	21.89	12.82	1.56
	105.49	29.09	67.86	0.00	0.0594	10.22	449.8	378.53	0.0709	589.8	10.616	21.84	12.78	1.56
	106.47	29.06	67.83	0.00	0.0594	10.23	450.0	378.78	0.0710	590.7	10.633	21.88	12.81	1.56
	107.48	29.06	67.83	0.00	0.0594	10.22	449.7	378.59	0.0711	590.2	10.624	21.86	12.79	1.56
	108.48	29.07	67.86	-0.00	0.0594	10.23	450.2	378.84	0.0716	597.6	10.756	22.13	12.98	1.56
	109.50	29.07	67.88	-0.00	0.0595	10.23	450.1	378.64	0.0719	602.5	10.846	22.30	13.11	1.57
	110.50	29.04	67.85	0.00	0.0594	10.23	450.3	378.95	0.0719	602.5	10.844	22.31	13.11	1.56
	111.56	29.04	67.86	0.00	0.0595	10.23	450.0	378.68	0.0716	600.7	10.812	22.24	13.06	1.56
	112.49	29.06	67.86	-0.00	0.0595	10.25	451.0	379.49	0.0713	593.7	10.686	21.98	12.88	1.56
	113.49	29.08	67.86	-0.00	0.0595	10.25	450.9	379.46	0.0711	592.3	10.661	21.93	12.85	1.56
	114.47	29.10	67.86	0.00	0.0596	10.26	451.4	379.93	0.0709	590.3	10.626	21.86	12.80	1.57
	115.50	29.10	67.86	-0.00	0.0596	10.26	451.3	379.85	0.0701	581.3	10.463	21.53	12.56	1.56
	116.50	29.10	67.88	-0.00	0.0595	10.25	450.8	379.29	0.0701	579.5	10.431	21.45	12.52	1.56
	117.48	29.11	67.86	0.00	0.0595	10.24	450.8	379.38	0.0703	579.9	10.437	21.47	12.53	1.57
	118.48	29.11	67.86	0.00	0.0596	10.25	451.1	379.66	0.0698	577.2	10.390	21.38	12.46	1.56
	119.48	29.02	67.86	0.00	0.0596	10.27	451.8	380.14	0.0696	571.9	10.295	21.17	12.31	1.56
	120.57	29.02	67.88	-0.00	0.0595	10.24	450.6	379.00	0.0700	577.3	10.392	21.37	12.45	1.56
	121.48	29.04	67.83	0.00	0.0595	10.23	450.1	378.88	0.0703	581.9	10.474	21.55	12.58	1.56
	122.49	29.06	67.86	0.00	0.0595	10.25	450.8	379.37	0.0706	585.2	10.534	21.67	12.66	1.56
