Jul 27 2015 at 12:55:49
Frequency: 1.00Hz.
CO2
Zero:  Value:0.95  Date:18 Mar 2005	 at 07:22:33	
Span:  Value:1.00  Date:18 Mar 2005	 at 07:25:09	
H2O
Zero:  Value:0.71  Date:18 Mar 2005	 at 07:52:31	
Span:  Value:0.99  Date:18 Mar 2005	 at 11:44:01	
	Relative Time	Temperature	Pressure	Aux Input	CO2 Absorptance	CO2 mmol/m3	CO2 mg/m3	CO2 umol/mol	H2O Absorptance	H2O mmol/m3	H2O g/m3	H2O mmol/mol	H2O(°C)	Cooler Voltage
	0.80	28.23	67.88	0.00	0.0619	10.77	474.1	397.71	0.0579	440.0	7.919	16.24	8.34	1.47
	1.79	28.26	67.88	0.00	0.0619	10.78	474.2	397.81	0.0580	440.5	7.930	16.26	8.37	1.47
	2.82	28.28	67.86	-0.00	0.0618	10.76	473.4	397.38	0.0585	443.5	7.983	16.38	8.47	1.47
	3.79	28.32	67.86	0.00	0.0618	10.75	472.8	396.89	0.0587	449.1	8.083	16.59	8.65	1.47
	4.80	28.30	67.88	-0.00	0.0616	10.73	472.0	396.01	0.0591	451.0	8.118	16.65	8.71	1.47
	5.80	28.30	67.86	0.00	0.0616	10.72	471.5	395.81	0.0594	455.2	8.194	16.81	8.85	1.47
	6.86	28.28	67.86	0.00	0.0615	10.70	470.8	395.14	0.0597	457.6	8.236	16.90	8.93	1.47
	7.80	28.31	67.91	-0.00	0.0614	10.68	469.8	394.10	0.0607	467.7	8.419	17.26	9.25	1.47
	8.88	28.26	67.88	-0.00	0.0614	10.67	469.3	393.79	0.0608	472.0	8.496	17.43	9.39	1.47
	9.78	28.26	67.88	0.00	0.0614	10.67	469.6	394.00	0.0608	471.1	8.480	17.39	9.36	1.47
	10.80	28.25	67.88	0.00	0.0614	10.67	469.6	393.97	0.0607	469.8	8.457	17.34	9.32	1.47
	11.81	28.27	67.88	-0.00	0.0613	10.65	468.5	393.07	0.0612	473.1	8.516	17.47	9.42	1.47
	12.81	28.25	67.88	-0.00	0.0611	10.61	466.7	391.55	0.0616	483.8	8.708	17.86	9.75	1.47
	13.82	28.26	67.91	-0.00	0.0613	10.62	467.3	391.94	0.0615	480.3	8.645	17.72	9.65	1.48
	14.80	28.22	67.91	-0.00	0.0613	10.64	468.2	392.60	0.0616	480.1	8.641	17.71	9.64	1.47
	15.80	28.25	67.88	0.00	0.0613	10.64	468.1	392.73	0.0616	480.4	8.648	17.73	9.65	1.47
	16.80	28.25	67.83	0.00	0.0613	10.65	468.5	393.34	0.0615	479.2	8.625	17.70	9.61	1.48
	17.79	28.25	67.86	0.00	0.0613	10.65	468.6	393.31	0.0607	471.5	8.487	17.41	9.37	1.48
	18.78	28.24	67.89	0.00	0.0613	10.63	467.8	392.44	0.0604	467.3	8.412	17.25	9.24	1.48
	19.81	28.27	67.86	0.00	0.0613	10.64	468.3	393.06	0.0597	459.5	8.271	16.97	8.99	1.47
	20.80	28.25	67.86	0.00	0.0612	10.63	467.5	392.37	0.0598	459.2	8.266	16.96	8.98	1.47
	21.81	28.23	67.89	-0.00	0.0612	10.63	467.5	392.16	0.0598	460.5	8.289	17.00	9.02	1.48
	22.81	28.25	67.88	-0.00	0.0613	10.64	468.2	392.75	0.0595	458.7	8.256	16.93	8.96	1.48
	23.79	28.25	67.88	0.00	0.0614	10.66	468.9	393.39	0.0594	456.3	8.213	16.84	8.88	1.48
	24.80	28.22	67.88	0.00	0.0614	10.67	469.3	393.72	0.0595	456.9	8.224	16.86	8.90	1.48
	25.80	28.22	67.88	0.00	0.0612	10.64	468.1	392.66	0.0593	455.3	8.195	16.80	8.85	1.48
	26.79	28.23	67.88	0.00	0.0610	10.57	464.9	390.02	0.0616	482.2	8.679	17.80	9.70	1.48
	27.82	28.25	67.89	-0.00	0.0611	10.59	466.0	390.91	0.0599	462.4	8.323	17.07	9.08	1.48
	28.80	28.22	67.86	-0.00	0.0611	10.61	466.9	391.81	0.0598	459.7	8.275	16.97	8.99	1.48
	29.81	28.26	67.91	0.00	0.0612	10.61	467.0	391.69	0.0601	463.1	8.336	17.09	9.11	1.48
	30.80	28.28	67.86	0.00	0.0612	10.62	467.1	392.05	0.0606	469.4	8.449	17.34	9.31	1.48
	31.87	28.31	67.86	0.00	0.0612	10.63	467.6	392.48	0.0603	466.3	8.394	17.22	9.21	1.48
	32.79	28.28	67.88	0.00	0.0612	10.62	467.4	392.14	0.0602	463.4	8.341	17.11	9.11	1.48
	33.81	28.28	67.86	0.00	0.0611	10.60	466.6	391.64	0.0602	464.6	8.363	17.16	9.15	1.48
	34.87	28.28	67.88	0.00	0.0611	10.60	466.2	391.18	0.0602	465.2	8.373	17.17	9.17	1.48
	35.80	28.28	67.88	-0.00	0.0611	10.60	466.3	391.24	0.0602	465.5	8.379	17.19	9.18	1.48
	36.82	28.30	67.89	-0.00	0.0611	10.60	466.3	391.27	0.0604	466.4	8.396	17.22	9.21	1.48
	37.86	28.28	67.88	0.00	0.0611	10.59	466.1	391.09	0.0605	467.4	8.413	17.25	9.24	1.48
	38.80	28.27	67.89	0.00	0.0610	10.59	465.9	390.83	0.0606	468.5	8.432	17.29	9.28	1.48
	39.81	28.28	67.86	0.00	0.0610	10.58	465.4	390.64	0.0607	470.0	8.460	17.36	9.32	1.48
	40.80	28.28	67.88	0.00	0.0609	10.56	464.7	389.90	0.0606	469.7	8.455	17.34	9.32	1.48
	41.81	28.28	67.88	-0.00	0.0606	10.51	462.3	387.91	0.0621	482.3	8.682	17.81	9.71	1.48
	42.81	28.26	67.86	0.00	0.0607	10.50	461.9	387.69	0.0624	490.2	8.823	18.10	9.95	1.48
	43.79	28.26	67.86	0.00	0.0606	10.50	461.9	387.65	0.0628	491.3	8.843	18.14	9.98	1.48
	44.80	28.28	67.88	-0.00	0.0606	10.48	461.1	386.86	0.0632	499.1	8.984	18.43	10.22	1.48
	45.79	28.26	67.86	0.00	0.0609	10.53	463.3	388.87	0.0633	501.1	9.019	18.50	10.28	1.48
	46.80	28.26	67.88	0.00	0.0611	10.60	466.5	391.43	0.0636	502.4	9.043	18.55	10.32	1.48
	47.81	28.29	67.88	-0.00	0.0605	10.49	461.6	387.33	0.0645	510.4	9.188	18.84	10.56	1.48
	48.89	28.26	67.86	-0.00	0.0607	10.48	461.2	387.09	0.0643	514.4	9.259	19.00	10.67	1.48
	49.81	28.28	67.88	0.00	0.0607	10.50	462.1	387.77	0.0632	498.7	8.977	18.41	10.21	1.48
	50.79	28.28	67.89	0.00	0.0604	10.46	460.1	386.00	0.0636	503.4	9.060	18.58	10.35	1.48
	51.81	28.28	67.86	0.00	0.0604	10.44	459.6	385.75	0.0634	499.8	8.996	18.46	10.24	1.48
	52.81	28.28	67.85	0.00	0.0605	10.46	460.4	386.43	0.0640	508.0	9.144	18.76	10.49	1.48
	53.80	28.28	67.88	-0.00	0.0612	10.63	467.8	392.56	0.0639	506.2	9.111	18.69	10.43	1.48
	54.88	28.26	67.88	-0.00	0.0611	10.61	466.7	391.57	0.0663	523.0	9.414	19.31	10.92	1.48
	55.80	28.30	67.86	-0.00	0.0610	10.58	465.4	390.63	0.0669	548.1	9.866	20.24	11.63	1.48
	56.78	28.28	67.86	0.00	0.0611	10.61	466.8	391.85	0.0651	521.3	9.383	19.25	10.87	1.48
	57.80	28.26	67.86	0.00	0.0612	10.63	467.9	392.72	0.0649	515.4	9.277	19.03	10.70	1.48
	58.80	28.31	67.88	-0.00	0.0610	10.58	465.6	390.75	0.0666	537.3	9.671	19.84	11.33	1.48
	59.81	28.31	67.88	0.00	0.0610	10.59	466.1	391.15	0.0660	531.2	9.562	19.61	11.16	1.48
	60.81	28.30	67.89	0.00	0.0606	10.42	458.5	384.68	0.0676	550.8	9.914	20.33	11.70	1.48
	61.79	28.26	67.89	0.00	0.0613	10.65	468.8	393.27	0.0667	533.0	9.594	19.67	11.21	1.48
	62.82	28.27	67.86	-0.00	0.0605	10.49	461.6	387.41	0.0703	581.0	10.457	21.46	12.51	1.48
	63.80	28.26	67.88	-0.00	0.0601	10.39	457.0	383.40	0.0704	582.8	10.490	21.51	12.56	1.48
	64.80	28.28	67.89	0.00	0.0601	10.37	456.1	382.70	0.0708	587.8	10.580	21.70	12.69	1.48
	65.80	28.30	67.86	0.00	0.0602	10.39	457.2	383.80	0.0729	607.2	10.930	22.43	13.19	1.48
	66.80	28.28	67.86	-0.00	0.0602	10.41	457.9	384.34	0.0734	621.7	11.191	22.96	13.55	1.48
	67.81	28.28	67.88	0.00	0.0598	10.30	453.0	380.07	0.0728	612.1	11.018	22.60	13.31	1.48
	68.80	28.30	67.86	0.00	0.0602	10.37	456.4	383.14	0.0727	612.6	11.026	22.62	13.32	1.48
	69.80	28.28	67.91	-0.00	0.0602	10.39	457.3	383.58	0.0721	605.6	10.901	22.35	13.15	1.49
	70.81	28.24	67.88	0.00	0.0601	10.38	456.9	383.31	0.0720	603.2	10.857	22.26	13.08	1.49
	71.79	28.28	67.86	0.00	0.0601	10.37	456.1	382.80	0.0724	608.3	10.949	22.47	13.22	1.48
	72.81	28.26	67.88	-0.00	0.0603	10.40	457.8	384.08	0.0722	607.1	10.928	22.41	13.18	1.49
	73.79	28.29	67.86	0.00	0.0604	10.45	459.7	385.82	0.0715	598.1	10.766	22.09	12.96	1.49
	74.79	28.26	67.86	0.00	0.0605	10.45	459.8	385.87	0.0700	583.6	10.505	21.55	12.58	1.48
	75.79	28.26	67.89	0.00	0.0605	10.48	461.0	386.74	0.0676	553.5	9.963	20.43	11.78	1.49
	76.80	28.25	67.86	0.00	0.0606	10.48	461.2	387.09	0.0672	544.8	9.807	20.12	11.54	1.49
	77.80	28.26	67.89	0.00	0.0605	10.45	460.0	385.90	0.0684	560.1	10.081	20.67	11.96	1.49
	78.80	28.26	67.86	0.00	0.0605	10.47	460.6	386.60	0.0687	561.9	10.114	20.75	12.00	1.49
	79.81	28.25	67.84	-0.00	0.0605	10.46	460.3	386.45	0.0694	570.0	10.260	21.05	12.22	1.49
	80.89	28.20	67.88	-0.00	0.0605	10.46	460.2	386.06	0.0691	568.8	10.238	20.99	12.19	1.49
	81.87	28.25	67.88	0.00	0.0604	10.45	459.9	385.86	0.0697	572.8	10.311	21.14	12.30	1.49
	82.81	28.27	67.88	-0.00	0.0596	10.28	452.3	379.47	0.0713	597.8	10.760	22.07	12.95	1.49
	83.80	28.26	67.91	0.00	0.0596	10.27	451.7	378.86	0.0718	599.9	10.799	22.14	13.00	1.49
	84.80	28.31	67.86	-0.00	0.0599	10.31	453.9	380.96	0.0710	596.1	10.729	22.02	12.91	1.49
	85.78	28.26	67.88	0.00	0.0599	10.34	454.9	381.69	0.0716	594.2	10.696	21.94	12.86	1.49
	86.80	28.29	67.88	0.00	0.0597	10.31	453.5	380.53	0.0717	600.9	10.817	22.19	13.03	1.49
	87.78	28.28	67.88	0.00	0.0595	10.24	450.5	378.04	0.0712	594.9	10.709	21.96	12.88	1.49
	88.80	28.30	67.88	0.00	0.0595	10.27	451.7	379.03	0.0721	602.5	10.846	22.25	13.07	1.49
	89.80	28.30	67.89	0.00	0.0592	10.20	448.9	376.62	0.0739	617.1	11.108	22.78	13.44	1.49
	90.79	28.30	67.86	-0.00	0.0593	10.17	447.5	375.67	0.0735	631.3	11.364	23.32	13.79	1.49
	91.81	28.35	67.88	0.00	0.0594	10.22	449.5	377.19	0.0729	615.3	11.075	22.72	13.39	1.49
	92.81	28.35	67.88	-0.00	0.0595	10.24	450.6	378.15	0.0721	604.3	10.878	22.32	13.12	1.49
	93.82	28.32	67.88	-0.00	0.0592	10.20	448.6	376.45	0.0742	627.9	11.302	23.18	13.70	1.49
	94.82	28.30	67.86	-0.00	0.0591	10.15	446.8	375.03	0.0749	641.7	11.551	23.70	14.04	1.49
	95.80	28.32	67.89	0.00	0.0589	10.12	445.3	373.65	0.0759	648.4	11.671	23.94	14.20	1.49
	96.81	28.30	67.88	-0.00	0.0591	10.12	445.4	373.70	0.0756	657.2	11.830	24.26	14.41	1.49
	97.81	28.28	67.86	-0.00	0.0592	10.16	446.9	375.06	0.0767	656.6	11.819	24.25	14.39	1.49
	98.80	28.30	67.91	-0.00	0.0595	10.22	449.9	377.37	0.0732	628.4	11.311	23.19	13.72	1.49
	99.81	28.30	67.88	-0.00	0.0591	10.21	449.3	377.01	0.0753	633.0	11.394	23.37	13.83	1.49
	100.79	28.28	67.88	0.00	0.0593	10.21	449.3	376.98	0.0748	637.0	11.465	23.51	13.92	1.49
	101.79	28.25	67.88	-0.00	0.0593	10.19	448.6	376.32	0.0747	644.1	11.594	23.78	14.09	1.49
	102.82	28.25	67.86	-0.00	0.0595	10.24	450.4	377.99	0.0739	625.1	11.252	23.08	13.63	1.49
	103.80	28.25	67.88	0.00	0.0588	10.13	445.6	373.82	0.0770	658.1	11.845	24.29	14.42	1.49
	104.80	28.23	67.89	-0.00	0.0589	10.11	444.8	373.14	0.0771	665.0	11.969	24.54	14.58	1.49
	105.82	28.19	67.86	-0.00	0.0588	10.07	443.2	371.88	0.0778	678.7	12.216	25.06	14.90	1.49
	106.88	28.21	67.86	-0.00	0.0589	10.10	444.6	373.06	0.0772	670.7	12.073	24.76	14.72	1.49
	107.78	28.25	67.86	0.00	0.0590	10.13	445.8	374.12	0.0770	671.5	12.086	24.80	14.74	1.49
	108.78	28.19	67.91	0.00	0.0592	10.16	447.0	374.75	0.0768	665.9	11.986	24.57	14.60	1.49
	109.89	28.21	67.86	-0.00	0.0591	10.16	447.1	375.15	0.0764	659.8	11.877	24.36	14.46	1.49
	110.81	28.22	67.86	0.00	0.0593	10.20	448.8	376.62	0.0751	643.6	11.584	23.76	14.08	1.50
	111.81	28.22	67.86	0.00	0.0592	10.17	447.6	375.59	0.0767	661.3	11.903	24.42	14.50	1.49
	112.81	28.23	67.88	0.00	0.0591	10.15	446.7	374.75	0.0770	666.8	12.003	24.61	14.63	1.49
	113.80	28.21	67.88	-0.00	0.0592	10.18	447.9	375.69	0.0761	656.5	11.817	24.23	14.39	1.49
	114.80	28.23	67.91	0.00	0.0593	10.20	448.7	376.28	0.0750	640.8	11.535	23.64	14.01	1.49
	115.80	28.20	67.89	0.00	0.0591	10.17	447.5	375.33	0.0769	658.0	11.843	24.28	14.42	1.49
	116.88	28.20	67.86	0.00	0.0591	10.17	447.4	375.40	0.0756	645.6	11.621	23.83	14.13	1.50
	117.81	28.21	67.88	-0.00	0.0592	10.19	448.2	375.98	0.0752	641.9	11.554	23.69	14.04	1.49
	118.81	28.23	67.88	0.00	0.0592	10.19	448.5	376.27	0.0759	652.7	11.749	24.09	14.30	1.50
	119.79	28.21	67.88	0.00	0.0589	10.12	445.2	373.46	0.0769	665.4	11.977	24.56	14.59	1.49
	120.81	28.21	67.86	-0.00	0.0589	10.13	445.5	373.86	0.0776	672.7	12.109	24.84	14.76	1.50
	121.81	28.23	67.88	-0.00	0.0587	10.09	443.8	372.33	0.0777	676.4	12.174	24.96	14.85	1.50
	122.79	28.23	67.86	0.00	0.0589	10.10	444.5	373.00	0.0776	674.2	12.135	24.89	14.80	1.50
	123.79	28.25	67.88	0.00	0.0589	10.11	444.8	373.18	0.0776	675.7	12.162	24.94	14.83	1.50
	124.80	28.26	67.86	0.00	0.0588	10.10	444.3	372.88	0.0782	681.8	12.272	25.18	14.97	1.50
	125.80	28.28	67.86	-0.00	0.0587	10.07	443.1	371.92	0.0784	685.7	12.343	25.33	15.07	1.50
	126.81	28.30	67.86	-0.00	0.0588	10.08	443.6	372.34	0.0786	688.7	12.397	25.44	15.13	1.49
	127.80	28.33	67.86	-0.00	0.0589	10.10	444.3	372.98	0.0789	691.9	12.455	25.56	15.21	1.50
	128.79	28.29	67.88	0.00	0.0589	10.10	444.4	372.86	0.0790	693.3	12.480	25.60	15.24	1.50
	129.79	28.34	67.86	0.00	0.0589	10.10	444.4	373.07	0.0789	692.8	12.470	25.59	15.23	1.50
	130.78	28.32	67.88	0.00	0.0588	10.09	444.1	372.65	0.0791	692.8	12.471	25.58	15.23	1.50
