Jul 27 2015 at 13:52:36
Frequency: 1.00Hz.
CO2
Zero:  Value:0.95  Date:18 Mar 2005	 at 07:22:33	
Span:  Value:1.00  Date:18 Mar 2005	 at 07:25:09	
H2O
Zero:  Value:0.71  Date:18 Mar 2005	 at 07:52:31	
Span:  Value:0.99  Date:18 Mar 2005	 at 11:44:01	
	Relative Time	Temperature	Pressure	Aux Input	CO2 Absorptance	CO2 mmol/m3	CO2 mg/m3	CO2 umol/mol	H2O Absorptance	H2O mmol/m3	H2O g/m3	H2O mmol/mol	H2O(°C)	Cooler Voltage
	0.51	28.84	67.88	-0.00	0.0613	10.64	468.1	393.53	0.0583	443.4	7.981	16.40	8.49	1.54
	1.50	28.81	67.83	-0.00	0.0612	10.63	467.6	393.31	0.0583	445.1	8.012	16.47	8.55	1.54
	2.50	28.81	67.85	0.00	0.0612	10.62	467.5	393.09	0.0580	440.5	7.929	16.30	8.39	1.54
	3.49	28.85	67.83	0.00	0.0610	10.60	466.2	392.22	0.0591	446.1	8.031	16.51	8.58	1.54
	4.59	28.83	67.86	0.00	0.0610	10.57	465.3	391.24	0.0607	474.2	8.536	17.54	9.48	1.54
	5.51	28.81	67.88	0.00	0.0610	10.57	465.0	390.89	0.0597	456.0	8.208	16.86	8.90	1.54
	6.52	28.86	67.86	-0.00	0.0612	10.62	467.5	393.12	0.0585	449.3	8.088	16.63	8.69	1.54
	7.50	28.85	67.86	0.00	0.0610	10.59	466.1	391.97	0.0587	446.0	8.028	16.50	8.58	1.54
	8.53	28.89	67.86	-0.00	0.0610	10.57	465.2	391.25	0.0585	445.3	8.015	16.48	8.55	1.54
	9.52	28.89	67.86	-0.00	0.0611	10.61	467.0	392.80	0.0598	461.0	8.299	17.06	9.07	1.54
	10.51	28.88	67.86	0.00	0.0611	10.60	466.6	392.42	0.0601	462.2	8.320	17.10	9.11	1.54
	11.51	28.91	67.86	-0.00	0.0609	10.58	465.5	391.48	0.0603	468.7	8.437	17.35	9.31	1.54
	12.49	28.90	67.91	0.00	0.0609	10.54	464.0	389.94	0.0598	456.7	8.221	16.89	8.93	1.54
	13.59	28.85	67.91	-0.00	0.0609	10.57	464.9	390.70	0.0615	481.3	8.663	17.79	9.71	1.54
	14.49	28.88	67.86	0.00	0.0610	10.57	465.2	391.24	0.0611	475.6	8.560	17.60	9.53	1.54
	15.51	28.87	67.83	0.00	0.0608	10.54	463.6	390.03	0.0613	478.0	8.605	17.70	9.61	1.54
	16.57	28.93	67.86	0.00	0.0609	10.56	464.7	390.86	0.0628	494.8	8.906	18.31	10.12	1.54
	17.50	28.91	67.86	0.00	0.0609	10.56	464.8	390.98	0.0628	491.6	8.849	18.19	10.02	1.54
	18.50	28.91	67.86	-0.00	0.0606	10.48	461.0	387.76	0.0628	494.8	8.907	18.31	10.12	1.54
	19.52	28.88	67.88	-0.00	0.0605	10.46	460.5	387.11	0.0630	494.7	8.904	18.30	10.12	1.54
	20.53	28.85	67.88	-0.00	0.0604	10.45	459.7	386.44	0.0629	495.7	8.923	18.34	10.15	1.54
	21.53	28.86	67.86	0.00	0.0606	10.51	462.4	388.83	0.0634	502.6	9.047	18.60	10.35	1.54
	22.51	28.83	67.86	0.00	0.0607	10.51	462.5	388.87	0.0640	509.1	9.164	18.84	10.55	1.54
	23.51	28.81	67.86	-0.00	0.0607	10.49	461.6	388.12	0.0635	500.6	9.011	18.52	10.29	1.54
	24.52	28.79	67.86	-0.00	0.0608	10.52	463.0	389.28	0.0630	497.0	8.946	18.38	10.18	1.54
	25.51	28.79	67.86	0.00	0.0607	10.51	462.2	388.63	0.0636	500.5	9.008	18.51	10.29	1.54
	26.52	28.84	67.83	-0.00	0.0607	10.51	462.5	389.09	0.0638	506.5	9.116	18.74	10.47	1.54
	27.52	28.81	67.88	0.00	0.0606	10.50	461.8	388.15	0.0652	522.8	9.411	19.34	10.94	1.54
	28.50	28.83	67.86	-0.00	0.0606	10.50	461.8	388.32	0.0640	508.8	9.158	18.82	10.54	1.54
	29.52	28.87	67.86	0.00	0.0606	10.48	461.3	387.97	0.0639	502.8	9.051	18.61	10.36	1.54
	30.50	28.87	67.86	0.00	0.0606	10.48	461.1	387.77	0.0635	506.4	9.115	18.74	10.47	1.54
	31.50	28.85	67.86	0.00	0.0606	10.48	461.0	387.71	0.0643	509.8	9.176	18.86	10.57	1.54
	32.51	28.86	67.86	0.00	0.0605	10.47	460.6	387.34	0.0658	527.4	9.493	19.51	11.08	1.54
	33.59	28.84	67.86	0.00	0.0606	10.49	461.4	387.98	0.0662	530.4	9.546	19.62	11.16	1.54
	34.51	28.79	67.86	0.00	0.0606	10.48	461.2	387.79	0.0668	539.0	9.701	19.94	11.40	1.54
	35.51	28.81	67.88	-0.00	0.0606	10.52	462.7	388.92	0.0668	541.2	9.742	20.02	11.46	1.54
	36.52	28.86	67.86	-0.00	0.0607	10.51	462.6	389.01	0.0669	541.1	9.740	20.02	11.46	1.54
	37.52	28.84	67.83	-0.00	0.0607	10.49	461.6	388.27	0.0675	545.6	9.820	20.19	11.59	1.54
	38.50	28.83	67.86	0.00	0.0605	10.47	460.7	387.36	0.0670	542.0	9.756	20.05	11.49	1.54
	39.52	28.85	67.84	-0.00	0.0605	10.47	460.6	387.49	0.0671	544.0	9.791	20.13	11.54	1.54
	40.51	28.85	67.86	0.00	0.0605	10.46	460.1	386.89	0.0692	564.1	10.153	20.87	12.09	1.54
	41.50	28.88	67.86	0.00	0.0605	10.46	460.4	387.18	0.0693	563.2	10.137	20.84	12.07	1.54
	42.51	28.83	67.86	0.00	0.0606	10.49	461.6	388.12	0.0676	551.5	9.927	20.41	11.75	1.54
	43.51	28.85	67.86	0.00	0.0605	10.48	461.1	387.79	0.0680	553.8	9.969	20.49	11.82	1.54
	44.52	28.88	67.86	-0.00	0.0604	10.45	459.6	386.50	0.0678	551.2	9.921	20.39	11.74	1.54
	45.52	28.83	67.86	-0.00	0.0602	10.35	455.6	383.09	0.0681	562.5	10.125	20.81	12.05	1.54
	46.52	28.79	67.83	-0.00	0.0603	10.42	458.5	385.61	0.0679	552.6	9.948	20.45	11.78	1.54
	47.52	28.82	67.86	0.00	0.0604	10.43	459.1	386.03	0.0676	550.9	9.916	20.38	11.73	1.54
	48.52	28.81	67.86	-0.00	0.0604	10.44	459.2	386.05	0.0677	550.9	9.917	20.38	11.73	1.54
	49.51	28.83	67.86	0.00	0.0603	10.43	459.0	385.96	0.0678	551.2	9.921	20.39	11.74	1.54
	50.51	28.85	67.86	0.00	0.0604	10.44	459.5	386.40	0.0678	554.2	9.975	20.50	11.82	1.54
	51.53	28.87	67.83	-0.00	0.0602	10.42	458.6	385.79	0.0685	558.4	10.050	20.67	11.94	1.54
	52.51	28.81	67.86	0.00	0.0602	10.39	457.3	384.48	0.0689	564.6	10.163	20.89	12.11	1.54
	53.49	28.85	67.86	0.00	0.0601	10.39	457.3	384.60	0.0694	570.3	10.266	21.10	12.26	1.54
	54.51	28.83	67.86	0.00	0.0602	10.40	457.7	384.91	0.0684	561.4	10.106	20.77	12.02	1.54
	55.49	28.81	67.83	0.00	0.0601	10.39	457.0	384.45	0.0688	562.5	10.126	20.82	12.05	1.54
	56.50	28.86	67.88	0.00	0.0601	10.38	456.8	384.04	0.0686	561.7	10.111	20.78	12.03	1.54
	57.50	28.83	67.88	-0.00	0.0602	10.39	457.3	384.41	0.0681	555.7	10.003	20.55	11.87	1.54
	58.52	28.83	67.86	0.00	0.0602	10.39	457.0	384.29	0.0681	556.9	10.024	20.60	11.90	1.54
	59.51	28.83	67.86	0.00	0.0601	10.39	457.1	384.34	0.0689	563.5	10.143	20.85	12.08	1.54
	60.51	28.83	67.83	0.00	0.0600	10.34	455.1	382.81	0.0692	570.8	10.275	21.13	12.27	1.54
	61.53	28.81	67.89	-0.00	0.0600	10.35	455.6	382.93	0.0688	563.5	10.143	20.84	12.08	1.54
	62.51	28.78	67.86	0.00	0.0600	10.35	455.3	382.80	0.0691	568.3	10.230	21.02	12.20	1.54
	63.51	28.79	67.88	0.00	0.0600	10.35	455.3	382.63	0.0693	567.5	10.215	20.99	12.18	1.54
	64.51	28.79	67.86	-0.00	0.0600	10.35	455.3	382.77	0.0695	572.3	10.302	21.17	12.31	1.54
	65.52	28.76	67.86	-0.00	0.0599	10.34	455.1	382.60	0.0694	572.1	10.298	21.16	12.30	1.54
	66.50	28.74	67.88	0.00	0.0599	10.32	454.2	381.66	0.0697	574.8	10.346	21.25	12.37	1.54
	67.50	28.76	67.86	0.00	0.0599	10.33	454.4	381.98	0.0699	576.7	10.381	21.33	12.43	1.54
	68.50	28.78	67.86	-0.00	0.0598	10.33	454.4	382.04	0.0699	575.5	10.359	21.29	12.39	1.54
	69.51	28.81	67.86	0.00	0.0599	10.33	454.5	382.19	0.0701	574.4	10.338	21.25	12.37	1.54
	70.50	28.81	67.86	0.00	0.0599	10.33	454.7	382.31	0.0699	578.5	10.412	21.40	12.47	1.54
	71.51	28.83	67.88	-0.00	0.0596	10.28	452.3	380.23	0.0702	579.3	10.427	21.43	12.50	1.54
	72.51	28.81	67.86	0.00	0.0598	10.30	453.0	380.86	0.0697	577.8	10.400	21.38	12.46	1.55
	73.52	28.83	67.88	-0.00	0.0598	10.31	453.7	381.33	0.0700	579.3	10.428	21.43	12.50	1.54
	74.51	28.81	67.86	-0.00	0.0595	10.25	450.9	379.11	0.0714	593.7	10.687	21.97	12.87	1.54
	75.52	28.81	67.86	-0.00	0.0596	10.26	451.2	379.40	0.0706	588.1	10.586	21.76	12.73	1.54
	76.52	28.83	67.83	-0.00	0.0595	10.25	451.1	379.47	0.0715	596.1	10.729	22.06	12.93	1.54
	77.52	28.86	67.86	-0.00	0.0595	10.22	449.9	378.34	0.0720	602.0	10.836	22.27	13.09	1.54
	78.53	28.79	67.86	-0.00	0.0595	10.25	451.0	379.22	0.0716	598.7	10.776	22.15	13.00	1.55
	79.51	28.81	67.83	-0.00	0.0594	10.21	449.3	377.97	0.0718	601.0	10.819	22.25	13.06	1.54
	80.53	28.84	67.86	-0.00	0.0593	10.20	448.7	377.35	0.0721	602.8	10.850	22.30	13.10	1.54
	81.51	28.81	67.86	-0.00	0.0588	10.12	445.3	374.41	0.0738	619.5	11.151	22.92	13.52	1.54
	82.51	28.81	67.81	0.00	0.0592	10.18	447.7	376.73	0.0723	609.6	10.972	22.57	13.27	1.54
	83.51	28.79	67.85	0.00	0.0593	10.19	448.3	376.95	0.0723	604.9	10.889	22.38	13.16	1.55
	84.49	28.79	67.86	0.00	0.0592	10.19	448.4	377.04	0.0722	607.0	10.927	22.46	13.21	1.55
	85.50	28.78	67.86	0.00	0.0592	10.13	445.8	374.83	0.0731	625.9	11.266	23.15	13.68	1.54
	86.50	28.79	67.86	0.00	0.0592	10.20	448.6	377.19	0.0730	613.3	11.039	22.69	13.37	1.54
	87.52	28.79	67.86	0.00	0.0592	10.16	447.3	376.05	0.0737	627.1	11.287	23.20	13.71	1.54
	88.50	28.78	67.86	-0.00	0.0592	10.18	448.0	376.61	0.0740	625.3	11.255	23.13	13.66	1.54
	89.51	28.81	67.86	-0.00	0.0593	10.20	448.7	377.32	0.0729	615.6	11.080	22.77	13.42	1.55
	90.51	28.83	67.86	-0.00	0.0593	10.19	448.5	377.14	0.0729	611.1	11.000	22.61	13.31	1.55
	91.51	28.83	67.86	-0.00	0.0592	10.19	448.4	377.07	0.0722	607.4	10.933	22.47	13.22	1.55
	92.51	28.87	67.86	0.00	0.0592	10.18	448.1	376.86	0.0729	614.2	11.055	22.73	13.39	1.55
	93.52	28.85	67.86	0.00	0.0591	10.16	447.0	375.90	0.0740	622.9	11.211	23.05	13.61	1.55
	94.50	28.81	67.86	0.00	0.0592	10.17	447.4	376.21	0.0728	617.1	11.108	22.83	13.46	1.55
	95.52	28.80	67.86	0.00	0.0591	10.15	446.8	375.63	0.0739	623.7	11.227	23.07	13.63	1.55
	96.52	28.78	67.86	0.00	0.0586	10.04	441.8	371.47	0.0758	651.9	11.734	24.11	14.31	1.55
	97.50	28.74	67.83	0.00	0.0586	10.04	441.6	371.37	0.0758	654.3	11.777	24.21	14.36	1.55
	98.51	28.72	67.89	-0.00	0.0587	10.06	442.8	372.08	0.0754	646.6	11.638	23.90	14.18	1.55
	99.51	28.66	67.83	0.00	0.0589	10.09	444.1	373.34	0.0742	639.1	11.503	23.64	13.99	1.55
	100.51	28.66	67.86	-0.00	0.0585	10.05	442.1	371.52	0.0764	653.5	11.762	24.16	14.34	1.55
	101.49	28.64	67.86	0.00	0.0581	9.94	437.2	367.43	0.0786	685.3	12.335	25.34	15.07	1.55
	102.59	28.68	67.88	-0.00	0.0581	9.93	436.8	366.96	0.0786	689.7	12.414	25.50	15.17	1.55
	103.49	28.68	67.86	0.00	0.0582	9.96	438.1	368.24	0.0778	677.7	12.199	25.06	14.90	1.55
	104.52	28.72	67.88	-0.00	0.0583	9.98	439.0	368.93	0.0783	684.5	12.321	25.31	15.06	1.55
	105.50	28.70	67.90	-0.00	0.0584	10.00	440.2	369.72	0.0772	672.6	12.107	24.86	14.79	1.55
	106.49	28.72	67.86	0.00	0.0584	10.00	440.2	369.98	0.0769	664.7	11.965	24.59	14.60	1.55
	107.52	28.71	67.86	0.00	0.0584	10.00	440.0	369.82	0.0769	666.1	11.991	24.64	14.64	1.55
	108.51	28.72	67.83	-0.00	0.0584	10.01	440.5	370.42	0.0770	668.0	12.024	24.72	14.68	1.55
	109.51	28.72	67.86	0.00	0.0584	10.00	439.8	369.71	0.0769	666.1	11.989	24.63	14.64	1.55
	110.51	28.72	67.88	-0.00	0.0586	10.05	442.0	371.42	0.0763	657.3	11.831	24.30	14.43	1.55
	111.49	28.76	67.86	0.00	0.0587	10.07	443.3	372.67	0.0752	644.3	11.598	23.83	14.12	1.55
	112.51	28.79	67.86	0.00	0.0585	10.03	441.4	371.11	0.0760	652.8	11.750	24.15	14.33	1.55
	113.51	28.86	67.88	-0.00	0.0585	10.02	440.9	370.65	0.0767	665.5	11.979	24.62	14.63	1.55
	114.50	28.83	67.86	-0.00	0.0585	10.02	440.9	370.73	0.0767	662.7	11.928	24.52	14.56	1.55
	115.50	28.91	67.86	-0.00	0.0585	10.02	441.0	370.89	0.0767	664.3	11.958	24.59	14.60	1.55
	116.52	28.89	67.85	-0.00	0.0585	10.03	441.4	371.28	0.0765	659.5	11.871	24.41	14.49	1.55
	117.52	28.89	67.86	0.00	0.0584	10.02	440.8	370.72	0.0767	661.3	11.904	24.47	14.53	1.55
	118.51	28.87	67.88	-0.00	0.0585	10.04	441.7	371.38	0.0764	657.7	11.839	24.33	14.45	1.55
	119.53	28.89	67.86	-0.00	0.0588	10.05	442.3	371.97	0.0755	654.5	11.781	24.22	14.37	1.55
	120.51	28.88	67.83	-0.00	0.0587	10.07	442.9	372.64	0.0758	653.7	11.767	24.20	14.35	1.55
