Jul 27 2015 at 9:56:51
Frequency: 1.00Hz.
CO2
Zero:  Value:0.95  Date:18 Mar 2005	 at 07:22:33	
Span:  Value:1.00  Date:18 Mar 2005	 at 07:25:09	
H2O
Zero:  Value:0.71  Date:18 Mar 2005	 at 07:52:31	
Span:  Value:0.99  Date:18 Mar 2005	 at 11:44:01	
	Relative Time	Temperature	Pressure	Aux Input	CO2 Absorptance	CO2 mmol/m3	CO2 mg/m3	CO2 umol/mol	H2O Absorptance	H2O mmol/m3	H2O g/m3	H2O mmol/mol	H2O(°C)	Cooler Voltage
	0.09	23.48	69.61	0.00	0.0623	10.78	474.2	381.85	0.0736	616.8	11.102	21.85	13.18	1.53
	1.09	23.49	69.60	-0.00	0.0622	10.75	473.1	380.99	0.0740	620.3	11.165	21.98	13.27	1.53
	2.09	23.49	69.61	0.00	0.0621	10.74	472.8	380.71	0.0742	621.8	11.192	22.03	13.31	1.53
	3.09	23.49	69.63	-0.00	0.0618	10.68	470.0	378.34	0.0743	626.9	11.284	22.20	13.43	1.53
	4.10	23.50	69.61	-0.00	0.0617	10.64	468.3	377.12	0.0743	622.6	11.206	22.06	13.33	1.53
	5.08	23.50	69.61	0.00	0.0618	10.66	469.1	377.75	0.0743	622.9	11.213	22.07	13.33	1.53
	6.08	23.50	69.63	0.00	0.0616	10.63	467.5	376.40	0.0742	622.2	11.199	22.04	13.32	1.53
	7.10	23.50	69.58	-0.00	0.0616	10.63	467.6	376.68	0.0740	619.3	11.147	21.95	13.25	1.53
	8.08	23.50	69.60	0.00	0.0615	10.61	467.0	376.10	0.0737	616.9	11.104	21.86	13.19	1.53
	9.10	23.51	69.60	-0.00	0.0615	10.61	467.0	376.11	0.0735	615.9	11.086	21.82	13.16	1.53
	10.08	23.50	69.60	0.00	0.0615	10.62	467.1	376.16	0.0737	618.0	11.124	21.90	13.21	1.53
	11.08	23.50	69.60	0.00	0.0616	10.61	466.8	375.94	0.0736	615.6	11.080	21.81	13.15	1.53
	12.11	23.50	69.63	-0.00	0.0615	10.60	466.2	375.31	0.0735	614.8	11.067	21.78	13.13	1.53
	13.10	23.50	69.60	-0.00	0.0617	10.65	468.8	377.52	0.0736	613.9	11.049	21.75	13.11	1.53
	14.10	23.50	69.63	0.00	0.0617	10.66	469.2	377.74	0.0733	613.0	11.035	21.71	13.09	1.53
	15.09	23.50	69.60	0.00	0.0618	10.67	469.5	378.08	0.0733	612.4	11.023	21.70	13.07	1.53
	16.08	23.52	69.60	0.00	0.0616	10.63	467.8	376.79	0.0734	613.6	11.045	21.74	13.10	1.53
	17.10	23.52	69.60	-0.00	0.0616	10.62	467.3	376.34	0.0735	613.3	11.039	21.73	13.10	1.54
	18.08	23.53	69.60	0.00	0.0618	10.67	469.3	377.96	0.0740	620.6	11.171	21.99	13.28	1.54
	19.09	23.54	69.60	-0.00	0.0614	10.60	466.6	375.81	0.0732	614.8	11.066	21.79	13.13	1.54
	20.09	23.54	69.60	-0.00	0.0616	10.62	467.5	376.50	0.0739	616.3	11.094	21.84	13.17	1.54
	21.09	23.54	69.60	-0.00	0.0614	10.60	466.5	375.75	0.0735	615.4	11.077	21.81	13.15	1.53
	22.07	23.53	69.60	0.00	0.0613	10.55	464.4	374.02	0.0731	608.1	10.946	21.55	12.97	1.54
	23.07	23.52	69.63	0.00	0.0615	10.61	466.9	375.92	0.0735	614.7	11.064	21.77	13.13	1.54
	24.07	23.54	69.63	0.00	0.0616	10.63	467.8	376.66	0.0737	615.7	11.083	21.81	13.16	1.54
	25.09	23.52	69.61	0.00	0.0617	10.65	468.7	377.47	0.0739	619.3	11.148	21.95	13.25	1.54
	26.08	23.53	69.63	-0.00	0.0616	10.62	467.4	376.30	0.0738	615.9	11.086	21.82	13.16	1.54
	27.08	23.54	69.60	-0.00	0.0618	10.67	469.4	378.10	0.0744	624.4	11.240	22.13	13.37	1.53
	28.08	23.54	69.63	-0.00	0.0616	10.66	469.0	377.64	0.0741	623.5	11.224	22.09	13.35	1.54
	29.17	23.54	69.61	-0.00	0.0614	10.60	466.2	375.49	0.0734	613.8	11.048	21.75	13.11	1.54
	30.08	23.52	69.60	0.00	0.0614	10.59	466.2	375.44	0.0733	612.7	11.029	21.71	13.08	1.54
	31.09	23.55	69.60	0.00	0.0615	10.62	467.2	376.34	0.0736	616.1	11.090	21.83	13.17	1.54
	32.07	23.56	69.63	0.00	0.0614	10.60	466.2	375.40	0.0735	614.3	11.057	21.76	13.12	1.54
	33.09	23.54	69.63	0.00	0.0612	10.56	464.6	374.05	0.0732	611.1	11.000	21.65	13.04	1.54
	34.09	23.55	69.58	-0.00	0.0614	10.57	465.2	374.81	0.0733	611.3	11.004	21.67	13.05	1.54
	35.10	23.57	69.60	-0.00	0.0614	10.58	465.7	375.12	0.0734	612.2	11.020	21.70	13.07	1.54
	36.08	23.57	69.58	-0.00	0.0615	10.60	466.4	375.83	0.0735	615.1	11.071	21.81	13.14	1.54
	37.08	23.61	69.61	0.00	0.0617	10.64	468.2	377.22	0.0746	625.9	11.267	22.19	13.41	1.54
	38.08	23.59	69.60	0.00	0.0617	10.66	469.0	377.81	0.0748	630.9	11.356	22.36	13.54	1.54
	39.09	23.59	69.60	-0.00	0.0617	10.66	469.0	377.82	0.0747	629.2	11.325	22.30	13.49	1.54
	40.08	23.59	69.63	0.00	0.0617	10.65	468.7	377.42	0.0743	626.2	11.271	22.19	13.42	1.54
	41.08	23.61	69.60	0.00	0.0616	10.63	467.7	376.78	0.0740	620.8	11.175	22.01	13.29	1.54
	42.10	23.59	69.60	-0.00	0.0617	10.65	468.5	377.42	0.0741	621.9	11.194	22.04	13.31	1.54
	43.09	23.61	69.61	-0.00	0.0617	10.64	468.2	377.19	0.0743	624.8	11.246	22.15	13.39	1.54
	44.10	23.59	69.60	-0.00	0.0616	10.64	468.0	376.98	0.0743	623.3	11.219	22.09	13.35	1.54
	45.08	23.61	69.61	-0.00	0.0615	10.61	466.7	375.97	0.0742	622.6	11.206	22.07	13.33	1.54
	46.08	23.61	69.61	0.00	0.0616	10.61	466.7	375.94	0.0742	621.9	11.194	22.04	13.32	1.54
	47.08	23.60	69.60	0.00	0.0613	10.58	465.4	374.94	0.0739	618.9	11.140	21.94	13.24	1.54
	48.09	23.57	69.60	0.00	0.0615	10.61	466.9	376.06	0.0741	622.8	11.211	22.08	13.34	1.54
	49.08	23.61	69.60	0.00	0.0614	10.59	466.0	375.46	0.0741	621.3	11.184	22.02	13.30	1.54
	50.09	23.63	69.60	-0.00	0.0614	10.59	466.0	375.44	0.0742	624.4	11.239	22.13	13.38	1.54
	51.08	23.64	69.58	0.00	0.0616	10.63	467.9	377.09	0.0749	631.8	11.372	22.41	13.56	1.54
	52.07	23.60	69.61	0.00	0.0616	10.64	468.0	377.02	0.0749	632.2	11.380	22.41	13.57	1.54
	53.07	23.65	69.58	0.00	0.0617	10.64	468.3	377.45	0.0747	629.6	11.332	22.33	13.50	1.54
	54.09	23.62	69.60	0.00	0.0615	10.62	467.2	376.37	0.0743	626.0	11.269	22.19	13.42	1.54
	55.08	23.61	69.63	-0.00	0.0614	10.60	466.5	375.65	0.0743	625.5	11.259	22.16	13.40	1.54
	56.10	23.64	69.60	-0.00	0.0614	10.59	465.7	375.25	0.0743	624.7	11.244	22.15	13.39	1.54
	57.08	23.63	69.60	-0.00	0.0616	10.63	467.8	376.91	0.0750	633.1	11.395	22.44	13.59	1.54
	58.09	23.63	69.60	0.00	0.0617	10.65	468.6	377.57	0.0752	635.7	11.442	22.53	13.65	1.54
	59.08	23.63	69.60	0.00	0.0616	10.63	467.9	376.97	0.0749	633.8	11.408	22.47	13.61	1.54
	60.09	23.64	69.60	0.00	0.0615	10.62	467.1	376.34	0.0748	631.3	11.363	22.38	13.55	1.54
	61.07	23.62	69.60	0.00	0.0616	10.64	468.1	377.13	0.0751	634.1	11.413	22.48	13.61	1.54
	62.10	23.64	69.60	-0.00	0.0617	10.66	468.9	377.79	0.0753	637.3	11.472	22.59	13.69	1.54
	63.07	23.62	69.61	0.00	0.0618	10.67	469.5	378.26	0.0762	647.4	11.653	22.95	13.93	1.54
	64.08	23.66	69.60	0.00	0.0617	10.66	468.8	377.78	0.0761	649.1	11.684	23.01	13.98	1.54
	65.08	23.64	69.61	0.00	0.0616	10.63	467.9	377.01	0.0755	640.8	11.535	22.72	13.78	1.54
	66.10	23.62	69.66	-0.00	0.0617	10.64	468.1	376.86	0.0758	642.3	11.561	22.75	13.81	1.54
	67.08	23.64	69.61	0.00	0.0617	10.65	468.6	377.58	0.0755	640.5	11.529	22.71	13.77	1.54
	68.09	23.64	69.58	-0.00	0.0616	10.63	467.7	376.99	0.0755	638.8	11.498	22.65	13.73	1.54
	69.08	23.66	69.65	0.00	0.0615	10.63	467.5	376.44	0.0753	637.6	11.478	22.59	13.70	1.54
	70.09	23.66	69.60	-0.00	0.0616	10.63	467.9	377.02	0.0755	640.6	11.530	22.71	13.77	1.54
	71.07	23.66	69.60	0.00	0.0615	10.61	467.0	376.32	0.0754	639.3	11.507	22.66	13.74	1.55
	72.10	23.66	69.58	0.00	0.0616	10.64	468.0	377.20	0.0757	642.8	11.570	22.80	13.83	1.55
	73.09	23.66	69.60	0.00	0.0615	10.61	467.0	376.31	0.0756	640.9	11.536	22.72	13.78	1.54
	74.08	23.70	69.60	-0.00	0.0617	10.66	468.8	377.83	0.0760	645.3	11.615	22.88	13.89	1.54
	75.08	23.66	69.61	0.00	0.0616	10.64	468.0	377.10	0.0758	643.4	11.581	22.81	13.84	1.55
	76.08	23.68	69.63	-0.00	0.0615	10.61	466.7	375.94	0.0758	641.6	11.549	22.74	13.80	1.55
	77.08	23.66	69.60	0.00	0.0615	10.63	467.7	376.84	0.0758	644.1	11.595	22.84	13.86	1.55
	78.09	23.66	69.61	-0.00	0.0614	10.59	465.9	375.39	0.0755	639.8	11.517	22.68	13.75	1.55
	79.09	23.68	69.63	0.00	0.0613	10.58	465.5	374.93	0.0753	638.9	11.500	22.64	13.73	1.55
	80.09	23.68	69.63	-0.00	0.0613	10.59	465.7	375.15	0.0755	640.3	11.526	22.69	13.77	1.55
	81.09	23.66	69.63	-0.00	0.0612	10.55	464.0	373.74	0.0753	636.3	11.454	22.55	13.67	1.55
	82.10	23.69	69.63	-0.00	0.0613	10.55	464.2	373.99	0.0754	637.4	11.473	22.59	13.70	1.55
	83.07	23.70	69.60	0.00	0.0614	10.58	465.7	375.30	0.0757	641.7	11.550	22.75	13.80	1.55
	84.08	23.70	69.58	0.00	0.0615	10.59	466.1	375.75	0.0759	641.7	11.550	22.76	13.80	1.55
	85.08	23.70	69.60	-0.00	0.0617	10.66	469.1	378.08	0.0763	649.4	11.690	23.03	13.99	1.55
	86.08	23.70	69.63	0.00	0.0615	10.62	467.2	376.32	0.0759	646.3	11.634	22.91	13.91	1.55
	87.08	23.70	69.61	-0.00	0.0615	10.60	466.6	375.99	0.0757	642.1	11.557	22.77	13.81	1.55
	88.08	23.71	69.60	0.00	0.0615	10.63	467.6	376.86	0.0760	646.0	11.628	22.91	13.91	1.55
	89.09	23.71	69.60	0.00	0.0617	10.63	467.8	376.97	0.0763	647.3	11.652	22.95	13.94	1.55
	90.09	23.70	69.61	0.00	0.0615	10.61	467.0	376.29	0.0762	648.3	11.669	22.99	13.96	1.55
	91.09	23.71	69.60	0.00	0.0614	10.59	466.1	375.59	0.0760	645.9	11.627	22.90	13.90	1.55
	92.10	23.71	69.61	-0.00	0.0614	10.59	465.9	375.49	0.0763	648.7	11.677	23.00	13.97	1.55
	93.10	23.71	69.60	-0.00	0.0616	10.62	467.4	376.70	0.0766	653.2	11.757	23.16	14.07	1.55
	94.10	23.71	69.58	-0.00	0.0615	10.60	466.5	376.06	0.0764	651.1	11.719	23.10	14.03	1.55
	95.11	23.73	69.62	-0.00	0.0616	10.63	467.5	376.70	0.0766	652.9	11.752	23.15	14.07	1.55
	96.16	23.71	69.60	0.00	0.0616	10.63	467.8	376.96	0.0768	655.6	11.801	23.25	14.13	1.55
	97.09	23.71	69.60	-0.00	0.0615	10.61	467.0	376.33	0.0767	653.8	11.769	23.18	14.09	1.55
	98.08	23.71	69.60	0.00	0.0615	10.60	466.6	376.04	0.0765	652.2	11.739	23.13	14.05	1.55
	99.09	23.73	69.60	0.00	0.0613	10.58	465.4	375.07	0.0762	649.4	11.689	23.03	13.99	1.55
	100.07	23.73	69.63	-0.00	0.0612	10.57	464.9	374.51	0.0761	648.3	11.670	22.98	13.96	1.55
	101.09	23.73	69.60	-0.00	0.0614	10.59	466.1	375.67	0.0765	652.6	11.746	23.14	14.06	1.55
	102.07	23.73	69.63	0.00	0.0615	10.61	466.7	375.97	0.0765	653.4	11.761	23.16	14.08	1.55
	103.08	23.73	69.60	-0.00	0.0614	10.58	465.6	375.27	0.0763	649.7	11.695	23.04	13.99	1.55
	104.08	23.73	69.63	0.00	0.0613	10.56	464.7	374.35	0.0762	648.2	11.668	22.98	13.96	1.55
	105.08	23.74	69.60	0.00	0.0616	10.60	466.6	376.04	0.0765	651.4	11.724	23.10	14.03	1.56
	106.08	23.77	69.60	0.00	0.0616	10.64	468.3	377.50	0.0767	657.4	11.833	23.32	14.18	1.55
	107.09	23.75	69.60	-0.00	0.0616	10.62	467.2	376.53	0.0768	655.1	11.792	23.23	14.12	1.55
	108.09	23.75	69.60	-0.00	0.0616	10.64	468.1	377.30	0.0771	659.8	11.876	23.40	14.23	1.55
	109.09	23.77	69.60	-0.00	0.0616	10.62	467.5	376.79	0.0770	659.1	11.864	23.38	14.22	1.55
	110.07	23.75	69.63	0.00	0.0614	10.60	466.6	375.94	0.0767	655.4	11.798	23.24	14.13	1.55
	111.09	23.74	69.65	0.00	0.0612	10.55	464.2	373.89	0.0764	651.4	11.725	23.08	14.03	1.56
	112.07	23.76	69.60	0.00	0.0618	10.68	469.8	378.72	0.0782	675.3	12.156	23.95	14.59	1.56
	113.10	23.77	69.61	0.00	0.0617	10.65	468.6	377.74	0.0777	666.9	12.004	23.65	14.40	1.56
	114.07	23.77	69.60	0.00	0.0618	10.67	469.6	378.55	0.0779	670.9	12.075	23.79	14.49	1.55
	115.08	23.76	69.61	0.00	0.0616	10.65	468.6	377.69	0.0776	668.3	12.029	23.70	14.43	1.55
	116.08	23.78	69.61	0.00	0.0617	10.65	468.5	377.66	0.0775	665.9	11.986	23.62	14.38	1.56
	117.08	23.77	69.61	0.00	0.0616	10.62	467.3	376.63	0.0773	662.6	11.926	23.50	14.30	1.56
	118.08	23.78	69.61	0.00	0.0618	10.66	469.0	378.02	0.0779	667.1	12.008	23.66	14.40	1.56
	119.09	23.78	69.61	-0.00	0.0618	10.68	470.1	378.91	0.0779	671.3	12.083	23.81	14.50	1.56
	120.09	23.78	69.60	0.00	0.0615	10.62	467.4	376.74	0.0774	662.8	11.930	23.51	14.30	1.56
	121.10	23.78	69.60	-0.00	0.0616	10.62	467.1	376.50	0.0774	662.5	11.926	23.50	14.30	1.56
	122.09	23.78	69.66	0.00	0.0616	10.61	466.9	376.05	0.0774	663.2	11.937	23.50	14.31	1.56
	123.08	23.80	69.60	0.00	0.0616	10.62	467.5	376.86	0.0775	665.3	11.976	23.60	14.36	1.56
	124.10	23.80	69.60	-0.00	0.0616	10.63	467.6	376.96	0.0776	667.6	12.017	23.68	14.42	1.56
