Jul 27 2015 at 14:13:18
Frequency: 1.00Hz.
CO2
Zero:  Value:0.95  Date:18 Mar 2005	 at 07:22:33	
Span:  Value:1.00  Date:18 Mar 2005	 at 07:25:09	
H2O
Zero:  Value:0.71  Date:18 Mar 2005	 at 07:52:31	
Span:  Value:0.99  Date:18 Mar 2005	 at 11:44:01	
	Relative Time	Temperature	Pressure	Aux Input	CO2 Absorptance	CO2 mmol/m3	CO2 mg/m3	CO2 umol/mol	H2O Absorptance	H2O mmol/m3	H2O g/m3	H2O mmol/mol	H2O(°C)	Cooler Voltage
	0.27	30.18	67.86	-0.00	0.0608	10.52	462.9	391.02	0.0621	486.0	8.747	18.06	9.92	1.57
	1.26	30.19	67.88	0.00	0.0607	10.50	462.1	390.17	0.0627	489.3	8.808	18.18	10.02	1.57
	2.26	30.17	67.86	-0.00	0.0606	10.49	461.8	389.98	0.0629	492.7	8.869	18.31	10.12	1.57
	3.26	30.15	67.86	-0.00	0.0606	10.49	461.7	389.93	0.0631	496.7	8.941	18.46	10.24	1.57
	4.26	30.10	67.86	0.00	0.0605	10.46	460.5	388.82	0.0635	501.6	9.030	18.64	10.39	1.57
	5.26	30.16	67.83	-0.00	0.0604	10.45	460.0	388.64	0.0635	501.9	9.034	18.66	10.40	1.57
	6.26	30.14	67.86	0.00	0.0604	10.45	459.6	388.16	0.0634	500.7	9.012	18.60	10.36	1.57
	7.24	30.16	67.86	0.00	0.0604	10.44	459.2	387.87	0.0633	498.1	8.966	18.51	10.28	1.57
	8.28	30.14	67.89	-0.00	0.0603	10.43	459.0	387.44	0.0632	497.8	8.960	18.49	10.27	1.57
	9.27	30.14	67.88	-0.00	0.0603	10.43	458.9	387.42	0.0631	496.8	8.942	18.45	10.24	1.57
	10.28	30.17	67.88	-0.00	0.0602	10.41	458.1	386.81	0.0633	500.0	9.001	18.58	10.34	1.57
	11.26	30.12	67.88	0.00	0.0603	10.43	458.7	387.22	0.0635	502.4	9.044	18.66	10.41	1.57
	12.26	30.14	67.88	0.00	0.0602	10.40	457.7	386.44	0.0638	505.0	9.089	18.76	10.49	1.57
	13.29	30.17	67.88	0.00	0.0603	10.40	457.8	386.51	0.0638	504.7	9.084	18.75	10.48	1.57
	14.24	30.15	67.86	0.00	0.0602	10.40	457.6	386.49	0.0644	509.8	9.176	18.94	10.63	1.57
	15.26	30.14	67.88	0.00	0.0601	10.37	456.4	385.31	0.0648	516.5	9.297	19.19	10.83	1.57
	16.25	30.19	67.86	0.00	0.0600	10.36	455.6	384.85	0.0649	521.3	9.384	19.37	10.97	1.57
	17.25	30.14	67.88	0.00	0.0600	10.36	455.8	384.77	0.0649	517.9	9.323	19.24	10.87	1.57
	18.27	30.15	67.88	-0.00	0.0599	10.34	455.1	384.21	0.0657	525.9	9.466	19.54	11.10	1.57
	19.27	30.14	67.86	-0.00	0.0599	10.33	454.6	383.97	0.0650	521.0	9.378	19.36	10.96	1.57
	20.25	30.14	67.86	0.00	0.0599	10.35	455.2	384.48	0.0643	512.1	9.218	19.03	10.70	1.57
	21.25	30.12	67.88	0.00	0.0599	10.35	455.3	384.35	0.0642	509.1	9.164	18.91	10.61	1.57
	22.25	30.14	67.86	0.00	0.0600	10.35	455.4	384.63	0.0645	512.1	9.219	19.03	10.70	1.57
	23.24	30.16	67.86	0.00	0.0600	10.35	455.2	384.48	0.0649	519.2	9.345	19.29	10.90	1.58
	24.27	30.16	67.86	-0.00	0.0599	10.34	455.0	384.30	0.0651	521.3	9.383	19.37	10.97	1.57
	25.26	30.18	67.83	0.00	0.0599	10.33	454.6	384.09	0.0663	526.5	9.476	19.57	11.12	1.57
	26.25	30.19	67.86	0.00	0.0599	10.32	454.3	383.73	0.0660	531.4	9.565	19.75	11.26	1.57
	27.25	30.21	67.88	0.00	0.0598	10.33	454.4	383.74	0.0667	539.2	9.705	20.03	11.48	1.57
	28.27	30.20	67.86	0.00	0.0597	10.31	453.5	383.11	0.0685	556.2	10.011	20.67	11.95	1.57
	29.27	30.18	67.86	-0.00	0.0596	10.27	451.8	381.62	0.0695	573.6	10.325	21.32	12.42	1.57
	30.28	30.23	67.88	-0.00	0.0596	10.27	451.9	381.61	0.0696	573.3	10.319	21.30	12.41	1.57
	31.25	30.18	67.88	0.00	0.0596	10.27	451.7	381.39	0.0693	571.6	10.289	21.24	12.36	1.57
	32.24	30.18	67.88	0.00	0.0596	10.26	451.4	381.11	0.0684	561.3	10.104	20.85	12.09	1.57
	33.26	30.16	67.88	-0.00	0.0595	10.26	451.2	380.97	0.0690	564.9	10.168	20.99	12.18	1.58
	34.24	30.18	67.88	0.00	0.0596	10.26	451.4	381.15	0.0687	562.6	10.127	20.90	12.12	1.58
	35.33	30.14	67.81	-0.00	0.0596	10.27	452.1	382.07	0.0684	559.1	10.064	20.79	12.02	1.58
	36.26	30.21	67.86	-0.00	0.0595	10.25	451.1	381.04	0.0684	559.0	10.062	20.78	12.02	1.57
	37.25	30.20	67.86	0.00	0.0596	10.26	451.3	381.20	0.0684	559.9	10.078	20.81	12.05	1.57
	38.31	30.18	67.86	0.00	0.0595	10.25	451.1	381.02	0.0686	561.6	10.108	20.87	12.09	1.57
	39.27	30.20	67.83	-0.00	0.0595	10.24	450.7	380.80	0.0689	564.3	10.158	20.98	12.17	1.58
	40.25	30.20	67.86	0.00	0.0595	10.23	450.3	380.33	0.0688	566.6	10.199	21.06	12.23	1.58
	41.28	30.23	67.86	-0.00	0.0596	10.26	451.3	381.29	0.0689	564.8	10.167	20.99	12.18	1.58
	42.26	30.23	67.86	0.00	0.0595	10.24	450.7	380.72	0.0686	562.5	10.125	20.91	12.12	1.58
	43.26	30.20	67.86	0.00	0.0593	10.22	449.5	379.65	0.0693	567.7	10.219	21.10	12.26	1.58
	44.27	30.25	67.86	-0.00	0.0594	10.21	449.2	379.53	0.0698	575.6	10.361	21.40	12.47	1.57
	45.26	30.22	67.86	-0.00	0.0593	10.20	448.6	378.95	0.0700	577.3	10.391	21.46	12.51	1.58
	46.25	30.23	67.86	0.00	0.0592	10.19	448.3	378.69	0.0697	576.1	10.370	21.41	12.48	1.58
	47.33	30.22	67.88	-0.00	0.0593	10.20	448.6	378.85	0.0690	567.9	10.222	21.10	12.26	1.58
	48.24	30.25	67.86	0.00	0.0592	10.18	448.1	378.58	0.0696	572.2	10.299	21.27	12.38	1.58
	49.25	30.21	67.86	0.00	0.0592	10.17	447.7	378.17	0.0698	577.0	10.386	21.45	12.51	1.58
	50.25	30.26	67.86	0.00	0.0593	10.20	448.6	379.02	0.0695	571.8	10.292	21.26	12.37	1.58
	51.28	30.26	67.86	0.00	0.0592	10.18	448.1	378.61	0.0694	573.1	10.316	21.30	12.41	1.58
	52.26	30.20	67.88	-0.00	0.0592	10.17	447.5	377.89	0.0698	576.8	10.383	21.43	12.50	1.58
	53.24	30.21	67.88	0.00	0.0592	10.18	447.9	378.22	0.0697	574.8	10.347	21.36	12.45	1.58
	54.26	30.20	67.88	0.00	0.0591	10.17	447.3	377.69	0.0701	579.7	10.435	21.54	12.58	1.58
	55.24	30.18	67.81	0.00	0.0591	10.15	446.5	377.44	0.0704	582.9	10.492	21.68	12.66	1.58
	56.27	30.19	67.86	-0.00	0.0590	10.13	445.7	376.43	0.0706	585.3	10.536	21.75	12.72	1.58
	57.25	30.17	67.88	-0.00	0.0589	10.13	445.6	376.19	0.0710	586.1	10.549	21.77	12.74	1.58
	58.25	30.18	67.86	0.00	0.0588	10.11	445.0	375.84	0.0713	587.3	10.571	21.82	12.77	1.58
	59.25	30.18	67.89	0.00	0.0586	10.04	441.8	372.99	0.0724	608.9	10.960	22.62	13.33	1.58
	60.25	30.21	67.88	-0.00	0.0587	10.05	442.4	373.59	0.0718	607.7	10.939	22.58	13.30	1.58
	61.28	30.18	67.88	-0.00	0.0585	10.01	440.4	371.82	0.0724	607.1	10.929	22.56	13.28	1.58
	62.26	30.18	67.86	-0.00	0.0585	10.02	440.7	372.22	0.0735	620.0	11.160	23.04	13.60	1.58
	63.26	30.21	67.88	0.00	0.0583	10.00	440.1	371.61	0.0733	620.3	11.165	23.05	13.61	1.58
	64.26	30.17	67.86	0.00	0.0583	9.98	439.3	371.02	0.0738	627.0	11.286	23.30	13.78	1.58
	65.25	30.18	67.86	0.00	0.0583	9.99	439.4	371.15	0.0734	621.1	11.180	23.08	13.63	1.58
	66.25	30.18	67.88	0.00	0.0583	9.99	439.5	371.08	0.0737	624.2	11.235	23.19	13.71	1.58
	67.25	30.21	67.86	0.00	0.0582	9.96	438.1	370.05	0.0741	628.1	11.305	23.34	13.80	1.58
	68.25	30.23	67.86	0.00	0.0580	9.92	436.6	368.80	0.0744	631.4	11.365	23.47	13.89	1.58
	69.25	30.16	67.86	0.00	0.0580	9.91	436.2	368.39	0.0742	631.3	11.364	23.46	13.88	1.58
	70.26	30.21	67.86	-0.00	0.0581	9.93	436.9	369.07	0.0740	629.1	11.324	23.38	13.83	1.58
	71.26	30.16	67.86	-0.00	0.0582	9.95	437.8	369.80	0.0741	629.3	11.327	23.38	13.83	1.58
	72.24	30.16	67.86	0.00	0.0582	9.95	437.8	369.78	0.0742	629.8	11.336	23.40	13.84	1.58
	73.24	30.16	67.88	0.00	0.0582	9.94	437.5	369.35	0.0746	635.1	11.431	23.59	13.97	1.58
	74.26	30.16	67.86	-0.00	0.0584	9.98	439.3	370.99	0.0743	634.7	11.425	23.59	13.96	1.58
	75.27	30.18	67.86	-0.00	0.0586	10.03	441.5	372.88	0.0736	623.1	11.216	23.16	13.68	1.58
	76.27	30.18	67.86	0.00	0.0583	9.99	439.6	371.32	0.0750	640.1	11.522	23.79	14.10	1.58
	77.25	30.14	67.86	0.00	0.0583	9.99	439.6	371.22	0.0748	640.1	11.522	23.79	14.09	1.58
	78.27	30.20	67.86	0.00	0.0579	9.91	436.0	368.27	0.0756	649.2	11.685	24.13	14.31	1.58
	79.25	30.18	67.86	0.00	0.0579	9.89	435.3	367.65	0.0756	648.2	11.668	24.09	14.29	1.58
	80.25	30.19	67.83	0.00	0.0581	9.93	436.7	369.01	0.0752	643.7	11.587	23.93	14.18	1.58
	81.32	30.19	67.83	0.00	0.0578	9.89	435.1	367.68	0.0762	654.5	11.782	24.34	14.44	1.58
	82.24	30.22	67.86	0.00	0.0582	9.93	436.9	369.10	0.0755	647.5	11.655	24.07	14.28	1.58
	83.26	30.16	67.88	0.00	0.0578	9.89	435.2	367.43	0.0767	657.4	11.833	24.42	14.51	1.58
	84.24	30.16	67.88	0.00	0.0578	9.86	434.0	366.45	0.0767	667.6	12.017	24.80	14.75	1.58
	85.25	30.16	67.88	0.00	0.0577	9.85	433.2	365.73	0.0775	675.2	12.153	25.08	14.92	1.58
