Jul 28 2015 at 10:28:44
Frequency: 1.00Hz.
CO2
Zero:  Value:0.95  Date:18 Mar 2005	 at 07:22:33	
Span:  Value:1.00  Date:18 Mar 2005	 at 07:25:09	
H2O
Zero:  Value:0.71  Date:18 Mar 2005	 at 07:52:31	
Span:  Value:0.99  Date:18 Mar 2005	 at 11:44:01	
	Relative Time	Temperature	Pressure	Aux Input	CO2 Absorptance	CO2 mmol/m3	CO2 mg/m3	CO2 umol/mol	H2O Absorptance	H2O mmol/m3	H2O g/m3	H2O mmol/mol	H2O(°C)	Cooler Voltage
	0.84	25.12	67.63	0.00	0.0596	10.27	451.7	376.42	0.0641	512.9	9.232	18.81	10.47	1.58
	1.84	25.13	67.65	-0.00	0.0595	10.25	451.1	375.77	0.0640	516.9	9.305	18.95	10.59	1.58
	2.85	25.11	67.65	-0.00	0.0598	10.30	453.3	377.65	0.0632	498.8	8.978	18.28	10.05	1.58
	3.82	25.09	67.65	0.00	0.0602	10.42	458.5	381.94	0.0574	433.0	7.795	15.87	7.96	1.58
	4.85	25.13	67.65	-0.00	0.0600	10.34	454.8	378.92	0.0605	476.3	8.573	17.46	9.37	1.58
	5.83	25.13	67.65	-0.00	0.0600	10.35	455.3	379.30	0.0600	472.9	8.512	17.33	9.26	1.58
	6.85	25.13	67.68	-0.00	0.0602	10.39	457.3	380.88	0.0579	437.3	7.871	16.02	8.10	1.58
	7.83	25.12	67.65	-0.00	0.0605	10.44	459.2	382.59	0.0551	418.9	7.539	15.35	7.47	1.58
	8.83	25.13	67.65	0.00	0.0605	10.47	460.7	383.85	0.0556	416.5	7.498	15.27	7.39	1.58
	9.83	25.13	67.65	0.00	0.0608	10.56	464.7	387.20	0.0524	379.0	6.822	13.89	6.02	1.58
	10.86	25.15	67.65	-0.00	0.0608	10.56	464.6	387.09	0.0524	383.8	6.908	14.07	6.20	1.58
	11.84	25.13	67.63	0.00	0.0608	10.57	465.1	387.62	0.0522	380.5	6.848	13.95	6.07	1.58
	12.92	25.11	67.65	0.00	0.0609	10.56	464.7	387.10	0.0526	383.4	6.902	14.05	6.18	1.58
	13.85	25.15	67.65	-0.00	0.0606	10.54	463.9	386.52	0.0541	389.3	7.007	14.27	6.40	1.58
	14.84	25.13	67.65	-0.00	0.0606	10.51	462.3	385.18	0.0542	400.0	7.200	14.66	6.80	1.58
	15.83	25.15	67.67	0.00	0.0607	10.50	462.0	384.77	0.0539	400.4	7.206	14.67	6.81	1.58
	16.83	25.11	67.65	0.00	0.0606	10.52	462.9	385.63	0.0537	395.5	7.120	14.50	6.64	1.58
	17.83	25.13	67.65	0.00	0.0607	10.53	463.2	385.90	0.0533	392.4	7.064	14.39	6.52	1.58
	18.83	25.15	67.67	0.00	0.0607	10.52	462.9	385.56	0.0534	392.7	7.068	14.39	6.53	1.58
	19.84	25.11	67.65	-0.00	0.0607	10.52	462.8	385.56	0.0535	394.3	7.098	14.45	6.59	1.58
	20.84	25.12	67.65	-0.00	0.0608	10.53	463.3	385.98	0.0536	393.6	7.085	14.43	6.56	1.58
	21.84	25.15	67.65	0.00	0.0607	10.50	461.9	384.83	0.0541	400.4	7.207	14.68	6.81	1.58
	22.82	25.15	67.65	0.00	0.0606	10.51	462.5	385.35	0.0540	399.9	7.199	14.66	6.80	1.58
	23.85	25.15	67.68	0.00	0.0606	10.50	462.0	384.77	0.0546	403.4	7.260	14.78	6.92	1.58
	24.84	25.16	67.65	0.00	0.0606	10.49	461.6	384.61	0.0543	402.2	7.240	14.75	6.88	1.58
	25.85	25.16	67.65	0.00	0.0607	10.50	461.8	384.81	0.0544	402.5	7.245	14.76	6.89	1.58
	26.85	25.12	67.63	-0.00	0.0606	10.49	461.5	384.59	0.0548	407.1	7.328	14.93	7.05	1.58
	27.86	25.20	67.65	-0.00	0.0605	10.49	461.4	384.47	0.0553	411.4	7.405	15.08	7.21	1.58
	28.84	25.16	67.65	-0.00	0.0605	10.48	461.3	384.36	0.0554	412.8	7.430	15.13	7.26	1.58
	29.84	25.18	67.65	-0.00	0.0604	10.45	460.0	383.29	0.0558	416.5	7.498	15.27	7.39	1.58
	30.92	25.18	67.65	-0.00	0.0605	10.48	461.1	384.20	0.0558	417.5	7.515	15.31	7.43	1.58
	31.82	25.18	67.65	0.00	0.0605	10.47	460.8	383.93	0.0559	418.3	7.530	15.34	7.46	1.58
	32.85	25.18	67.65	-0.00	0.0603	10.47	460.5	383.75	0.0561	421.2	7.582	15.44	7.56	1.58
	33.85	25.18	67.65	-0.00	0.0605	10.45	459.7	383.03	0.0564	423.7	7.626	15.53	7.64	1.58
	34.85	25.18	67.65	-0.00	0.0604	10.46	460.2	383.48	0.0564	424.9	7.648	15.58	7.68	1.58
	35.85	25.18	67.65	0.00	0.0604	10.47	460.5	383.70	0.0566	425.8	7.665	15.61	7.72	1.58
	36.83	25.18	67.65	0.00	0.0604	10.46	460.1	383.42	0.0564	424.5	7.641	15.56	7.67	1.58
	37.83	25.18	67.65	0.00	0.0604	10.46	460.1	383.40	0.0565	425.4	7.657	15.60	7.70	1.58
	38.84	25.20	67.65	-0.00	0.0603	10.45	460.0	383.31	0.0565	425.5	7.659	15.60	7.70	1.58
	39.83	25.16	67.67	0.00	0.0604	10.45	459.9	383.05	0.0568	428.2	7.707	15.69	7.80	1.58
	40.84	25.20	67.68	-0.00	0.0604	10.44	459.2	382.49	0.0568	429.0	7.722	15.72	7.83	1.58
	41.82	25.20	67.65	0.00	0.0602	10.44	459.3	382.76	0.0565	427.7	7.698	15.68	7.78	1.58
	42.85	25.22	67.65	-0.00	0.0603	10.42	458.6	382.16	0.0570	429.1	7.724	15.73	7.83	1.58
	43.85	25.20	67.63	-0.00	0.0604	10.43	459.0	382.64	0.0582	440.4	7.927	16.15	8.21	1.58
	44.83	25.22	67.65	-0.00	0.0602	10.43	458.7	382.28	0.0584	446.3	8.033	16.36	8.41	1.58
	45.85	25.20	67.65	0.00	0.0603	10.42	458.6	382.11	0.0582	442.1	7.957	16.21	8.27	1.58
	46.83	25.22	67.65	0.00	0.0601	10.39	457.3	381.09	0.0587	448.3	8.070	16.44	8.47	1.58
	47.84	25.22	67.65	-0.00	0.0602	10.42	458.5	382.07	0.0590	451.0	8.118	16.54	8.56	1.58
	48.84	25.24	67.65	-0.00	0.0603	10.41	458.1	381.83	0.0588	448.1	8.066	16.43	8.47	1.58
	49.83	25.22	67.65	0.00	0.0601	10.40	457.7	381.44	0.0587	449.4	8.089	16.48	8.51	1.58
	50.84	25.22	67.62	0.00	0.0603	10.41	458.2	381.98	0.0589	450.7	8.113	16.53	8.55	1.58
	51.90	25.26	67.67	0.00	0.0601	10.41	458.1	381.71	0.0588	449.1	8.083	16.46	8.50	1.58
	52.84	25.21	67.65	0.00	0.0602	10.41	458.0	381.70	0.0591	454.0	8.172	16.65	8.66	1.58
	53.84	25.24	67.65	0.00	0.0602	10.39	457.3	381.13	0.0592	453.5	8.163	16.63	8.64	1.58
	54.83	25.23	67.68	0.00	0.0601	10.38	456.8	380.56	0.0595	454.1	8.174	16.65	8.67	1.58
	55.91	25.23	67.65	-0.00	0.0601	10.39	457.2	381.02	0.0598	457.4	8.234	16.77	8.77	1.58
	56.85	25.24	67.65	-0.00	0.0600	10.38	456.7	380.66	0.0605	464.8	8.367	17.05	9.01	1.58
	57.84	25.23	67.68	0.00	0.0601	10.38	456.8	380.52	0.0606	472.1	8.497	17.30	9.24	1.59
	58.84	25.26	67.65	-0.00	0.0602	10.39	457.1	381.02	0.0600	464.3	8.357	17.03	8.99	1.59
	59.83	25.24	67.65	0.00	0.0602	10.40	457.5	381.31	0.0601	461.5	8.308	16.93	8.90	1.58
	60.84	25.25	67.67	0.00	0.0602	10.38	456.7	380.49	0.0603	464.5	8.361	17.03	9.00	1.59
	61.84	25.25	67.65	-0.00	0.0601	10.38	456.9	380.79	0.0606	469.4	8.448	17.21	9.15	1.58
	62.84	25.25	67.67	0.00	0.0600	10.39	457.0	380.76	0.0606	469.5	8.451	17.21	9.16	1.59
	63.84	25.25	67.65	0.00	0.0600	10.37	456.5	380.46	0.0612	475.2	8.554	17.43	9.34	1.59
	64.85	25.25	67.66	-0.00	0.0600	10.36	455.7	379.81	0.0620	483.5	8.704	17.73	9.60	1.59
	65.83	25.25	67.65	0.00	0.0600	10.37	456.1	380.13	0.0616	480.2	8.644	17.61	9.49	1.59
	66.85	25.25	67.63	-0.00	0.0600	10.37	456.4	380.53	0.0608	474.0	8.532	17.39	9.30	1.58
	67.84	25.25	67.65	-0.00	0.0601	10.37	456.4	380.40	0.0610	473.6	8.526	17.37	9.29	1.59
	68.84	25.25	67.65	-0.00	0.0600	10.37	456.3	380.35	0.0610	473.9	8.529	17.38	9.30	1.59
	69.84	25.25	67.68	0.00	0.0600	10.37	456.2	380.06	0.0610	475.0	8.550	17.41	9.33	1.59
	70.84	25.29	67.65	-0.00	0.0599	10.34	455.0	379.29	0.0610	475.3	8.555	17.43	9.34	1.59
	71.85	25.25	67.65	-0.00	0.0600	10.35	455.6	379.73	0.0610	473.6	8.525	17.37	9.29	1.59
	72.84	25.27	67.70	-0.00	0.0600	10.35	455.2	379.16	0.0611	474.2	8.536	17.38	9.31	1.59
	73.83	25.27	67.65	0.00	0.0600	10.36	456.0	380.06	0.0610	474.8	8.546	17.41	9.33	1.59
	74.85	25.27	67.65	-0.00	0.0600	10.36	455.8	379.95	0.0611	476.5	8.576	17.47	9.38	1.59
	75.83	25.27	67.65	0.00	0.0600	10.37	456.1	380.15	0.0612	476.2	8.572	17.47	9.37	1.59
	76.85	25.25	67.63	0.00	0.0599	10.36	455.8	380.03	0.0611	474.4	8.540	17.40	9.31	1.59
	77.84	25.27	67.65	0.00	0.0598	10.36	455.7	379.85	0.0611	475.3	8.555	17.43	9.34	1.59
	78.83	25.27	67.63	0.00	0.0600	10.35	455.6	379.85	0.0612	474.5	8.541	17.41	9.32	1.59
	79.84	25.27	67.65	-0.00	0.0600	10.35	455.2	379.45	0.0618	482.9	8.692	17.71	9.58	1.59
	80.82	25.29	67.65	0.00	0.0600	10.35	455.5	379.67	0.0617	482.9	8.692	17.71	9.58	1.59
	81.90	25.29	67.65	0.00	0.0600	10.34	455.1	379.34	0.0619	484.1	8.715	17.76	9.62	1.59
	82.85	25.29	67.65	-0.00	0.0600	10.34	455.0	379.27	0.0622	487.6	8.777	17.88	9.72	1.59
	83.85	25.29	67.65	0.00	0.0600	10.34	455.1	379.37	0.0620	486.9	8.764	17.86	9.70	1.59
	84.85	25.29	67.65	0.00	0.0600	10.34	454.8	379.14	0.0621	486.1	8.749	17.83	9.68	1.59
	85.85	25.25	67.65	0.00	0.0599	10.35	455.4	379.55	0.0618	484.5	8.721	17.77	9.63	1.59
	86.84	25.29	67.65	-0.00	0.0599	10.34	454.9	379.23	0.0619	484.8	8.727	17.78	9.64	1.59
	87.86	25.31	67.65	-0.00	0.0599	10.34	455.2	379.45	0.0622	487.1	8.767	17.87	9.71	1.59
	88.83	25.31	67.65	0.00	0.0598	10.34	454.9	379.20	0.0621	488.2	8.787	17.91	9.74	1.59
	89.83	25.29	67.63	0.00	0.0598	10.34	454.8	379.21	0.0624	490.6	8.832	18.00	9.82	1.59
	90.90	25.27	67.63	0.00	0.0598	10.34	455.0	379.39	0.0625	491.3	8.844	18.03	9.84	1.59
	91.82	25.25	67.68	0.00	0.0598	10.33	454.5	378.64	0.0626	492.5	8.865	18.05	9.87	1.59
	92.84	25.21	67.65	-0.00	0.0598	10.34	454.9	379.08	0.0627	493.9	8.890	18.11	9.91	1.59
	93.83	25.22	67.65	-0.00	0.0598	10.33	454.6	378.84	0.0627	493.4	8.881	18.09	9.90	1.59
	94.91	25.22	67.65	-0.00	0.0598	10.33	454.7	378.91	0.0630	496.1	8.929	18.19	9.98	1.59
	95.89	25.22	67.65	0.00	0.0598	10.33	454.3	378.63	0.0630	497.4	8.954	18.24	10.02	1.59
	96.83	25.22	67.64	0.00	0.0598	10.32	454.3	378.63	0.0632	498.4	8.971	18.28	10.05	1.59
	97.83	25.23	67.65	0.00	0.0597	10.31	453.8	378.22	0.0631	499.1	8.984	18.30	10.07	1.59
	98.84	25.25	67.65	0.00	0.0598	10.32	454.1	378.46	0.0632	499.4	8.988	18.31	10.08	1.59
	99.84	25.24	67.65	0.00	0.0598	10.32	454.0	378.37	0.0634	499.3	8.988	18.31	10.07	1.59
	100.85	25.25	67.65	-0.00	0.0599	10.32	454.2	378.54	0.0632	499.3	8.987	18.31	10.07	1.59
	101.92	25.24	67.65	-0.00	0.0598	10.32	453.9	378.31	0.0634	499.5	8.992	18.32	10.08	1.59
	102.84	25.23	67.65	0.00	0.0598	10.31	453.5	377.98	0.0634	500.3	9.005	18.35	10.10	1.59
	103.85	25.24	67.65	-0.00	0.0598	10.30	453.2	377.73	0.0639	507.2	9.130	18.60	10.31	1.59
	104.82	25.24	67.65	0.00	0.0598	10.31	453.7	378.11	0.0638	506.8	9.123	18.59	10.30	1.59
	105.83	25.24	67.68	0.00	0.0598	10.31	453.5	377.84	0.0638	505.6	9.101	18.53	10.26	1.59
	106.91	25.25	67.65	0.00	0.0598	10.30	453.3	377.83	0.0637	506.1	9.109	18.56	10.28	1.59
	107.84	25.25	67.65	-0.00	0.0598	10.30	453.1	377.68	0.0636	503.4	9.062	18.46	10.20	1.59
	108.83	25.25	67.65	-0.00	0.0596	10.29	452.6	377.21	0.0640	508.8	9.159	18.66	10.36	1.59
	109.84	25.27	67.68	-0.00	0.0597	10.29	452.8	377.31	0.0642	509.8	9.176	18.69	10.39	1.59
	110.82	25.23	67.63	-0.00	0.0596	10.29	452.8	377.51	0.0643	511.4	9.205	18.76	10.43	1.59
	111.84	25.25	67.65	-0.00	0.0597	10.29	452.7	377.28	0.0644	512.8	9.230	18.80	10.47	1.59
	112.82	25.22	67.65	0.00	0.0598	10.30	453.1	377.56	0.0644	512.1	9.217	18.78	10.45	1.59
	113.91	25.20	67.67	0.00	0.0597	10.29	452.6	377.00	0.0645	513.0	9.234	18.80	10.48	1.59
	114.83	25.20	67.65	0.00	0.0596	10.28	452.3	376.91	0.0644	513.1	9.236	18.81	10.48	1.59
	115.85	25.18	67.60	0.00	0.0596	10.29	452.6	377.43	0.0646	515.9	9.287	18.93	10.56	1.59
	116.84	25.18	67.65	-0.00	0.0596	10.28	452.5	377.07	0.0648	516.8	9.303	18.95	10.59	1.59
	117.84	25.24	67.70	0.00	0.0596	10.28	452.5	376.88	0.0649	519.2	9.345	19.03	10.66	1.59
	118.84	25.18	67.65	-0.00	0.0595	10.29	452.7	377.24	0.0648	518.2	9.328	19.00	10.63	1.59
	119.86	25.24	67.65	-0.00	0.0595	10.29	452.6	377.19	0.0650	520.2	9.364	19.08	10.69	1.59
