Jul 28 2015 at 14:34:05
Frequency: 1.00Hz.
CO2
Zero:  Value:0.95  Date:18 Mar 2005	 at 07:22:33	
Span:  Value:1.00  Date:18 Mar 2005	 at 07:25:09	
H2O
Zero:  Value:0.71  Date:18 Mar 2005	 at 07:52:31	
Span:  Value:0.99  Date:18 Mar 2005	 at 11:44:01	
	Relative Time	Temperature	Pressure	Aux Input	CO2 Absorptance	CO2 mmol/m3	CO2 mg/m3	CO2 umol/mol	H2O Absorptance	H2O mmol/m3	H2O g/m3	H2O mmol/mol	H2O(°C)	Cooler Voltage
	0.55	33.31	67.73	0.00	0.0616	10.70	470.8	402.53	0.0473	332.8	5.991	12.52	4.54	1.61
	1.53	33.33	67.72	0.00	0.0615	10.70	470.6	402.42	0.0472	332.0	5.976	12.49	4.50	1.60
	2.54	33.36	67.73	0.00	0.0614	10.69	470.3	402.18	0.0472	331.9	5.975	12.49	4.50	1.60
	3.54	33.35	67.73	-0.00	0.0614	10.69	470.2	402.07	0.0477	337.5	6.075	12.70	4.74	1.60
	4.55	33.33	67.70	-0.00	0.0614	10.68	469.8	401.83	0.0474	333.5	6.003	12.55	4.57	1.60
	5.54	33.32	67.73	0.00	0.0613	10.67	469.5	401.45	0.0475	334.2	6.015	12.57	4.60	1.60
	6.55	33.36	67.73	-0.00	0.0614	10.66	469.2	401.22	0.0484	342.9	6.172	12.90	4.97	1.60
	7.55	33.31	67.73	-0.00	0.0613	10.65	468.6	400.61	0.0486	344.7	6.205	12.97	5.04	1.60
	8.55	33.32	67.75	-0.00	0.0613	10.66	469.1	400.99	0.0486	343.9	6.191	12.94	5.01	1.60
	9.55	33.29	67.70	-0.00	0.0613	10.65	468.4	400.59	0.0488	345.5	6.219	13.00	5.07	1.60
	10.53	33.30	67.75	0.00	0.0613	10.65	468.8	400.65	0.0492	347.2	6.250	13.06	5.14	1.60
	11.54	33.31	67.70	-0.00	0.0613	10.63	467.7	400.04	0.0493	357.0	6.426	13.43	5.54	1.60
	12.54	33.35	67.75	-0.00	0.0612	10.64	468.1	400.14	0.0494	353.2	6.358	13.28	5.39	1.60
	13.54	33.28	67.72	0.00	0.0611	10.63	467.6	399.74	0.0496	354.6	6.383	13.34	5.45	1.60
	14.54	33.36	67.70	0.00	0.0611	10.62	467.1	399.60	0.0498	356.3	6.413	13.41	5.52	1.60
	15.54	33.34	67.70	-0.00	0.0612	10.63	467.6	399.99	0.0504	360.7	6.492	13.57	5.69	1.60
	16.54	33.34	67.72	0.00	0.0611	10.62	467.1	399.42	0.0514	370.1	6.662	13.93	6.07	1.60
	17.63	33.40	67.70	-0.00	0.0612	10.62	467.4	399.88	0.0532	380.6	6.851	14.33	6.47	1.60
	18.55	33.43	67.70	-0.00	0.0611	10.61	466.9	399.50	0.0545	407.6	7.336	15.34	7.47	1.60
	19.55	33.35	67.70	-0.00	0.0611	10.62	467.3	399.72	0.0555	411.1	7.400	15.47	7.60	1.60
	20.55	33.38	67.73	-0.00	0.0609	10.57	465.1	397.76	0.0585	446.3	8.034	16.79	8.81	1.60
	21.54	33.33	67.73	-0.00	0.0610	10.59	466.1	398.52	0.0588	448.0	8.063	16.85	8.86	1.60
	22.54	33.31	67.75	0.00	0.0609	10.56	464.5	396.99	0.0596	456.7	8.221	17.18	9.14	1.60
	23.56	33.32	67.72	-0.00	0.0608	10.54	463.7	396.53	0.0606	469.3	8.447	17.65	9.55	1.60
	24.54	33.29	67.73	0.00	0.0607	10.53	463.1	395.96	0.0609	472.1	8.498	17.76	9.64	1.60
	25.54	33.26	67.75	0.00	0.0608	10.55	464.0	396.55	0.0619	481.0	8.658	18.09	9.91	1.60
	26.54	33.29	67.75	-0.00	0.0608	10.53	463.5	396.13	0.0621	484.9	8.728	18.23	10.04	1.60
	27.53	33.27	67.73	0.00	0.0606	10.53	463.3	396.08	0.0624	484.1	8.714	18.21	10.01	1.60
	28.53	33.24	67.75	0.00	0.0606	10.49	461.4	394.24	0.0621	487.5	8.775	18.33	10.11	1.60
	29.55	33.29	67.72	0.00	0.0606	10.50	462.0	395.00	0.0622	487.7	8.779	18.35	10.12	1.60
	30.55	33.27	67.75	0.00	0.0606	10.50	461.9	394.68	0.0622	488.6	8.794	18.37	10.15	1.60
	31.56	33.27	67.73	-0.00	0.0606	10.50	461.8	394.78	0.0622	487.7	8.778	18.34	10.12	1.60
	32.54	33.27	67.73	-0.00	0.0607	10.50	461.8	394.81	0.0624	490.3	8.825	18.44	10.20	1.60
	33.52	33.32	67.75	0.00	0.0606	10.49	461.5	394.44	0.0623	488.8	8.799	18.38	10.16	1.60
	34.62	33.29	67.70	-0.00	0.0605	10.48	461.0	394.32	0.0627	491.7	8.850	18.50	10.24	1.60
	35.54	33.29	67.73	-0.00	0.0605	10.47	460.9	394.01	0.0626	491.6	8.849	18.49	10.24	1.60
	36.53	33.26	67.73	0.00	0.0605	10.48	461.1	394.13	0.0630	497.5	8.954	18.71	10.42	1.60
	37.55	33.32	67.73	-0.00	0.0604	10.45	460.0	393.29	0.0633	500.0	9.000	18.81	10.50	1.60
	38.56	33.29	67.70	-0.00	0.0603	10.45	459.6	393.08	0.0642	502.9	9.053	18.93	10.58	1.60
	39.61	33.34	67.73	0.00	0.0604	10.44	459.1	392.61	0.0644	513.9	9.250	19.34	10.91	1.60
	40.55	33.39	67.75	0.00	0.0604	10.43	459.0	392.44	0.0647	516.5	9.296	19.43	10.99	1.60
	41.53	33.43	67.70	0.00	0.0604	10.44	459.2	392.91	0.0647	514.9	9.269	19.39	10.94	1.60
	42.54	33.43	67.73	0.00	0.0603	10.43	459.0	392.59	0.0655	524.7	9.445	19.75	11.23	1.60
	43.60	33.45	67.70	0.00	0.0603	10.43	458.8	392.60	0.0657	527.1	9.489	19.85	11.30	1.60
	44.54	33.45	67.73	0.00	0.0603	10.42	458.6	392.28	0.0658	529.6	9.533	19.93	11.37	1.60
	45.60	33.45	67.73	0.00	0.0602	10.40	457.6	391.43	0.0659	530.2	9.543	19.95	11.38	1.60
	46.53	33.43	67.73	0.00	0.0602	10.40	457.7	391.48	0.0663	533.0	9.595	20.06	11.46	1.60
	47.53	33.50	67.70	0.00	0.0602	10.41	458.1	392.03	0.0663	531.2	9.562	20.01	11.42	1.60
	48.53	33.57	67.73	0.00	0.0602	10.40	457.7	391.63	0.0668	540.0	9.720	20.33	11.67	1.60
	49.53	33.52	67.75	0.00	0.0601	10.39	457.1	390.94	0.0670	543.3	9.779	20.45	11.76	1.60
	50.53	33.54	67.75	0.00	0.0601	10.38	456.8	390.72	0.0673	545.7	9.823	20.54	11.83	1.60
	51.53	33.47	67.71	-0.00	0.0601	10.38	456.6	390.71	0.0673	547.5	9.855	20.61	11.87	1.60
	52.54	33.47	67.70	0.00	0.0601	10.38	456.6	390.73	0.0683	554.2	9.975	20.87	12.05	1.60
	53.54	33.45	67.73	0.00	0.0600	10.37	456.5	390.45	0.0687	564.5	10.161	21.25	12.33	1.60
	54.55	33.45	67.75	0.00	0.0601	10.37	456.2	390.13	0.0681	559.5	10.071	21.05	12.20	1.60
	55.55	33.48	67.70	-0.00	0.0601	10.36	456.0	390.27	0.0688	563.6	10.146	21.22	12.31	1.60
	56.53	33.47	67.73	0.00	0.0601	10.39	457.3	391.19	0.0677	548.2	9.868	20.64	11.89	1.60
	57.53	33.46	67.75	0.00	0.0600	10.37	456.3	390.17	0.0683	557.9	10.042	20.99	12.16	1.60
	58.55	33.45	67.73	0.00	0.0601	10.40	457.4	391.25	0.0681	555.2	9.993	20.90	12.08	1.60
	59.53	33.47	67.73	0.00	0.0600	10.36	455.9	389.96	0.0690	565.0	10.170	21.27	12.35	1.60
	60.54	33.46	67.73	-0.00	0.0600	10.37	456.2	390.28	0.0688	566.3	10.194	21.32	12.38	1.60
	61.53	33.45	67.73	0.00	0.0600	10.38	456.5	390.50	0.0688	564.9	10.168	21.26	12.35	1.60
	62.60	33.43	67.73	0.00	0.0600	10.37	456.5	390.43	0.0686	563.0	10.134	21.19	12.29	1.60
	63.54	33.43	67.73	0.00	0.0600	10.36	456.1	390.08	0.0686	562.8	10.131	21.18	12.29	1.60
	64.55	33.41	67.70	0.00	0.0601	10.39	456.9	390.99	0.0685	557.7	10.039	21.00	12.15	1.60
	65.54	33.46	67.75	0.00	0.0600	10.37	456.2	390.11	0.0689	565.0	10.170	21.26	12.35	1.60
	66.55	33.46	67.72	0.00	0.0600	10.36	456.0	390.07	0.0691	567.4	10.214	21.36	12.41	1.60
	67.53	33.41	67.73	0.00	0.0600	10.37	456.1	390.11	0.0690	568.4	10.232	21.39	12.44	1.60
	68.55	33.45	67.75	0.00	0.0599	10.35	455.3	389.35	0.0690	566.9	10.204	21.33	12.40	1.60
	69.53	33.44	67.73	0.00	0.0600	10.35	455.3	389.49	0.0687	563.5	10.143	21.21	12.31	1.60
	70.54	33.41	67.73	0.00	0.0600	10.37	456.1	390.08	0.0689	563.3	10.140	21.20	12.30	1.60
	71.53	33.42	67.73	0.00	0.0599	10.35	455.3	389.44	0.0691	569.8	10.257	21.45	12.48	1.60
	72.56	33.37	67.70	-0.00	0.0600	10.35	455.6	389.73	0.0694	572.3	10.301	21.54	12.54	1.60
	73.54	33.40	67.73	-0.00	0.0600	10.36	455.7	389.72	0.0691	572.0	10.296	21.52	12.53	1.60
	74.54	33.43	67.73	0.00	0.0600	10.35	455.5	389.62	0.0690	573.4	10.322	21.58	12.57	1.60
	75.52	33.45	67.73	0.00	0.0599	10.35	455.6	389.72	0.0689	561.2	10.102	21.12	12.25	1.60
	76.55	33.50	67.73	0.00	0.0599	10.33	454.7	389.00	0.0694	572.4	10.303	21.55	12.55	1.60
	77.53	33.50	67.70	-0.00	0.0600	10.35	455.5	389.88	0.0696	575.8	10.364	21.68	12.64	1.60
	78.56	33.52	67.73	-0.00	0.0599	10.34	455.0	389.33	0.0698	578.9	10.421	21.79	12.72	1.60
	79.61	33.52	67.73	0.00	0.0599	10.35	455.6	389.79	0.0706	583.3	10.500	21.96	12.84	1.60
	80.56	33.52	67.75	0.00	0.0599	10.34	455.2	389.28	0.0700	580.5	10.449	21.84	12.76	1.60
	81.54	33.50	67.72	0.00	0.0599	10.36	455.7	389.91	0.0696	569.8	10.256	21.45	12.48	1.60
	82.54	33.47	67.75	0.00	0.0600	10.36	455.7	389.72	0.0689	566.5	10.197	21.31	12.39	1.60
	83.54	33.47	67.75	-0.00	0.0599	10.35	455.3	389.38	0.0690	570.9	10.275	21.48	12.51	1.60
	84.54	33.49	67.75	0.00	0.0598	10.31	453.7	387.99	0.0703	582.7	10.489	21.93	12.82	1.60
	85.61	33.50	67.73	-0.00	0.0599	10.34	454.8	389.06	0.0702	582.2	10.479	21.91	12.81	1.60
	86.55	33.50	67.75	-0.00	0.0598	10.32	454.2	388.45	0.0707	590.3	10.625	22.21	13.02	1.60
	87.55	33.50	67.72	-0.00	0.0598	10.32	454.0	388.39	0.0709	590.4	10.626	22.22	13.02	1.60
	88.53	33.49	67.70	0.00	0.0598	10.31	453.5	388.12	0.0711	593.4	10.681	22.34	13.10	1.60
	89.53	33.52	67.70	0.00	0.0597	10.31	453.5	388.14	0.0718	599.9	10.798	22.59	13.27	1.60
	90.54	33.49	67.75	0.00	0.0596	10.28	452.3	386.77	0.0733	617.2	11.110	23.22	13.70	1.60
	91.54	33.50	67.73	0.00	0.0595	10.27	451.9	386.55	0.0734	616.4	11.095	23.20	13.68	1.60
	92.56	33.47	67.70	-0.00	0.0596	10.26	451.5	386.36	0.0728	613.9	11.050	23.12	13.62	1.60
	93.54	33.52	67.75	0.00	0.0596	10.26	451.6	386.23	0.0727	614.1	11.054	23.11	13.63	1.61
	94.55	33.50	67.73	0.00	0.0595	10.25	451.2	385.99	0.0733	618.4	11.131	23.28	13.73	1.60
	95.55	33.43	67.70	0.00	0.0595	10.25	451.0	385.96	0.0736	624.5	11.241	23.51	13.88	1.60
	96.55	33.46	67.75	0.00	0.0595	10.27	451.7	386.30	0.0732	617.6	11.116	23.24	13.71	1.60
	97.58	33.40	67.73	-0.00	0.0596	10.29	452.9	387.33	0.0731	620.7	11.172	23.36	13.78	1.60
	98.53	33.39	67.73	0.00	0.0595	10.27	451.9	386.47	0.0734	619.2	11.145	23.30	13.75	1.60
	99.54	33.44	67.75	-0.00	0.0595	10.25	451.1	385.71	0.0737	625.3	11.255	23.53	13.90	1.60
	100.53	33.45	67.73	0.00	0.0593	10.23	450.2	385.10	0.0750	638.1	11.486	24.02	14.21	1.60
	101.60	33.48	67.75	0.00	0.0594	10.23	450.0	384.79	0.0744	635.8	11.444	23.92	14.16	1.60
	102.54	33.50	67.70	-0.00	0.0595	10.23	450.0	385.13	0.0742	641.1	11.539	24.14	14.29	1.60
	103.60	33.52	67.70	0.00	0.0594	10.22	449.8	385.00	0.0749	640.9	11.536	24.14	14.28	1.60
	104.52	33.52	67.70	0.00	0.0593	10.20	448.8	384.16	0.0750	643.2	11.577	24.22	14.34	1.60
	105.53	33.55	67.70	0.00	0.0595	10.25	451.2	386.19	0.0735	624.8	11.247	23.53	13.89	1.60
	106.56	33.54	67.73	-0.00	0.0594	10.23	450.2	385.21	0.0741	630.2	11.343	23.72	14.02	1.60
	107.56	33.52	67.75	-0.00	0.0594	10.23	450.1	384.96	0.0749	641.2	11.542	24.13	14.29	1.60
	108.53	33.52	67.75	0.00	0.0594	10.24	450.7	385.46	0.0748	632.2	11.380	23.79	14.07	1.60
	109.53	33.49	67.73	0.00	0.0593	10.22	449.6	384.57	0.0758	651.7	11.730	24.53	14.54	1.60
	110.54	33.47	67.73	-0.00	0.0592	10.20	448.6	383.78	0.0766	660.3	11.885	24.85	14.74	1.60
	111.53	33.47	67.73	0.00	0.0592	10.16	447.1	382.51	0.0771	668.7	12.037	25.17	14.94	1.60
	112.54	33.52	67.70	0.00	0.0592	10.17	447.5	383.03	0.0763	666.3	11.993	25.09	14.88	1.60
	113.52	33.52	67.75	0.00	0.0593	10.21	449.1	384.09	0.0761	653.0	11.753	24.57	14.57	1.60
	114.55	33.50	67.72	0.00	0.0592	10.18	448.0	383.30	0.0768	667.6	12.016	25.13	14.91	1.60
	115.53	33.54	67.72	0.00	0.0593	10.20	448.7	383.96	0.0767	659.0	11.863	24.81	14.72	1.60
	116.53	33.52	67.75	0.00	0.0591	10.16	447.3	382.53	0.0768	667.0	12.006	25.10	14.90	1.61
	117.55	33.52	67.70	-0.00	0.0594	10.20	449.0	384.24	0.0750	653.4	11.761	24.61	14.58	1.60
	118.53	33.54	67.70	0.00	0.0594	10.21	449.3	384.58	0.0761	656.5	11.818	24.73	14.66	1.60
	119.53	33.47	67.70	0.00	0.0594	10.23	450.2	385.25	0.0754	642.6	11.567	24.20	14.32	1.60
	120.60	33.45	67.70	-0.00	0.0592	10.18	448.1	383.48	0.0764	662.1	11.918	24.93	14.78	1.60
	121.54	33.44	67.67	0.00	0.0591	10.17	447.5	383.12	0.0778	676.7	12.181	25.49	15.12	1.60
	122.54	33.42	67.73	0.00	0.0590	10.16	446.9	382.26	0.0781	677.7	12.198	25.50	15.14	1.61
	123.55	33.39	67.72	-0.00	0.0592	10.17	447.6	382.81	0.0771	667.7	12.019	25.13	14.91	1.60
