Jul 28 2015 at 11:25:26
Frequency: 1.00Hz.
CO2
Zero:  Value:0.95  Date:18 Mar 2005	 at 07:22:33	
Span:  Value:1.00  Date:18 Mar 2005	 at 07:25:09	
H2O
Zero:  Value:0.71  Date:18 Mar 2005	 at 07:52:31	
Span:  Value:0.99  Date:18 Mar 2005	 at 11:44:01	
	Relative Time	Temperature	Pressure	Aux Input	CO2 Absorptance	CO2 mmol/m3	CO2 mg/m3	CO2 umol/mol	H2O Absorptance	H2O mmol/m3	H2O g/m3	H2O mmol/mol	H2O(°C)	Cooler Voltage
	0.86	28.15	67.62	-0.00	0.0625	10.91	479.9	404.07	0.0381	249.4	4.489	9.24	0.25	1.59
	1.87	28.13	67.65	-0.00	0.0624	10.95	481.6	405.30	0.0387	252.3	4.542	9.34	0.41	1.59
	2.85	28.11	67.65	-0.00	0.0623	10.87	478.2	402.35	0.0382	251.0	4.519	9.29	0.34	1.59
	3.85	28.13	67.62	0.00	0.0623	10.90	479.5	403.67	0.0381	249.7	4.495	9.25	0.26	1.59
	4.85	28.13	67.62	-0.00	0.0622	10.83	476.5	401.12	0.0380	247.6	4.457	9.17	0.15	1.59
	5.85	28.11	67.65	0.00	0.0621	10.83	476.6	401.04	0.0377	245.5	4.419	9.09	0.03	1.59
	6.85	28.11	67.65	0.00	0.0622	10.88	478.7	402.80	0.0378	246.5	4.438	9.13	0.09	1.59
	7.86	28.11	67.65	-0.00	0.0621	10.84	477.0	401.33	0.0377	246.1	4.430	9.11	0.06	1.59
	8.85	28.11	67.65	0.00	0.0620	10.84	476.8	401.23	0.0378	247.1	4.447	9.15	0.12	1.59
	9.83	28.11	67.65	0.00	0.0621	10.84	477.0	401.36	0.0381	248.3	4.469	9.19	0.18	1.59
	10.84	28.15	67.65	0.00	0.0624	10.93	480.7	404.59	0.0388	254.8	4.587	9.44	0.54	1.59
	11.86	28.19	67.65	0.00	0.0623	10.87	478.4	402.67	0.0387	252.7	4.548	9.36	0.43	1.59
	12.85	28.18	67.65	0.00	0.0622	10.86	477.7	402.06	0.0384	252.7	4.548	9.36	0.43	1.60
	13.93	28.19	67.65	-0.00	0.0622	10.87	478.2	402.49	0.0381	249.3	4.487	9.23	0.24	1.59
	14.87	28.21	67.62	-0.00	0.0623	10.88	478.7	403.12	0.0386	253.9	4.570	9.41	0.50	1.59
	15.87	28.21	67.67	-0.00	0.0621	10.86	477.7	401.99	0.0381	246.8	4.442	9.14	0.10	1.59
	16.83	28.23	67.65	0.00	0.0620	10.81	475.4	400.21	0.0380	246.0	4.428	9.11	0.06	1.59
	17.85	28.22	67.62	0.00	0.0621	10.84	476.8	401.51	0.0380	247.7	4.458	9.18	0.15	1.59
	18.84	28.19	67.65	-0.00	0.0618	10.78	474.5	399.35	0.0380	247.9	4.463	9.18	0.17	1.59
	19.86	28.23	67.65	-0.00	0.0618	10.77	473.7	398.75	0.0383	251.1	4.519	9.30	0.34	1.59
	20.86	28.21	67.65	0.00	0.0618	10.77	473.7	398.77	0.0384	251.9	4.535	9.33	0.39	1.59
	21.84	28.20	67.65	0.00	0.0617	10.76	473.5	398.53	0.0383	251.4	4.525	9.31	0.36	1.59
	22.85	28.19	67.67	0.00	0.0618	10.76	473.3	398.22	0.0384	251.6	4.530	9.32	0.37	1.59
	23.84	28.18	67.62	0.00	0.0617	10.77	473.8	398.90	0.0384	252.1	4.538	9.34	0.40	1.59
	24.87	28.18	67.65	-0.00	0.0618	10.76	473.5	398.49	0.0385	253.3	4.560	9.38	0.46	1.60
	25.83	28.24	67.65	0.00	0.0617	10.75	473.1	398.25	0.0388	254.9	4.588	9.44	0.55	1.59
	26.85	28.21	67.65	0.00	0.0617	10.74	472.6	397.79	0.0385	252.6	4.547	9.36	0.43	1.59
	27.91	28.23	67.65	0.00	0.0617	10.75	473.0	398.14	0.0385	252.2	4.539	9.34	0.40	1.59
	28.84	28.23	67.62	0.00	0.0617	10.75	472.9	398.21	0.0389	256.3	4.613	9.50	0.63	1.59
	29.86	28.23	67.63	0.00	0.0617	10.74	472.6	397.94	0.0389	255.4	4.597	9.46	0.58	1.59
	30.86	28.23	67.65	-0.00	0.0616	10.74	472.4	397.68	0.0383	252.3	4.542	9.35	0.41	1.60
	31.86	28.19	67.65	0.00	0.0616	10.73	471.9	397.20	0.0387	253.8	4.568	9.40	0.49	1.59
	32.84	28.25	67.65	0.00	0.0615	10.71	471.2	396.70	0.0384	252.2	4.540	9.34	0.41	1.59
	33.87	28.22	67.65	-0.00	0.0615	10.71	471.0	396.53	0.0385	251.8	4.532	9.33	0.38	1.59
	34.84	28.22	67.62	0.00	0.0616	10.73	471.9	397.42	0.0386	252.2	4.539	9.34	0.40	1.59
	35.86	28.23	67.68	0.00	0.0616	10.73	472.3	397.40	0.0386	253.0	4.554	9.37	0.45	1.60
	36.91	28.24	67.65	0.00	0.0615	10.70	470.9	396.40	0.0385	253.7	4.566	9.40	0.49	1.60
	37.84	28.25	67.70	0.00	0.0615	10.70	470.9	396.09	0.0390	256.2	4.611	9.48	0.62	1.60
	38.84	28.28	67.67	-0.00	0.0614	10.70	470.6	396.09	0.0385	254.2	4.575	9.41	0.51	1.59
	39.84	28.24	67.65	0.00	0.0615	10.70	470.8	396.30	0.0388	255.5	4.599	9.46	0.59	1.59
	40.84	28.24	67.65	0.00	0.0614	10.69	470.2	395.84	0.0389	255.2	4.594	9.45	0.57	1.59
	41.84	28.24	67.65	0.00	0.0615	10.70	470.6	396.18	0.0390	257.4	4.633	9.53	0.69	1.59
	42.85	28.25	67.62	0.00	0.0614	10.68	470.0	395.85	0.0390	256.0	4.608	9.49	0.61	1.60
	43.87	28.26	67.65	0.00	0.0614	10.69	470.4	395.99	0.0389	255.6	4.601	9.47	0.59	1.59
	44.85	28.26	67.65	0.00	0.0614	10.69	470.5	396.09	0.0388	255.0	4.590	9.45	0.56	1.59
	45.85	28.26	67.67	-0.00	0.0614	10.68	470.1	395.62	0.0390	256.1	4.609	9.48	0.62	1.59
	46.85	28.23	67.62	0.00	0.0615	10.69	470.3	396.06	0.0390	256.8	4.622	9.51	0.65	1.59
	47.94	28.25	67.62	-0.00	0.0615	10.70	470.7	396.43	0.0390	257.2	4.630	9.53	0.68	1.60
	48.86	28.26	67.65	-0.00	0.0615	10.71	471.0	396.58	0.0391	258.1	4.646	9.56	0.73	1.60
	49.84	28.28	67.65	0.00	0.0613	10.68	469.8	395.52	0.0391	258.0	4.643	9.56	0.72	1.60
	50.84	28.30	67.68	0.00	0.0613	10.65	468.7	394.51	0.0396	261.8	4.712	9.69	0.92	1.59
	51.85	28.28	67.65	-0.00	0.0612	10.64	468.3	394.31	0.0400	264.9	4.768	9.81	1.09	1.59
	52.85	28.31	67.65	-0.00	0.0613	10.64	468.2	394.22	0.0401	265.9	4.787	9.85	1.14	1.59
	53.84	28.31	67.65	0.00	0.0612	10.65	468.4	394.41	0.0401	266.5	4.797	9.87	1.17	1.60
	54.85	28.28	67.67	0.00	0.0613	10.65	468.7	394.45	0.0401	266.5	4.797	9.87	1.17	1.60
	55.83	28.26	67.65	0.00	0.0613	10.67	469.5	395.26	0.0402	267.3	4.812	9.90	1.21	1.60
	56.86	28.28	67.62	-0.00	0.0612	10.63	467.9	394.09	0.0403	267.7	4.819	9.92	1.23	1.59
	57.84	28.28	67.65	-0.00	0.0613	10.66	468.9	394.76	0.0406	269.9	4.858	10.00	1.35	1.60
	58.86	28.30	67.70	0.00	0.0612	10.64	468.0	393.77	0.0404	269.0	4.842	9.96	1.30	1.60
	59.86	28.30	67.65	0.00	0.0613	10.65	468.7	394.65	0.0404	268.0	4.823	9.93	1.25	1.60
	60.86	28.31	67.67	0.00	0.0612	10.65	468.6	394.46	0.0409	272.8	4.911	10.10	1.50	1.60
	61.85	28.30	67.65	0.00	0.0612	10.65	468.4	394.42	0.0410	274.3	4.938	10.16	1.57	1.60
	62.84	28.30	67.65	0.00	0.0613	10.64	468.2	394.25	0.0410	273.5	4.922	10.13	1.53	1.60
	63.85	28.35	67.65	0.00	0.0612	10.64	468.2	394.25	0.0411	274.7	4.945	10.18	1.60	1.60
	64.85	28.32	67.65	-0.00	0.0612	10.64	468.0	394.12	0.0411	274.6	4.942	10.17	1.59	1.60
	65.86	28.32	67.65	-0.00	0.0613	10.65	468.6	394.58	0.0413	276.5	4.977	10.24	1.69	1.60
	66.85	28.35	67.65	-0.00	0.0613	10.65	468.8	394.79	0.0414	276.9	4.984	10.26	1.71	1.60
	67.86	28.32	67.65	-0.00	0.0612	10.63	467.7	393.78	0.0414	276.6	4.978	10.25	1.69	1.60
	68.91	28.30	67.67	0.00	0.0613	10.63	467.9	393.85	0.0414	277.7	4.999	10.29	1.75	1.60
	69.86	28.32	67.66	0.00	0.0612	10.64	468.0	394.02	0.0417	279.1	5.023	10.34	1.82	1.60
	70.84	28.32	67.65	-0.00	0.0612	10.63	467.8	393.93	0.0416	279.6	5.033	10.36	1.84	1.60
	71.85	28.32	67.65	0.00	0.0612	10.63	467.9	393.96	0.0415	278.6	5.015	10.32	1.79	1.60
	72.93	28.34	67.67	0.00	0.0611	10.62	467.4	393.47	0.0419	281.2	5.061	10.41	1.92	1.60
	73.83	28.32	67.65	0.00	0.0612	10.63	467.9	393.99	0.0421	284.0	5.113	10.52	2.06	1.60
	74.85	28.34	67.62	0.00	0.0613	10.65	468.5	394.67	0.0422	285.4	5.137	10.58	2.13	1.60
	75.85	28.33	67.65	-0.00	0.0612	10.65	468.4	394.46	0.0422	284.7	5.125	10.55	2.10	1.60
	76.85	28.34	67.65	0.00	0.0613	10.66	468.9	394.85	0.0421	284.1	5.114	10.53	2.07	1.60
	77.84	28.33	67.62	0.00	0.0612	10.64	468.0	394.21	0.0420	282.7	5.088	10.48	2.00	1.60
	78.87	28.34	67.65	-0.00	0.0613	10.64	468.1	394.20	0.0428	289.3	5.207	10.72	2.32	1.60
	79.86	28.30	67.65	0.00	0.0611	10.62	467.4	393.55	0.0429	291.3	5.244	10.79	2.42	1.60
	80.84	28.30	67.66	0.00	0.0611	10.61	466.9	393.11	0.0430	292.3	5.262	10.83	2.47	1.60
	81.87	28.26	67.67	-0.00	0.0611	10.63	467.8	393.74	0.0432	293.7	5.286	10.87	2.53	1.60
	82.85	28.26	67.65	-0.00	0.0612	10.63	467.8	393.84	0.0435	297.0	5.345	11.00	2.69	1.60
	83.87	28.26	67.65	-0.00	0.0613	10.65	468.6	394.47	0.0434	296.5	5.336	10.98	2.66	1.60
	84.85	28.26	67.65	-0.00	0.0613	10.66	469.1	394.90	0.0433	294.5	5.302	10.91	2.57	1.60
	85.83	28.28	67.65	0.00	0.0612	10.65	468.5	394.40	0.0435	296.5	5.336	10.98	2.66	1.60
	86.84	28.31	67.65	-0.00	0.0612	10.64	468.0	394.09	0.0435	295.0	5.311	10.93	2.60	1.60
	87.84	28.26	67.65	-0.00	0.0612	10.63	467.8	393.84	0.0440	301.1	5.420	11.15	2.88	1.60
	88.84	28.26	67.65	0.00	0.0612	10.64	468.3	394.24	0.0442	302.9	5.452	11.22	2.96	1.60
	89.86	28.30	67.67	0.00	0.0612	10.64	468.4	394.22	0.0440	302.5	5.445	11.20	2.95	1.60
	90.87	28.28	67.67	0.00	0.0613	10.64	468.1	394.00	0.0443	302.9	5.451	11.22	2.96	1.60
	91.85	28.26	67.65	-0.00	0.0612	10.64	468.2	394.17	0.0445	305.8	5.504	11.33	3.10	1.60
	92.87	28.28	67.65	0.00	0.0614	10.66	469.1	394.99	0.0446	307.3	5.531	11.38	3.17	1.60
	93.85	28.28	67.65	-0.00	0.0613	10.65	468.4	394.39	0.0443	303.4	5.461	11.24	2.99	1.60
	94.85	28.28	67.65	0.00	0.0612	10.62	467.4	393.49	0.0439	300.4	5.408	11.13	2.85	1.61
	95.86	28.31	67.62	-0.00	0.0611	10.63	467.5	393.80	0.0440	301.3	5.423	11.17	2.89	1.60
	96.86	28.31	67.60	-0.00	0.0611	10.61	466.8	393.32	0.0437	298.4	5.372	11.06	2.76	1.60
	97.84	28.26	67.65	0.00	0.0611	10.60	466.6	392.82	0.0440	300.3	5.405	11.12	2.84	1.60
	98.86	28.31	67.62	-0.00	0.0611	10.62	467.4	393.70	0.0437	299.7	5.395	11.11	2.82	1.60
	99.84	28.29	67.63	0.00	0.0610	10.60	466.3	392.70	0.0433	295.1	5.311	10.93	2.60	1.61
	100.85	28.28	67.65	0.00	0.0610	10.59	465.8	392.14	0.0432	294.2	5.296	10.90	2.56	1.61
	101.84	28.30	67.67	0.00	0.0610	10.59	466.2	392.38	0.0436	297.4	5.353	11.01	2.71	1.60
	102.93	28.32	67.65	-0.00	0.0611	10.61	466.7	393.01	0.0442	303.3	5.459	11.24	2.98	1.60
	103.85	28.30	67.62	0.00	0.0611	10.62	467.4	393.69	0.0444	304.4	5.479	11.28	3.03	1.60
	104.86	28.30	67.67	-0.00	0.0611	10.61	466.8	392.93	0.0445	306.3	5.514	11.35	3.13	1.61
	105.85	28.30	67.65	0.00	0.0612	10.63	467.5	393.67	0.0447	308.0	5.544	11.41	3.20	1.61
	106.84	28.30	67.65	0.00	0.0612	10.63	467.5	393.67	0.0450	311.3	5.603	11.53	3.35	1.61
	107.92	28.32	67.65	0.00	0.0611	10.62	467.3	393.53	0.0449	309.9	5.578	11.48	3.29	1.60
	108.86	28.30	67.65	-0.00	0.0612	10.62	467.4	393.53	0.0451	312.2	5.619	11.57	3.39	1.60
	109.86	28.32	67.70	-0.00	0.0611	10.61	466.8	392.76	0.0448	309.0	5.562	11.44	3.25	1.61
	110.85	28.30	67.65	0.00	0.0611	10.63	467.5	393.64	0.0448	308.8	5.558	11.44	3.24	1.61
	111.84	28.30	67.62	0.00	0.0612	10.63	467.9	394.15	0.0448	309.0	5.561	11.45	3.25	1.61
	112.83	28.30	67.65	0.00	0.0610	10.61	467.0	393.25	0.0449	309.0	5.563	11.45	3.25	1.61
	113.85	28.30	67.65	0.00	0.0612	10.58	465.5	391.93	0.0463	318.3	5.729	11.79	3.67	1.61
	114.83	28.32	67.65	0.00	0.0613	10.66	469.0	394.91	0.0470	327.8	5.900	12.14	4.09	1.61
	115.85	28.34	67.67	0.00	0.0611	10.64	468.1	394.03	0.0459	319.9	5.758	11.85	3.74	1.61
	116.91	28.36	67.65	0.00	0.0611	10.64	467.9	394.08	0.0462	323.1	5.816	11.97	3.88	1.61
