Jul 28 2015 at 11:34:22
Frequency: 1.00Hz.
CO2
Zero:  Value:0.95  Date:18 Mar 2005	 at 07:22:33	
Span:  Value:1.00  Date:18 Mar 2005	 at 07:25:09	
H2O
Zero:  Value:0.71  Date:18 Mar 2005	 at 07:52:31	
Span:  Value:0.99  Date:18 Mar 2005	 at 11:44:01	
	Relative Time	Temperature	Pressure	Aux Input	CO2 Absorptance	CO2 mmol/m3	CO2 mg/m3	CO2 umol/mol	H2O Absorptance	H2O mmol/m3	H2O g/m3	H2O mmol/mol	H2O(°C)	Cooler Voltage
	0.87	28.36	67.65	0.00	0.0627	10.94	481.5	405.48	0.0444	303.2	5.457	11.23	2.98	1.60
	1.89	28.38	67.67	0.00	0.0625	10.92	480.6	404.65	0.0445	305.7	5.503	11.33	3.10	1.61
	2.89	28.40	67.65	0.00	0.0621	10.87	478.4	402.90	0.0444	304.3	5.477	11.28	3.03	1.60
	3.88	28.38	67.65	0.00	0.0625	10.91	480.0	404.22	0.0455	313.6	5.646	11.62	3.46	1.61
	4.90	28.41	67.65	-0.00	0.0625	10.90	479.8	404.09	0.0456	315.2	5.674	11.68	3.53	1.61
	5.88	28.38	67.65	-0.00	0.0622	10.87	478.1	402.70	0.0456	315.6	5.681	11.70	3.55	1.60
	6.88	28.40	67.67	0.00	0.0626	10.97	482.6	406.34	0.0463	322.7	5.808	11.95	3.87	1.60
	7.88	28.40	67.63	0.00	0.0624	10.85	477.5	402.35	0.0471	338.3	6.089	12.54	4.54	1.60
	8.86	28.40	67.72	0.00	0.0625	10.94	481.4	404.99	0.0467	325.8	5.865	12.06	4.00	1.61
	9.89	28.41	67.67	0.00	0.0626	10.94	481.3	405.23	0.0472	329.5	5.932	12.21	4.17	1.61
	10.87	28.45	67.65	0.00	0.0625	10.92	480.5	404.76	0.0477	339.8	6.116	12.59	4.60	1.61
	11.89	28.45	67.65	0.00	0.0624	10.90	479.6	404.06	0.0482	332.8	5.991	12.34	4.31	1.60
	12.95	28.45	67.65	0.00	0.0624	10.91	480.3	404.57	0.0479	341.1	6.139	12.64	4.66	1.61
	13.88	28.49	67.65	0.00	0.0624	10.92	480.4	404.72	0.0483	347.8	6.260	12.89	4.94	1.60
	14.88	28.49	67.65	-0.00	0.0624	10.90	479.5	403.98	0.0479	338.5	6.093	12.55	4.55	1.61
	15.87	28.49	67.65	0.00	0.0623	10.86	477.6	402.43	0.0466	322.0	5.796	11.94	3.84	1.61
	16.89	28.49	67.65	0.00	0.0623	10.88	478.7	403.32	0.0487	334.7	6.024	12.41	4.39	1.61
	17.88	28.49	67.65	-0.00	0.0623	10.89	479.4	403.86	0.0495	351.9	6.334	13.04	5.11	1.60
	18.89	28.49	67.65	-0.00	0.0623	10.87	478.5	403.11	0.0500	359.0	6.461	13.31	5.39	1.60
	19.95	28.52	67.67	0.00	0.0622	10.87	478.3	402.87	0.0511	368.5	6.633	13.66	5.77	1.60
	20.87	28.51	67.66	0.00	0.0622	10.87	478.3	402.98	0.0509	363.7	6.546	13.48	5.58	1.61
	21.96	28.51	67.65	-0.00	0.0623	10.88	478.5	403.18	0.0511	368.8	6.638	13.67	5.78	1.61
	22.89	28.55	67.65	-0.00	0.0621	10.87	478.1	402.87	0.0519	376.5	6.777	13.96	6.09	1.60
	23.90	28.55	67.65	-0.00	0.0623	10.86	477.8	402.64	0.0522	378.8	6.818	14.04	6.17	1.60
	24.87	28.55	67.65	0.00	0.0620	10.84	477.1	402.03	0.0521	381.6	6.869	14.15	6.28	1.60
	25.90	28.57	67.65	-0.00	0.0620	10.82	476.2	401.28	0.0520	377.9	6.802	14.01	6.14	1.60
	26.86	28.56	67.68	0.00	0.0622	10.82	476.2	401.19	0.0527	384.9	6.929	14.27	6.41	1.61
	27.89	28.59	67.65	-0.00	0.0620	10.82	476.2	401.30	0.0524	379.8	6.836	14.08	6.21	1.61
	28.89	28.57	67.67	-0.00	0.0621	10.81	475.9	400.89	0.0533	390.8	7.034	14.48	6.63	1.60
	29.89	28.57	67.65	-0.00	0.0618	10.75	473.0	398.59	0.0522	386.2	6.952	14.32	6.46	1.60
	30.97	28.59	67.70	-0.00	0.0615	10.73	472.0	397.51	0.0512	375.4	6.757	13.91	6.04	1.60
	31.87	28.56	67.65	0.00	0.0615	10.69	470.2	396.25	0.0536	394.7	7.105	14.64	6.77	1.61
	32.88	28.57	67.63	0.00	0.0616	10.74	472.6	398.40	0.0540	399.9	7.198	14.83	6.96	1.61
	33.88	28.55	67.65	-0.00	0.0618	10.77	473.9	399.34	0.0560	415.4	7.477	15.40	7.52	1.61
	34.88	28.53	67.65	0.00	0.0618	10.75	473.2	398.70	0.0559	416.0	7.488	15.42	7.54	1.60
	35.88	28.53	67.65	0.00	0.0618	10.76	473.6	399.08	0.0550	410.8	7.394	15.23	7.35	1.60
	36.89	28.53	67.62	-0.00	0.0617	10.74	472.8	398.51	0.0554	415.0	7.469	15.39	7.50	1.60
	37.88	28.51	67.67	-0.00	0.0617	10.76	473.4	398.70	0.0558	416.5	7.497	15.43	7.55	1.60
	38.88	28.49	67.67	0.00	0.0616	10.72	471.9	397.45	0.0558	417.7	7.519	15.48	7.60	1.61
	39.89	28.47	67.65	0.00	0.0613	10.69	470.5	396.35	0.0559	421.7	7.591	15.63	7.74	1.61
	40.87	28.45	67.65	0.00	0.0615	10.72	471.7	397.38	0.0562	420.8	7.574	15.60	7.70	1.60
	41.89	28.50	67.65	0.00	0.0616	10.73	472.0	397.68	0.0563	421.7	7.590	15.63	7.73	1.60
	42.88	28.48	67.65	0.00	0.0616	10.74	472.4	398.01	0.0560	417.9	7.522	15.49	7.60	1.60
	43.87	28.50	67.65	0.00	0.0616	10.72	471.6	397.31	0.0553	406.8	7.323	15.08	7.21	1.61
	44.88	28.45	67.65	-0.00	0.0615	10.71	471.1	396.84	0.0555	415.0	7.469	15.38	7.50	1.61
	45.88	28.45	67.65	0.00	0.0616	10.73	471.9	397.54	0.0561	416.3	7.494	15.43	7.55	1.61
	46.88	28.48	67.60	-0.00	0.0616	10.73	472.0	397.95	0.0554	416.6	7.499	15.46	7.56	1.60
	47.88	28.49	67.65	0.00	0.0613	10.67	469.3	395.38	0.0550	410.3	7.386	15.21	7.33	1.60
	48.88	28.47	67.65	0.00	0.0615	10.71	471.2	396.97	0.0552	402.5	7.244	14.92	7.05	1.60
	49.87	28.49	67.67	-0.00	0.0614	10.71	471.1	396.79	0.0554	413.6	7.444	15.33	7.45	1.60
	50.90	28.53	67.65	-0.00	0.0616	10.71	471.1	396.96	0.0554	418.1	7.525	15.50	7.61	1.61
	51.88	28.51	67.62	0.00	0.0615	10.70	470.8	396.87	0.0548	412.3	7.421	15.29	7.40	1.61
	52.88	28.51	67.63	0.00	0.0614	10.68	470.0	396.14	0.0547	408.4	7.352	15.15	7.27	1.60
	53.88	28.51	67.65	0.00	0.0616	10.69	470.3	396.25	0.0545	404.8	7.286	15.01	7.14	1.60
	54.87	28.51	67.60	0.00	0.0615	10.70	470.9	397.05	0.0559	416.9	7.504	15.47	7.57	1.60
	55.90	28.55	67.67	-0.00	0.0613	10.69	470.1	396.05	0.0549	409.9	7.378	15.19	7.32	1.61
	56.86	28.51	67.65	0.00	0.0614	10.66	468.9	395.11	0.0543	402.6	7.247	14.93	7.06	1.60
	57.88	28.53	67.65	0.00	0.0615	10.70	470.9	396.77	0.0556	414.2	7.455	15.36	7.47	1.60
	58.89	28.50	67.65	-0.00	0.0614	10.69	470.1	396.13	0.0553	417.6	7.517	15.48	7.59	1.60
	59.89	28.51	67.65	-0.00	0.0614	10.68	469.8	395.85	0.0544	402.8	7.250	14.93	7.06	1.60
	60.89	28.49	67.65	0.00	0.0615	10.67	469.7	395.70	0.0545	405.8	7.305	15.04	7.17	1.60
	61.87	28.52	67.65	0.00	0.0615	10.69	470.2	396.17	0.0549	408.1	7.346	15.13	7.26	1.61
	62.88	28.51	67.65	0.00	0.0614	10.71	471.1	396.93	0.0554	415.1	7.472	15.39	7.51	1.61
	63.87	28.51	67.65	0.00	0.0614	10.68	469.9	395.94	0.0554	412.3	7.421	15.28	7.40	1.60
	64.86	28.51	67.65	0.00	0.0616	10.71	471.2	397.06	0.0560	418.8	7.538	15.53	7.63	1.60
	65.86	28.51	67.65	0.00	0.0614	10.68	469.7	395.77	0.0552	413.8	7.448	15.34	7.46	1.60
	66.86	28.50	67.65	0.00	0.0612	10.62	467.4	393.84	0.0550	409.1	7.364	15.17	7.29	1.60
	67.89	28.55	67.68	-0.00	0.0612	10.62	467.3	393.61	0.0548	405.5	7.300	15.03	7.17	1.60
	68.87	28.53	67.65	0.00	0.0614	10.66	469.0	395.15	0.0551	408.1	7.346	15.13	7.26	1.60
	69.89	28.53	67.67	0.00	0.0615	10.71	471.1	396.83	0.0550	410.2	7.384	15.20	7.33	1.60
	70.87	28.56	67.65	0.00	0.0612	10.64	468.3	394.65	0.0547	406.6	7.319	15.08	7.20	1.60
	71.89	28.57	67.65	0.00	0.0611	10.61	466.9	393.49	0.0546	404.2	7.276	14.99	7.12	1.60
	72.88	28.58	67.65	-0.00	0.0612	10.61	466.8	393.38	0.0546	403.6	7.265	14.97	7.10	1.60
	73.88	28.59	67.65	-0.00	0.0615	10.68	469.7	395.89	0.0549	407.7	7.338	15.12	7.24	1.60
	74.88	28.59	67.65	0.00	0.0614	10.71	471.4	397.29	0.0552	413.2	7.438	15.32	7.44	1.60
	75.86	28.60	67.72	0.00	0.0613	10.67	469.4	395.21	0.0546	405.0	7.290	15.00	7.15	1.61
	76.88	28.65	67.67	0.00	0.0614	10.69	470.4	396.44	0.0547	410.5	7.390	15.22	7.35	1.60
	77.86	28.65	67.70	0.00	0.0616	10.71	471.1	396.85	0.0552	411.6	7.409	15.26	7.39	1.60
	78.91	28.62	67.67	-0.00	0.0615	10.69	470.3	396.31	0.0550	410.3	7.386	15.21	7.34	1.61
	79.87	28.62	67.67	0.00	0.0613	10.66	469.2	395.35	0.0545	405.6	7.300	15.04	7.17	1.61
	80.89	28.62	67.68	0.00	0.0615	10.69	470.3	396.28	0.0554	411.0	7.398	15.24	7.36	1.60
	81.88	28.63	67.65	-0.00	0.0616	10.70	470.8	396.80	0.0558	415.8	7.484	15.42	7.53	1.60
	82.88	28.60	67.65	0.00	0.0615	10.71	471.1	397.07	0.0558	418.1	7.525	15.50	7.61	1.60
	83.88	28.59	67.68	0.00	0.0614	10.68	469.8	395.83	0.0552	414.0	7.451	15.35	7.47	1.61
	84.89	28.58	67.63	0.00	0.0614	10.69	470.2	396.44	0.0556	416.3	7.494	15.44	7.55	1.61
	85.88	28.59	67.65	0.00	0.0614	10.71	471.3	397.22	0.0564	425.2	7.653	15.77	7.86	1.61
	86.89	28.59	67.68	-0.00	0.0615	10.71	471.3	397.07	0.0564	425.1	7.652	15.76	7.86	1.60
	87.88	28.58	67.67	0.00	0.0613	10.67	469.7	395.69	0.0554	417.6	7.517	15.48	7.60	1.60
	88.89	28.56	67.68	-0.00	0.0615	10.70	470.8	396.64	0.0558	419.2	7.546	15.54	7.65	1.60
	89.87	28.55	67.65	0.00	0.0616	10.70	470.9	396.81	0.0562	424.7	7.645	15.75	7.84	1.61
	90.95	28.53	67.67	0.00	0.0614	10.67	469.7	395.62	0.0557	418.6	7.535	15.52	7.63	1.61
	91.87	28.51	67.67	0.00	0.0611	10.66	469.2	395.22	0.0556	416.8	7.502	15.45	7.56	1.61
	92.87	28.51	67.65	0.00	0.0613	10.61	466.6	393.16	0.0565	414.9	7.468	15.38	7.50	1.60
	93.88	28.51	67.67	-0.00	0.0615	10.68	470.1	395.93	0.0559	419.3	7.547	15.54	7.65	1.60
	94.88	28.53	67.68	0.00	0.0615	10.70	470.8	396.53	0.0562	425.0	7.649	15.75	7.85	1.60
	95.88	28.53	67.68	0.00	0.0613	10.66	469.0	395.07	0.0559	418.7	7.536	15.52	7.63	1.61
	96.89	28.53	67.67	-0.00	0.0613	10.66	469.0	395.08	0.0561	417.3	7.512	15.47	7.58	1.61
	97.89	28.52	67.68	-0.00	0.0614	10.65	468.7	394.82	0.0574	427.3	7.691	15.83	7.93	1.61
	98.87	28.52	67.68	0.00	0.0615	10.68	469.9	395.76	0.0570	428.8	7.718	15.89	7.98	1.60
	99.89	28.53	67.68	0.00	0.0615	10.68	469.8	395.70	0.0566	424.1	7.634	15.72	7.82	1.60
	100.89	28.56	67.68	-0.00	0.0614	10.68	470.1	395.99	0.0570	426.6	7.679	15.81	7.91	1.60
	101.96	28.55	67.65	-0.00	0.0613	10.67	469.5	395.66	0.0576	427.6	7.697	15.86	7.94	1.60
	102.88	28.53	67.65	-0.00	0.0613	10.67	469.7	395.75	0.0566	428.5	7.713	15.89	7.97	1.61
	103.86	28.48	67.63	0.00	0.0614	10.68	469.9	396.01	0.0574	436.2	7.852	16.17	8.23	1.61
	104.86	28.51	67.67	0.00	0.0611	10.57	465.0	391.65	0.0566	425.1	7.652	15.75	7.85	1.60
	105.89	28.53	67.70	-0.00	0.0613	10.67	469.3	395.17	0.0572	434.3	7.817	16.09	8.17	1.60
	106.89	28.55	67.65	0.00	0.0613	10.67	469.5	395.67	0.0573	422.3	7.601	15.66	7.76	1.60
	107.87	28.52	67.70	0.00	0.0613	10.68	469.9	395.64	0.0570	430.5	7.749	15.95	8.04	1.60
	108.90	28.53	67.67	-0.00	0.0613	10.65	468.8	394.88	0.0562	414.9	7.467	15.38	7.50	1.61
	109.87	28.55	67.67	0.00	0.0612	10.63	467.8	394.11	0.0553	416.9	7.505	15.45	7.57	1.61
	110.90	28.55	67.68	-0.00	0.0612	10.65	468.7	394.79	0.0545	410.4	7.387	15.21	7.34	1.60
	111.87	28.55	67.68	0.00	0.0614	10.68	469.8	395.75	0.0566	425.1	7.652	15.75	7.85	1.60
	112.88	28.53	67.65	0.00	0.0613	10.64	468.1	394.47	0.0572	430.5	7.750	15.96	8.04	1.60
	113.94	28.53	67.65	0.00	0.0612	10.64	468.1	394.43	0.0571	431.7	7.770	16.00	8.08	1.60
	114.88	28.55	67.67	0.00	0.0610	10.61	466.7	393.18	0.0548	411.0	7.398	15.23	7.36	1.61
	115.88	28.54	67.65	0.00	0.0612	10.64	468.2	394.51	0.0561	418.3	7.530	15.51	7.62	1.61
	116.88	28.57	67.65	0.00	0.0611	10.61	466.9	393.43	0.0546	399.5	7.191	14.81	6.95	1.60
	117.95	28.60	67.65	0.00	0.0613	10.65	468.6	394.97	0.0552	411.5	7.407	15.26	7.38	1.61
	118.86	28.59	67.67	0.00	0.0612	10.63	467.6	393.97	0.0548	407.8	7.341	15.12	7.25	1.60
	119.89	28.60	67.67	0.00	0.0611	10.62	467.2	393.65	0.0525	383.7	6.907	14.23	6.36	1.60
	120.89	28.60	67.65	0.00	0.0611	10.62	467.1	393.70	0.0530	388.1	6.986	14.39	6.53	1.60
	121.88	28.62	67.67	-0.00	0.0613	10.67	469.5	395.58	0.0550	406.8	7.322	15.08	7.21	1.60
	122.88	28.64	67.65	-0.00	0.0612	10.66	468.9	395.29	0.0548	409.6	7.373	15.19	7.32	1.60
