Jul 28 2015 at 12:26:15
Frequency: 1.00Hz.
CO2
Zero:  Value:0.95  Date:18 Mar 2005	 at 07:22:33	
Span:  Value:1.00  Date:18 Mar 2005	 at 07:25:09	
H2O
Zero:  Value:0.71  Date:18 Mar 2005	 at 07:52:31	
Span:  Value:0.99  Date:18 Mar 2005	 at 11:44:01	
	Relative Time	Temperature	Pressure	Aux Input	CO2 Absorptance	CO2 mmol/m3	CO2 mg/m3	CO2 umol/mol	H2O Absorptance	H2O mmol/m3	H2O g/m3	H2O mmol/mol	H2O(°C)	Cooler Voltage
	0.87	30.05	67.68	-0.00	0.0621	10.83	476.6	403.44	0.0431	291.3	5.243	10.85	2.50	1.59
	1.86	30.08	67.68	0.00	0.0622	10.88	478.9	405.42	0.0449	304.9	5.488	11.36	3.14	1.58
	2.87	30.08	67.68	-0.00	0.0622	10.86	477.9	404.62	0.0461	318.6	5.735	11.87	3.76	1.58
	3.87	30.10	67.68	-0.00	0.0621	10.82	476.0	403.06	0.0457	313.1	5.635	11.66	3.52	1.58
	4.87	30.10	67.68	-0.00	0.0621	10.83	476.7	403.66	0.0454	314.7	5.664	11.72	3.59	1.58
	5.87	30.10	67.68	0.00	0.0621	10.80	475.3	402.48	0.0451	311.5	5.606	11.60	3.44	1.59
	6.86	30.10	67.70	-0.00	0.0619	10.81	475.7	402.63	0.0450	312.2	5.620	11.63	3.48	1.59
	7.85	30.12	67.68	0.00	0.0618	10.78	474.5	401.78	0.0469	326.4	5.875	12.16	4.11	1.58
	8.86	30.10	67.70	0.00	0.0617	10.78	474.2	401.35	0.0465	323.1	5.816	12.03	3.96	1.58
	9.88	30.12	67.68	0.00	0.0622	10.88	478.8	405.43	0.0467	332.3	5.982	12.38	4.37	1.58
	10.84	30.15	67.70	0.00	0.0620	10.81	475.8	402.82	0.0444	304.5	5.480	11.34	3.12	1.59
	11.87	30.13	67.68	-0.00	0.0632	11.02	484.9	410.61	0.0483	328.2	5.908	12.23	4.19	1.59
	12.85	30.09	67.68	0.00	0.0624	10.97	482.7	408.69	0.0475	337.8	6.080	12.58	4.60	1.58
	13.87	30.10	67.68	0.00	0.0621	10.85	477.3	404.15	0.0463	323.6	5.826	12.06	3.99	1.58
	14.95	30.03	67.68	-0.00	0.0620	10.80	475.3	402.36	0.0460	319.8	5.757	11.91	3.82	1.58
	15.87	30.03	67.70	-0.00	0.0623	10.87	478.5	404.88	0.0485	336.2	6.052	12.52	4.53	1.58
	16.86	30.01	67.68	0.00	0.0623	10.88	478.7	405.14	0.0483	343.5	6.183	12.79	4.83	1.59
	17.92	30.05	67.70	0.00	0.0621	10.85	477.3	403.89	0.0470	328.8	5.918	12.24	4.21	1.58
	18.86	30.05	67.70	-0.00	0.0622	10.84	476.9	403.60	0.0473	330.3	5.946	12.30	4.28	1.58
	19.86	30.06	67.68	-0.00	0.0623	10.86	477.7	404.40	0.0476	333.1	5.996	12.41	4.40	1.58
	20.84	30.08	67.67	0.00	0.0623	10.87	478.1	404.81	0.0474	332.9	5.992	12.40	4.39	1.58
	21.86	30.08	67.70	0.00	0.0621	10.81	475.8	402.71	0.0482	334.4	6.019	12.45	4.45	1.58
	22.87	30.10	67.68	0.00	0.0619	10.83	476.5	403.41	0.0483	344.2	6.195	12.82	4.87	1.59
	23.87	30.10	67.63	0.00	0.0620	10.82	475.9	403.26	0.0486	345.3	6.215	12.87	4.91	1.58
	24.87	30.15	67.68	-0.00	0.0619	10.77	474.1	401.45	0.0488	344.1	6.193	12.82	4.86	1.58
	25.86	30.15	67.68	0.00	0.0619	10.79	474.7	402.01	0.0489	347.4	6.253	12.94	5.00	1.58
	26.86	30.12	67.68	-0.00	0.0620	10.80	475.4	402.54	0.0489	347.9	6.263	12.96	5.02	1.58
	27.88	30.12	67.70	-0.00	0.0620	10.79	474.6	401.69	0.0489	347.7	6.259	12.95	5.01	1.58
	28.86	30.10	67.65	-0.00	0.0617	10.76	473.3	400.90	0.0493	349.6	6.293	13.03	5.09	1.58
	29.86	30.12	67.68	-0.00	0.0616	10.72	471.8	399.47	0.0497	353.1	6.356	13.16	5.23	1.58
	30.86	30.14	67.68	0.00	0.0615	10.69	470.5	398.39	0.0515	368.7	6.637	13.74	5.86	1.58
	31.84	30.12	67.68	0.00	0.0617	10.75	472.9	400.43	0.0494	351.2	6.322	13.09	5.16	1.58
	32.85	30.13	67.68	0.00	0.0615	10.69	470.2	398.17	0.0511	366.2	6.591	13.64	5.76	1.58
	33.84	30.10	67.70	0.00	0.0615	10.69	470.4	398.18	0.0503	364.2	6.556	13.56	5.68	1.58
	34.85	30.08	67.67	0.00	0.0616	10.73	472.0	399.60	0.0496	354.2	6.376	13.20	5.28	1.58
	35.86	30.12	67.68	0.00	0.0616	10.73	472.2	399.80	0.0489	348.4	6.271	12.98	5.04	1.59
	36.86	30.06	67.68	0.00	0.0618	10.75	473.1	400.55	0.0492	349.5	6.291	13.02	5.08	1.59
	37.86	30.02	67.68	0.00	0.0616	10.71	471.3	398.92	0.0498	355.9	6.406	13.26	5.34	1.58
	38.88	30.03	67.68	-0.00	0.0614	10.69	470.5	398.29	0.0524	378.4	6.812	14.10	6.23	1.59
	39.86	30.02	67.68	0.00	0.0614	10.66	469.1	397.06	0.0536	386.1	6.949	14.38	6.52	1.58
	40.87	30.05	67.67	-0.00	0.0613	10.65	468.4	396.58	0.0520	382.4	6.883	14.24	6.38	1.59
	41.87	30.00	67.73	-0.00	0.0616	10.70	470.9	398.26	0.0509	366.8	6.603	13.65	5.78	1.58
	42.93	29.97	67.70	0.00	0.0613	10.65	468.6	396.45	0.0519	377.3	6.791	14.04	6.18	1.58
	43.87	29.94	67.68	-0.00	0.0613	10.68	469.9	397.62	0.0525	377.9	6.803	14.07	6.21	1.58
	44.87	29.99	67.72	0.00	0.0614	10.69	470.3	397.78	0.0518	376.2	6.772	14.00	6.14	1.58
	45.86	30.01	67.70	-0.00	0.0614	10.69	470.3	397.91	0.0516	374.5	6.741	13.94	6.08	1.59
	46.86	30.01	67.68	0.00	0.0613	10.67	469.4	397.34	0.0514	370.3	6.665	13.79	5.91	1.59
	47.86	30.03	67.70	-0.00	0.0612	10.65	468.5	396.42	0.0524	382.6	6.886	14.24	6.39	1.59
	48.86	30.01	67.70	-0.00	0.0612	10.63	467.8	395.85	0.0530	387.9	6.982	14.44	6.59	1.59
	49.92	30.03	67.67	0.00	0.0611	10.64	468.0	396.17	0.0530	390.8	7.034	14.56	6.70	1.58
	50.86	30.09	67.70	0.00	0.0612	10.64	468.2	396.27	0.0517	376.0	6.767	14.00	6.14	1.59
	51.87	30.08	67.68	0.00	0.0612	10.63	467.9	396.10	0.0519	377.8	6.801	14.07	6.21	1.59
	52.85	30.12	67.68	0.00	0.0614	10.66	469.1	397.20	0.0516	373.7	6.727	13.92	6.05	1.59
	53.88	30.10	67.70	-0.00	0.0612	10.63	467.9	396.01	0.0518	375.8	6.764	14.00	6.13	1.59
	54.87	30.15	67.70	-0.00	0.0613	10.66	469.0	397.05	0.0518	375.8	6.764	14.00	6.13	1.59
	55.86	30.12	67.68	-0.00	0.0612	10.63	467.7	396.06	0.0521	379.0	6.823	14.12	6.26	1.59
	56.85	30.15	67.70	0.00	0.0613	10.65	468.7	396.70	0.0514	372.7	6.709	13.88	6.02	1.59
	57.84	30.16	67.68	0.00	0.0613	10.64	468.3	396.55	0.0517	374.1	6.733	13.94	6.07	1.59
	58.86	30.16	67.68	0.00	0.0611	10.63	467.5	395.92	0.0529	386.7	6.960	14.41	6.55	1.59
	59.86	30.19	67.70	-0.00	0.0611	10.62	467.1	395.45	0.0529	389.9	7.018	14.52	6.67	1.59
	60.86	30.16	67.68	0.00	0.0611	10.60	466.5	395.06	0.0526	384.4	6.920	14.32	6.46	1.58
	61.84	30.19	67.70	0.00	0.0612	10.62	467.1	395.47	0.0525	382.8	6.890	14.26	6.40	1.59
	62.87	30.14	67.70	0.00	0.0612	10.63	467.6	395.78	0.0528	388.2	6.987	14.46	6.60	1.59
	63.93	30.14	67.68	0.00	0.0610	10.60	466.4	394.96	0.0529	387.6	6.976	14.44	6.58	1.59
	64.85	30.17	67.70	0.00	0.0610	10.58	465.4	393.97	0.0523	383.2	6.897	14.27	6.42	1.59
	65.86	30.10	67.68	0.00	0.0612	10.62	467.4	395.71	0.0521	380.6	6.850	14.18	6.32	1.59
	66.86	30.08	67.68	-0.00	0.0612	10.63	467.7	396.00	0.0518	376.9	6.785	14.04	6.18	1.59
	67.86	30.04	67.68	0.00	0.0612	10.61	467.0	395.31	0.0517	376.5	6.777	14.02	6.16	1.59
	68.84	30.07	67.68	0.00	0.0609	10.61	466.9	395.32	0.0518	376.0	6.768	14.01	6.14	1.59
	69.86	30.06	67.68	0.00	0.0611	10.61	466.9	395.26	0.0522	380.5	6.849	14.17	6.31	1.59
	70.84	30.07	67.68	0.00	0.0610	10.59	465.8	394.38	0.0521	378.8	6.819	14.11	6.25	1.59
	71.85	30.05	67.68	0.00	0.0610	10.59	466.1	394.60	0.0524	380.5	6.849	14.17	6.31	1.58
	72.87	30.05	67.70	-0.00	0.0610	10.60	466.4	394.74	0.0524	379.7	6.834	14.14	6.28	1.59
	73.88	30.05	67.68	-0.00	0.0609	10.57	464.9	393.54	0.0522	381.3	6.863	14.20	6.34	1.59
	74.86	30.07	67.70	0.00	0.0610	10.59	465.9	394.27	0.0519	378.0	6.804	14.07	6.22	1.59
	75.85	30.07	67.68	0.00	0.0610	10.57	464.9	393.59	0.0523	386.0	6.947	14.38	6.52	1.59
	76.86	30.12	67.68	0.00	0.0609	10.55	464.4	393.21	0.0529	391.9	7.055	14.60	6.74	1.59
	77.84	30.10	67.70	0.00	0.0608	10.55	464.3	392.99	0.0538	396.7	7.140	14.77	6.92	1.59
	78.87	30.17	67.70	-0.00	0.0607	10.53	463.3	392.24	0.0540	400.0	7.199	14.90	7.04	1.59
	79.86	30.17	67.63	-0.00	0.0608	10.54	463.9	393.12	0.0541	397.4	7.153	14.82	6.95	1.59
	80.86	30.14	67.70	0.00	0.0608	10.54	463.6	392.47	0.0540	398.3	7.169	14.84	6.98	1.59
	81.85	30.16	67.68	-0.00	0.0607	10.52	462.8	391.95	0.0547	406.7	7.321	15.16	7.29	1.59
	82.87	30.19	67.68	-0.00	0.0607	10.53	463.2	392.33	0.0550	411.2	7.402	15.33	7.45	1.59
	83.85	30.15	67.68	0.00	0.0608	10.54	463.8	392.71	0.0547	402.9	7.252	15.01	7.15	1.59
	84.85	30.14	67.70	0.00	0.0607	10.51	462.6	391.60	0.0559	421.6	7.588	15.70	7.81	1.59
	85.85	30.12	67.70	0.00	0.0606	10.50	462.0	391.09	0.0560	419.5	7.550	15.62	7.74	1.59
	86.84	30.12	67.68	0.00	0.0608	10.53	463.4	392.36	0.0546	409.8	7.377	15.27	7.40	1.59
	87.88	30.12	67.68	-0.00	0.0607	10.54	463.7	392.68	0.0559	412.1	7.417	15.35	7.47	1.59
	88.92	30.12	67.68	0.00	0.0607	10.52	463.0	392.09	0.0562	422.6	7.607	15.75	7.85	1.59
	89.87	30.10	67.70	-0.00	0.0606	10.51	462.6	391.55	0.0567	421.5	7.587	15.70	7.81	1.59
	90.86	30.15	67.67	0.00	0.0605	10.48	461.2	390.55	0.0566	426.4	7.675	15.89	7.98	1.59
	91.84	30.12	67.68	0.00	0.0606	10.52	462.9	391.96	0.0557	414.4	7.460	15.44	7.56	1.59
	92.87	30.10	67.70	-0.00	0.0606	10.49	461.4	390.53	0.0555	413.8	7.449	15.41	7.54	1.59
	93.87	30.08	67.68	-0.00	0.0606	10.50	461.8	391.00	0.0560	419.0	7.542	15.61	7.72	1.59
	94.86	30.11	67.68	0.00	0.0605	10.50	461.9	391.09	0.0561	417.3	7.511	15.54	7.66	1.59
	95.86	30.06	67.68	-0.00	0.0606	10.49	461.5	390.69	0.0559	418.6	7.535	15.59	7.70	1.59
	96.88	30.08	67.68	-0.00	0.0606	10.50	461.9	391.06	0.0558	418.6	7.535	15.59	7.70	1.59
	97.86	30.05	67.68	0.00	0.0606	10.51	462.5	391.54	0.0551	410.7	7.393	15.30	7.42	1.59
	98.86	30.03	67.68	0.00	0.0607	10.50	462.1	391.13	0.0554	413.1	7.436	15.39	7.51	1.59
	99.86	30.03	67.70	0.00	0.0607	10.50	462.0	390.91	0.0549	409.7	7.374	15.25	7.38	1.59
	100.84	30.01	67.65	0.00	0.0607	10.51	462.6	391.71	0.0552	412.7	7.429	15.38	7.49	1.59
	101.87	30.10	67.70	-0.00	0.0607	10.51	462.4	391.35	0.0550	408.7	7.356	15.22	7.35	1.59
	102.87	30.05	67.70	-0.00	0.0606	10.49	461.7	390.72	0.0552	409.6	7.373	15.25	7.38	1.59
	103.85	30.06	67.73	0.00	0.0606	10.49	461.8	390.62	0.0550	409.3	7.367	15.23	7.37	1.59
	104.85	30.06	67.68	0.00	0.0607	10.51	462.3	391.37	0.0550	408.5	7.353	15.22	7.35	1.59
	105.86	30.08	67.68	-0.00	0.0606	10.49	461.8	390.94	0.0552	410.3	7.386	15.29	7.41	1.59
	106.84	30.13	67.68	0.00	0.0606	10.47	460.8	390.16	0.0552	412.7	7.428	15.38	7.50	1.59
	107.86	30.17	67.68	-0.00	0.0606	10.50	462.2	391.41	0.0555	413.5	7.442	15.41	7.53	1.59
	108.87	30.12	67.68	-0.00	0.0605	10.47	460.5	389.96	0.0559	416.6	7.500	15.52	7.64	1.59
	109.87	30.16	67.72	-0.00	0.0604	10.44	459.6	388.92	0.0569	422.5	7.604	15.73	7.84	1.59
	110.87	30.16	67.68	-0.00	0.0604	10.46	460.3	389.82	0.0571	431.9	7.774	16.09	8.17	1.59
	111.87	30.12	67.68	0.00	0.0604	10.44	459.5	389.07	0.0590	456.2	8.212	17.00	8.97	1.59
	112.85	30.23	67.68	0.00	0.0605	10.47	460.7	390.25	0.0570	433.2	7.798	16.15	8.21	1.59
	113.86	30.17	67.72	0.00	0.0606	10.49	461.7	390.71	0.0571	430.3	7.745	16.02	8.11	1.59
	114.86	30.17	67.68	-0.00	0.0605	10.48	461.1	390.47	0.0572	432.5	7.786	16.12	8.19	1.59
	115.86	30.19	67.68	0.00	0.0603	10.45	459.9	389.51	0.0570	431.6	7.768	16.08	8.16	1.59
	116.84	30.17	67.70	0.00	0.0603	10.44	459.3	388.84	0.0569	431.0	7.757	16.05	8.14	1.59
	117.86	30.12	67.70	0.00	0.0605	10.47	460.6	389.89	0.0573	435.7	7.843	16.23	8.29	1.59
	118.86	30.14	67.70	-0.00	0.0604	10.44	459.6	389.04	0.0573	433.2	7.798	16.14	8.21	1.59
	119.87	30.17	67.72	-0.00	0.0604	10.48	461.0	390.15	0.0573	433.7	7.807	16.15	8.23	1.59
	120.87	30.15	67.70	0.00	0.0605	10.47	460.6	389.93	0.0570	430.7	7.752	16.04	8.12	1.59
