Jul 28 2015 at 10:35:24
Frequency: 1.00Hz.
CO2
Zero:  Value:0.95  Date:18 Mar 2005	 at 07:22:33	
Span:  Value:1.00  Date:18 Mar 2005	 at 07:25:09	
H2O
Zero:  Value:0.71  Date:18 Mar 2005	 at 07:52:31	
Span:  Value:0.99  Date:18 Mar 2005	 at 11:44:01	
	Relative Time	Temperature	Pressure	Aux Input	CO2 Absorptance	CO2 mmol/m3	CO2 mg/m3	CO2 umol/mol	H2O Absorptance	H2O mmol/m3	H2O g/m3	H2O mmol/mol	H2O(°C)	Cooler Voltage
	0.06	25.27	67.65	-0.00	0.0615	10.71	471.3	392.81	0.0492	348.9	6.280	12.80	4.83	1.60
	1.05	25.29	67.65	-0.00	0.0615	10.71	471.4	392.99	0.0483	341.6	6.149	12.53	4.53	1.60
	2.06	25.27	67.65	-0.00	0.0615	10.70	471.0	392.58	0.0482	346.2	6.231	12.70	4.72	1.60
	3.04	25.25	67.65	0.00	0.0615	10.69	470.4	392.03	0.0484	341.0	6.138	12.51	4.50	1.60
	4.06	25.27	67.65	-0.00	0.0614	10.70	470.7	392.31	0.0477	334.7	6.025	12.28	4.24	1.60
	5.05	25.27	67.65	0.00	0.0613	10.66	469.2	391.13	0.0473	332.8	5.990	12.20	4.16	1.60
	6.05	25.27	67.68	-0.00	0.0612	10.61	466.7	388.89	0.0474	329.1	5.924	12.07	4.00	1.60
	7.13	25.31	67.65	0.00	0.0613	10.66	469.0	391.01	0.0475	337.5	6.075	12.38	4.36	1.60
	8.04	25.29	67.65	0.00	0.0614	10.65	468.6	390.65	0.0476	336.5	6.056	12.34	4.31	1.60
	9.05	25.29	67.65	0.00	0.0610	10.62	467.2	389.49	0.0482	341.7	6.151	12.53	4.53	1.60
	10.05	25.27	67.65	-0.00	0.0611	10.61	467.0	389.28	0.0490	345.0	6.210	12.65	4.67	1.60
	11.04	25.25	67.63	0.00	0.0610	10.61	466.6	389.05	0.0495	353.5	6.362	12.97	5.02	1.60
	12.04	25.21	67.65	-0.00	0.0611	10.62	467.2	389.38	0.0492	353.3	6.360	12.96	5.01	1.60
	13.06	25.24	67.65	-0.00	0.0610	10.62	467.4	389.51	0.0502	359.1	6.465	13.17	5.25	1.60
	14.12	25.25	67.65	-0.00	0.0609	10.59	465.9	388.33	0.0503	362.5	6.525	13.29	5.38	1.60
	15.04	25.25	67.65	0.00	0.0608	10.55	464.3	386.97	0.0516	372.2	6.699	13.65	5.76	1.60
	16.05	25.27	67.65	-0.00	0.0608	10.56	464.7	387.36	0.0511	367.6	6.616	13.48	5.58	1.60
	17.04	25.27	67.68	0.00	0.0607	10.53	463.3	386.02	0.0511	371.8	6.692	13.63	5.75	1.60
	18.03	25.27	67.65	0.00	0.0607	10.53	463.3	386.17	0.0516	372.5	6.705	13.66	5.77	1.60
	19.05	25.29	67.67	0.00	0.0606	10.49	461.5	384.61	0.0531	388.3	6.989	14.24	6.37	1.60
	20.03	25.29	67.63	0.00	0.0606	10.50	461.8	385.06	0.0525	385.5	6.938	14.14	6.27	1.60
	21.06	25.31	67.65	0.00	0.0606	10.50	461.8	384.98	0.0532	389.7	7.015	14.30	6.43	1.60
	22.04	25.31	67.65	0.00	0.0605	10.47	460.9	384.21	0.0534	389.9	7.018	14.30	6.44	1.60
	23.06	25.28	67.65	-0.00	0.0605	10.47	460.6	383.93	0.0535	393.7	7.087	14.44	6.58	1.60
	24.06	25.29	67.65	0.00	0.0605	10.45	459.7	383.21	0.0545	405.0	7.290	14.85	6.99	1.60
	25.04	25.27	67.65	0.00	0.0604	10.46	460.2	383.58	0.0549	405.0	7.290	14.85	6.99	1.60
	26.11	25.27	67.65	0.00	0.0605	10.45	460.0	383.39	0.0551	405.2	7.293	14.86	6.99	1.60
	27.05	25.25	67.65	-0.00	0.0603	10.42	458.7	382.30	0.0552	409.5	7.372	15.02	7.15	1.60
	28.05	25.27	67.67	-0.00	0.0601	10.41	458.0	381.66	0.0562	410.3	7.385	15.04	7.17	1.60
	29.05	25.27	67.65	-0.00	0.0600	10.37	456.3	380.34	0.0561	425.7	7.662	15.61	7.71	1.60
	30.05	25.27	67.65	0.00	0.0599	10.36	455.8	379.90	0.0556	416.1	7.490	15.26	7.38	1.60
	31.05	25.27	67.65	0.00	0.0599	10.37	456.4	380.41	0.0560	415.9	7.486	15.25	7.37	1.60
	32.04	25.27	67.65	0.00	0.0599	10.35	455.2	379.43	0.0579	433.6	7.805	15.90	7.99	1.60
	33.04	25.29	67.65	-0.00	0.0601	10.37	456.4	380.47	0.0572	428.8	7.718	15.73	7.82	1.60
	34.05	25.25	67.65	-0.00	0.0600	10.35	455.2	379.41	0.0573	437.6	7.877	16.05	8.12	1.60
	35.04	25.27	67.65	0.00	0.0597	10.29	452.7	377.31	0.0588	453.0	8.154	16.61	8.63	1.60
	36.04	25.31	67.65	0.00	0.0597	10.30	453.1	377.70	0.0593	455.1	8.191	16.69	8.70	1.60
	37.05	25.29	67.65	0.00	0.0595	10.27	452.0	376.79	0.0592	453.8	8.169	16.64	8.66	1.60
	38.03	25.29	67.65	0.00	0.0595	10.23	450.1	375.22	0.0604	464.6	8.362	17.04	9.00	1.60
	39.05	25.29	67.67	0.00	0.0595	10.23	450.2	375.14	0.0604	467.6	8.416	17.14	9.10	1.60
	40.06	25.31	67.65	-0.00	0.0594	10.22	449.7	374.85	0.0607	468.8	8.438	17.20	9.14	1.60
	41.06	25.29	67.65	-0.00	0.0593	10.19	448.4	373.80	0.0615	478.3	8.610	17.54	9.44	1.60
	42.04	25.33	67.65	-0.00	0.0593	10.18	448.1	373.54	0.0617	486.0	8.748	17.83	9.68	1.60
	43.04	25.31	67.65	0.00	0.0591	10.18	448.1	373.55	0.0621	486.1	8.750	17.83	9.68	1.60
	44.04	25.32	67.65	-0.00	0.0589	10.14	446.3	372.07	0.0628	496.2	8.932	18.20	9.99	1.60
	45.05	25.33	67.65	0.00	0.0591	10.17	447.4	372.94	0.0624	491.9	8.854	18.04	9.86	1.60
	46.04	25.32	67.65	0.00	0.0591	10.19	448.4	373.85	0.0621	484.4	8.720	17.77	9.63	1.60
	47.05	25.34	67.63	-0.00	0.0590	10.15	446.5	372.41	0.0631	496.1	8.930	18.21	9.98	1.60
	48.05	25.33	67.65	-0.00	0.0587	10.11	444.8	370.83	0.0645	503.6	9.065	18.47	10.21	1.60
	49.05	25.33	67.68	0.00	0.0589	10.11	444.7	370.61	0.0634	503.9	9.070	18.47	10.22	1.60
	50.03	25.34	67.65	0.00	0.0592	10.15	446.7	372.43	0.0623	488.3	8.789	17.91	9.75	1.60
	51.06	25.33	67.68	0.00	0.0591	10.14	446.1	371.78	0.0629	491.2	8.842	18.01	9.83	1.60
	52.06	25.34	67.65	-0.00	0.0591	10.14	446.1	371.89	0.0627	494.0	8.892	18.12	9.92	1.60
	53.06	25.34	67.65	0.00	0.0591	10.16	447.2	372.86	0.0622	489.0	8.801	17.94	9.77	1.60
	54.05	25.33	67.65	-0.00	0.0589	10.13	445.8	371.65	0.0630	497.9	8.963	18.26	10.04	1.60
	55.04	25.35	67.65	0.00	0.0587	10.11	444.8	370.89	0.0629	496.0	8.927	18.19	9.98	1.60
	56.05	25.33	67.65	-0.00	0.0587	10.11	444.7	370.72	0.0640	503.5	9.062	18.47	10.20	1.60
	57.05	25.33	67.65	-0.00	0.0587	10.09	443.8	370.02	0.0646	507.5	9.135	18.62	10.32	1.60
	58.05	25.34	67.67	0.00	0.0587	10.05	442.3	368.63	0.0647	516.6	9.299	18.94	10.59	1.60
	59.05	25.33	67.68	0.00	0.0584	10.01	440.3	366.96	0.0659	527.7	9.499	19.35	10.91	1.60
	60.05	25.31	67.65	0.00	0.0582	9.98	439.2	366.09	0.0664	536.1	9.651	19.66	11.15	1.60
	61.04	25.31	67.65	0.00	0.0581	9.96	438.4	365.43	0.0665	537.7	9.679	19.72	11.19	1.60
	62.12	25.29	67.65	-0.00	0.0584	9.99	439.5	366.39	0.0664	534.1	9.614	19.59	11.09	1.60
	63.02	25.29	67.65	0.00	0.0583	9.97	438.8	365.78	0.0663	537.8	9.680	19.72	11.19	1.60
	64.05	25.31	67.65	0.00	0.0583	9.97	438.7	365.72	0.0666	539.0	9.701	19.77	11.23	1.60
	65.04	25.27	67.65	0.00	0.0583	9.98	439.1	365.95	0.0665	536.4	9.655	19.67	11.15	1.60
	66.05	25.29	67.65	0.00	0.0581	9.98	438.9	365.88	0.0667	540.2	9.723	19.81	11.26	1.60
	67.11	25.29	67.65	0.00	0.0582	9.98	439.3	366.20	0.0669	542.6	9.767	19.90	11.33	1.60
	68.03	25.27	67.65	0.00	0.0582	9.97	438.9	365.80	0.0670	544.3	9.797	19.96	11.37	1.60
	69.05	25.27	67.65	0.00	0.0582	9.96	438.4	365.46	0.0676	544.9	9.807	19.98	11.39	1.60
	70.05	25.27	67.65	-0.00	0.0582	9.93	437.1	364.36	0.0673	550.0	9.900	20.17	11.53	1.60
	71.06	25.27	67.65	0.00	0.0580	9.94	437.3	364.47	0.0676	548.2	9.867	20.10	11.48	1.60
	72.04	25.25	67.65	-0.00	0.0580	9.93	436.8	364.04	0.0675	551.4	9.925	20.22	11.57	1.60
	73.04	25.25	67.65	0.00	0.0581	9.98	439.1	365.95	0.0670	542.2	9.760	19.88	11.31	1.60
	74.12	25.25	67.65	0.00	0.0581	9.96	438.1	365.13	0.0673	542.6	9.766	19.90	11.32	1.60
	75.04	25.27	67.65	0.00	0.0584	9.98	439.3	366.18	0.0669	545.6	9.821	20.01	11.41	1.60
	76.05	25.27	67.65	-0.00	0.0581	9.96	438.2	365.26	0.0673	546.5	9.836	20.04	11.43	1.60
	77.03	25.27	67.63	0.00	0.0580	9.96	438.2	365.39	0.0675	546.4	9.836	20.05	11.43	1.60
	78.13	25.27	67.68	-0.00	0.0580	9.93	436.7	363.90	0.0679	553.1	9.956	20.28	11.62	1.60
	79.05	25.24	67.68	-0.00	0.0582	9.93	437.1	364.17	0.0678	551.3	9.924	20.21	11.56	1.60
	80.06	25.27	67.65	-0.00	0.0580	9.91	436.0	363.44	0.0682	557.5	10.036	20.45	11.74	1.60
	81.04	25.27	67.65	-0.00	0.0578	9.90	435.6	363.12	0.0684	561.6	10.108	20.60	11.85	1.60
	82.03	25.27	67.65	0.00	0.0579	9.90	435.5	363.00	0.0684	561.5	10.108	20.60	11.84	1.60
	83.04	25.27	67.65	0.00	0.0579	9.89	435.4	362.89	0.0685	559.3	10.068	20.51	11.78	1.60
	84.05	25.29	67.65	-0.00	0.0577	9.88	434.5	362.20	0.0686	563.8	10.148	20.68	11.91	1.60
	85.05	25.31	67.65	0.00	0.0577	9.88	434.7	362.41	0.0687	562.4	10.123	20.63	11.87	1.60
	86.03	25.32	67.65	0.00	0.0577	9.87	434.3	362.10	0.0691	564.9	10.169	20.72	11.94	1.60
	87.06	25.30	67.65	-0.00	0.0578	9.85	433.4	361.32	0.0692	571.1	10.279	20.95	12.10	1.60
	88.03	25.33	67.65	0.00	0.0576	9.85	433.6	361.48	0.0695	572.8	10.311	21.01	12.15	1.60
	89.06	25.34	67.65	-0.00	0.0574	9.83	432.5	360.55	0.0701	580.6	10.451	21.30	12.36	1.60
	90.04	25.33	67.68	-0.00	0.0576	9.82	432.3	360.24	0.0700	578.6	10.415	21.22	12.30	1.60
	91.06	25.34	67.65	-0.00	0.0575	9.81	431.8	360.02	0.0701	578.8	10.418	21.23	12.31	1.60
	92.04	25.34	67.65	-0.00	0.0574	9.81	431.5	359.75	0.0703	585.6	10.541	21.48	12.49	1.60
	93.04	25.36	67.65	0.00	0.0575	9.82	432.2	360.34	0.0703	581.6	10.469	21.34	12.38	1.60
	94.04	25.34	67.67	0.00	0.0575	9.81	431.5	359.64	0.0703	583.3	10.499	21.39	12.42	1.60
	95.05	25.38	67.65	-0.00	0.0575	9.82	431.9	360.13	0.0702	582.4	10.483	21.37	12.40	1.60
	96.05	25.38	67.65	-0.00	0.0574	9.81	431.4	359.73	0.0705	584.2	10.516	21.43	12.45	1.60
	97.03	25.35	67.65	0.00	0.0575	9.81	431.8	360.00	0.0702	580.7	10.453	21.30	12.36	1.60
	98.03	25.39	67.65	0.00	0.0576	9.82	432.0	360.18	0.0703	579.6	10.432	21.26	12.33	1.60
	99.05	25.38	67.65	0.00	0.0573	9.75	429.2	357.82	0.0713	599.4	10.789	21.99	12.84	1.60
	100.06	25.38	67.65	0.00	0.0573	9.76	429.2	357.90	0.0714	596.1	10.729	21.87	12.76	1.60
	101.14	25.38	67.65	-0.00	0.0571	9.75	429.2	357.87	0.0719	602.0	10.836	22.09	12.91	1.60
	102.04	25.38	67.65	0.00	0.0572	9.78	430.3	358.84	0.0713	591.3	10.644	21.70	12.64	1.60
	103.06	25.34	67.65	-0.00	0.0571	9.73	428.1	356.91	0.0722	605.0	10.889	22.19	12.98	1.60
	104.04	25.36	67.65	0.00	0.0571	9.71	427.1	356.07	0.0722	610.0	10.979	22.38	13.11	1.60
	105.05	25.34	67.65	-0.00	0.0569	9.70	426.9	355.93	0.0730	613.5	11.042	22.50	13.20	1.60
	106.05	25.36	67.68	-0.00	0.0568	9.69	426.3	355.25	0.0727	613.2	11.038	22.49	13.19	1.60
	107.05	25.34	67.68	-0.00	0.0571	9.71	427.4	356.16	0.0721	608.0	10.944	22.30	13.06	1.60
	108.05	25.34	67.65	0.00	0.0571	9.71	427.4	356.37	0.0720	604.5	10.881	22.18	12.97	1.60
	109.05	25.33	67.65	0.00	0.0571	9.70	426.9	355.89	0.0721	608.8	10.958	22.33	13.08	1.60
	110.04	25.30	67.65	0.00	0.0570	9.71	427.4	356.26	0.0720	603.9	10.870	22.15	12.95	1.60
	111.04	25.33	67.65	-0.00	0.0569	9.70	426.9	355.93	0.0724	607.0	10.926	22.27	13.03	1.60
	112.04	25.32	67.65	0.00	0.0570	9.71	427.3	356.20	0.0725	607.7	10.939	22.29	13.05	1.60
	113.12	25.32	67.65	0.00	0.0570	9.71	427.2	356.16	0.0726	612.2	11.020	22.46	13.16	1.60
	114.04	25.33	67.65	0.00	0.0570	9.70	426.7	355.70	0.0727	610.7	10.992	22.40	13.12	1.60
	115.13	25.34	67.65	-0.00	0.0571	9.72	427.7	356.53	0.0722	607.1	10.928	22.27	13.04	1.60
	116.03	25.37	67.65	0.00	0.0569	9.69	426.3	355.44	0.0727	613.3	11.039	22.50	13.19	1.60
	117.05	25.36	67.65	0.00	0.0571	9.72	427.5	356.46	0.0724	611.9	11.014	22.45	13.16	1.60
	118.03	25.38	67.67	0.00	0.0571	9.72	427.9	356.65	0.0723	608.6	10.954	22.32	13.07	1.60
	119.06	25.36	67.68	-0.00	0.0570	9.71	427.0	355.92	0.0723	608.0	10.943	22.30	13.06	1.60
