Jul 28 2015 at 12:36:33
Frequency: 1.00Hz.
CO2
Zero:  Value:0.95  Date:18 Mar 2005	 at 07:22:33	
Span:  Value:1.00  Date:18 Mar 2005	 at 07:25:09	
H2O
Zero:  Value:0.71  Date:18 Mar 2005	 at 07:52:31	
Span:  Value:0.99  Date:18 Mar 2005	 at 11:44:01	
	Relative Time	Temperature	Pressure	Aux Input	CO2 Absorptance	CO2 mmol/m3	CO2 mg/m3	CO2 umol/mol	H2O Absorptance	H2O mmol/m3	H2O g/m3	H2O mmol/mol	H2O(°C)	Cooler Voltage
	0.08	29.88	67.72	0.00	0.0632	11.10	488.5	412.99	0.0431	290.0	5.220	10.79	2.43	1.59
	1.11	29.81	67.70	0.00	0.0633	11.09	488.0	412.67	0.0427	290.4	5.227	10.80	2.44	1.59
	2.18	29.83	67.68	0.00	0.0632	11.10	488.2	412.97	0.0428	288.9	5.200	10.75	2.37	1.59
	3.12	29.84	67.70	-0.00	0.0630	11.06	486.8	411.67	0.0450	304.3	5.478	11.32	3.10	1.59
	4.10	29.83	67.70	-0.00	0.0629	11.00	484.1	409.34	0.0447	309.0	5.561	11.50	3.32	1.59
	5.12	29.83	67.70	-0.00	0.0629	10.98	483.3	408.73	0.0455	311.9	5.614	11.60	3.45	1.59
	6.08	29.92	67.68	0.00	0.0626	10.95	481.9	407.81	0.0482	337.3	6.072	12.56	4.57	1.59
	7.10	29.92	67.70	0.00	0.0626	10.96	482.2	407.86	0.0475	331.2	5.962	12.33	4.31	1.59
	8.10	29.86	67.70	-0.00	0.0626	10.94	481.2	406.96	0.0476	341.6	6.148	12.71	4.75	1.59
	9.08	29.93	67.68	0.00	0.0624	10.90	479.7	405.95	0.0489	348.2	6.267	12.96	5.02	1.59
	10.09	29.93	67.72	0.00	0.0623	10.89	479.0	405.06	0.0483	342.9	6.172	12.76	4.80	1.59
	11.09	29.95	67.72	0.00	0.0623	10.88	478.8	404.90	0.0486	347.3	6.252	12.92	4.99	1.59
	12.11	29.93	67.72	0.00	0.0621	10.82	476.2	402.70	0.0493	348.7	6.277	12.97	5.05	1.59
	13.09	29.92	67.66	0.00	0.0622	10.86	478.0	404.59	0.0506	367.2	6.609	13.68	5.79	1.59
	14.10	29.90	67.72	-0.00	0.0624	10.89	479.2	405.22	0.0490	348.8	6.278	12.98	5.05	1.59
	15.10	29.93	67.70	-0.00	0.0624	10.89	479.3	405.48	0.0492	348.5	6.273	12.97	5.04	1.59
	16.10	29.95	67.72	0.00	0.0624	10.90	479.8	405.76	0.0493	349.8	6.296	13.01	5.09	1.59
	17.10	29.93	67.72	0.00	0.0623	10.88	478.9	404.95	0.0494	352.1	6.337	13.10	5.18	1.59
	18.10	29.93	67.68	0.00	0.0621	10.86	477.8	404.35	0.0494	353.9	6.369	13.18	5.26	1.59
	19.09	29.92	67.68	0.00	0.0622	10.86	477.9	404.35	0.0505	359.2	6.466	13.37	5.47	1.59
	20.11	29.83	67.72	-0.00	0.0622	10.86	477.8	403.89	0.0516	371.5	6.686	13.82	5.95	1.59
	21.11	29.88	67.70	0.00	0.0622	10.84	477.1	403.55	0.0524	379.8	6.836	14.13	6.27	1.59
	22.17	29.88	67.68	0.00	0.0620	10.81	475.5	402.32	0.0531	389.1	7.004	14.49	6.63	1.59
	23.10	29.85	67.68	-0.00	0.0620	10.80	475.3	402.07	0.0535	391.1	7.040	14.56	6.70	1.59
	24.10	29.81	67.70	0.00	0.0618	10.77	473.8	400.64	0.0549	403.9	7.269	15.02	7.17	1.59
	25.09	29.79	67.72	0.00	0.0616	10.75	472.8	399.66	0.0555	412.2	7.420	15.33	7.47	1.59
	26.10	29.83	67.70	0.00	0.0616	10.73	471.9	399.07	0.0561	417.4	7.513	15.53	7.65	1.59
	27.16	29.75	67.70	0.00	0.0616	10.71	471.1	398.30	0.0563	424.5	7.641	15.79	7.89	1.59
	28.10	29.72	67.72	0.00	0.0614	10.68	469.9	397.05	0.0565	422.3	7.601	15.70	7.81	1.59
	29.08	29.68	67.72	0.00	0.0613	10.65	468.7	395.99	0.0582	439.8	7.916	16.35	8.41	1.59
	30.11	29.66	67.68	-0.00	0.0612	10.63	467.8	395.48	0.0588	445.5	8.019	16.57	8.60	1.59
	31.09	29.66	67.70	0.00	0.0612	10.65	468.4	395.88	0.0578	441.6	7.948	16.42	8.47	1.59
	32.09	29.68	67.70	0.00	0.0612	10.63	467.9	395.46	0.0579	440.4	7.927	16.38	8.43	1.59
	33.10	29.71	67.70	-0.00	0.0613	10.64	468.1	395.64	0.0582	442.8	7.970	16.47	8.51	1.59
	34.12	29.72	67.68	-0.00	0.0612	10.63	467.7	395.49	0.0580	444.3	7.997	16.53	8.56	1.59
	35.12	29.70	67.68	-0.00	0.0612	10.64	468.0	395.69	0.0583	442.8	7.971	16.48	8.51	1.59
	36.08	29.66	67.70	0.00	0.0612	10.63	467.5	395.13	0.0585	446.7	8.041	16.61	8.64	1.59
	37.11	29.72	67.70	0.00	0.0611	10.62	467.2	394.92	0.0588	450.1	8.102	16.74	8.75	1.59
	38.10	29.74	67.68	-0.00	0.0611	10.62	467.3	395.19	0.0588	448.9	8.080	16.70	8.71	1.59
	39.09	29.74	67.73	0.00	0.0611	10.60	466.3	394.03	0.0597	458.3	8.250	17.04	9.02	1.59
	40.09	29.75	67.70	0.00	0.0610	10.60	466.3	394.22	0.0597	458.8	8.258	17.06	9.04	1.59
	41.11	29.78	67.72	-0.00	0.0609	10.59	466.1	393.96	0.0606	463.0	8.334	17.22	9.18	1.59
	42.10	29.75	67.70	-0.00	0.0609	10.55	464.3	392.50	0.0608	472.8	8.510	17.59	9.48	1.59
	43.07	29.77	67.70	0.00	0.0609	10.56	464.7	392.89	0.0609	471.9	8.495	17.56	9.46	1.59
	44.12	29.79	67.68	-0.00	0.0609	10.56	464.5	392.88	0.0613	477.9	8.601	17.78	9.65	1.59
	45.10	29.79	67.70	-0.00	0.0609	10.57	464.9	393.07	0.0613	477.2	8.590	17.75	9.63	1.59
	46.10	29.81	67.70	0.00	0.0608	10.54	463.7	392.12	0.0613	478.7	8.617	17.81	9.67	1.59
	47.10	29.79	67.70	0.00	0.0607	10.54	463.6	391.94	0.0620	480.6	8.651	17.88	9.73	1.59
	48.08	29.83	67.70	0.00	0.0606	10.51	462.6	391.22	0.0627	487.7	8.778	18.14	9.95	1.59
	49.09	29.83	67.68	0.00	0.0606	10.49	461.8	390.62	0.0628	496.0	8.929	18.46	10.20	1.59
	50.09	29.83	67.68	0.00	0.0605	10.49	461.7	390.60	0.0630	495.0	8.911	18.43	10.17	1.59
	51.09	29.83	67.72	0.00	0.0605	10.47	460.8	389.54	0.0631	497.2	8.950	18.49	10.24	1.59
	52.07	29.85	67.68	0.00	0.0606	10.47	460.7	389.73	0.0628	496.0	8.927	18.46	10.20	1.59
	53.10	29.85	67.65	0.00	0.0605	10.46	460.1	389.37	0.0629	492.9	8.872	18.35	10.11	1.59
	54.10	29.85	67.70	0.00	0.0604	10.46	460.4	389.37	0.0628	496.2	8.931	18.46	10.21	1.59
	55.12	29.86	67.70	-0.00	0.0605	10.49	461.6	390.35	0.0626	491.8	8.853	18.30	10.08	1.59
	56.10	29.89	67.70	0.00	0.0604	10.45	459.8	388.95	0.0639	508.0	9.143	18.90	10.56	1.59
	57.11	29.91	67.68	-0.00	0.0604	10.44	459.4	388.74	0.0635	505.1	9.092	18.81	10.48	1.59
	58.11	29.93	67.70	-0.00	0.0603	10.43	459.1	388.32	0.0641	510.6	9.191	19.00	10.64	1.59
	59.09	29.89	67.72	0.00	0.0604	10.44	459.4	388.39	0.0645	515.1	9.271	19.16	10.77	1.59
	60.11	29.91	67.70	-0.00	0.0603	10.44	459.1	388.36	0.0643	512.4	9.223	19.07	10.69	1.59
	61.17	29.88	67.68	0.00	0.0603	10.44	459.3	388.63	0.0645	513.9	9.251	19.13	10.74	1.59
	62.09	29.89	67.68	0.00	0.0603	10.44	459.1	388.49	0.0646	515.6	9.281	19.20	10.79	1.59
	63.10	29.88	67.67	0.00	0.0603	10.44	459.5	388.75	0.0642	511.8	9.212	19.05	10.68	1.59
	64.08	29.92	67.68	0.00	0.0603	10.43	459.1	388.46	0.0647	513.5	9.242	19.12	10.73	1.59
	65.08	29.88	67.70	0.00	0.0601	10.41	458.0	387.38	0.0656	518.8	9.339	19.31	10.88	1.59
	66.08	29.89	67.68	0.00	0.0600	10.37	456.3	386.07	0.0657	530.5	9.549	19.75	11.22	1.59
	67.08	29.87	67.70	0.00	0.0601	10.37	456.1	385.73	0.0655	528.6	9.514	19.67	11.16	1.59
	68.11	29.85	67.70	-0.00	0.0600	10.38	456.8	386.26	0.0649	516.8	9.302	19.23	10.82	1.59
	69.11	29.85	67.68	-0.00	0.0599	10.35	455.4	385.26	0.0654	524.2	9.436	19.51	11.04	1.59
	70.11	29.83	67.75	-0.00	0.0599	10.33	454.6	384.16	0.0657	526.9	9.485	19.59	11.11	1.59
	71.09	29.81	67.65	0.00	0.0599	10.33	454.6	384.70	0.0653	521.7	9.391	19.43	10.96	1.59
	72.12	29.81	67.68	0.00	0.0599	10.34	455.0	384.91	0.0654	521.0	9.378	19.39	10.94	1.59
	73.09	29.82	67.68	0.00	0.0599	10.33	454.7	384.64	0.0663	536.6	9.659	19.97	11.39	1.59
	74.12	29.82	67.65	-0.00	0.0600	10.36	455.7	385.61	0.0652	529.7	9.535	19.72	11.19	1.59
	75.08	29.81	67.68	0.00	0.0601	10.36	455.9	385.66	0.0650	521.8	9.392	19.42	10.96	1.59
	76.10	29.83	67.68	0.00	0.0599	10.35	455.5	385.33	0.0655	523.8	9.428	19.50	11.02	1.59
	77.10	29.81	67.70	-0.00	0.0600	10.36	456.0	385.59	0.0650	520.0	9.360	19.35	10.91	1.59
	78.09	29.79	67.70	0.00	0.0599	10.35	455.5	385.13	0.0647	519.5	9.351	19.33	10.90	1.59
	79.17	29.79	67.70	-0.00	0.0601	10.39	457.0	386.37	0.0639	505.6	9.101	18.81	10.49	1.59
	80.08	29.79	67.73	0.00	0.0602	10.37	456.4	385.78	0.0632	512.0	9.216	19.04	10.68	1.59
	81.11	29.81	67.68	-0.00	0.0601	10.37	456.3	386.00	0.0642	510.3	9.186	18.99	10.63	1.59
	82.10	29.79	67.70	-0.00	0.0600	10.37	456.3	385.79	0.0645	513.5	9.243	19.10	10.72	1.59
	83.12	29.86	67.70	-0.00	0.0600	10.36	455.7	385.46	0.0647	516.7	9.301	19.23	10.82	1.59
	84.10	29.81	67.70	-0.00	0.0600	10.36	455.7	385.29	0.0646	514.4	9.259	19.14	10.75	1.59
	85.11	29.83	67.68	-0.00	0.0600	10.35	455.2	385.08	0.0644	513.4	9.241	19.11	10.72	1.59
	86.10	29.81	67.70	0.00	0.0599	10.34	455.0	384.70	0.0642	510.3	9.186	18.99	10.63	1.59
	87.09	29.81	67.68	0.00	0.0599	10.34	455.1	384.93	0.0644	510.7	9.192	19.01	10.64	1.59
	88.11	29.86	67.70	-0.00	0.0599	10.34	455.1	384.85	0.0643	511.9	9.214	19.05	10.68	1.59
	89.09	29.83	67.65	-0.00	0.0599	10.34	454.9	384.93	0.0644	511.9	9.214	19.06	10.68	1.59
	90.09	29.81	67.68	0.00	0.0598	10.35	455.2	385.04	0.0650	517.3	9.312	19.25	10.83	1.59
	91.17	29.84	67.70	0.00	0.0599	10.33	454.5	384.34	0.0647	515.9	9.285	19.19	10.79	1.59
	92.09	29.79	67.68	0.00	0.0599	10.33	454.5	384.46	0.0657	524.5	9.442	19.52	11.04	1.59
	93.09	29.77	67.68	0.00	0.0598	10.32	454.1	384.05	0.0653	522.7	9.409	19.45	10.99	1.59
	94.10	29.77	67.70	-0.00	0.0597	10.30	453.0	383.00	0.0661	532.9	9.592	19.82	11.28	1.59
	95.08	29.77	67.70	-0.00	0.0597	10.28	452.5	382.59	0.0665	540.3	9.725	20.10	11.49	1.59
	96.10	29.77	67.73	0.00	0.0597	10.28	452.5	382.41	0.0668	542.3	9.762	20.17	11.54	1.59
	97.09	29.75	67.70	0.00	0.0596	10.27	451.7	381.88	0.0670	547.2	9.849	20.35	11.68	1.59
	98.09	29.75	67.70	0.00	0.0596	10.27	451.8	381.98	0.0661	535.2	9.633	19.91	11.34	1.59
	99.11	29.77	67.68	-0.00	0.0595	10.26	451.6	381.92	0.0666	536.3	9.653	19.96	11.37	1.59
	100.17	29.75	67.70	0.00	0.0596	10.26	451.6	381.80	0.0661	538.3	9.689	20.02	11.43	1.59
	101.09	29.77	67.65	0.00	0.0595	10.26	451.4	381.96	0.0661	529.4	9.529	19.71	11.18	1.59
	102.09	29.82	67.70	0.00	0.0598	10.32	454.0	383.87	0.0651	519.3	9.348	19.32	10.89	1.59
	103.09	29.81	67.68	0.00	0.0598	10.31	453.6	383.68	0.0660	526.9	9.484	19.61	11.11	1.59
	104.08	29.86	67.68	0.00	0.0597	10.29	452.7	383.04	0.0658	529.1	9.525	19.70	11.18	1.59
	105.10	29.82	67.68	0.00	0.0600	10.32	454.1	384.12	0.0628	518.9	9.340	19.31	10.88	1.59
	106.10	29.79	67.68	0.00	0.0601	10.40	457.6	387.03	0.0623	482.8	8.691	17.97	9.80	1.59
	107.17	29.77	67.70	0.00	0.0598	10.31	453.7	383.57	0.0646	511.2	9.202	19.02	10.65	1.59
	108.11	29.82	67.65	-0.00	0.0597	10.31	453.5	383.76	0.0643	515.7	9.283	19.20	10.79	1.59
	109.09	29.82	67.68	-0.00	0.0598	10.32	454.0	384.04	0.0634	502.6	9.046	18.71	10.40	1.59
	110.11	29.78	67.67	-0.00	0.0599	10.35	455.4	385.18	0.0631	499.7	8.995	18.60	10.31	1.59
	111.18	29.77	67.68	-0.00	0.0598	10.30	453.2	383.35	0.0640	503.3	9.059	18.73	10.42	1.59
	112.10	29.77	67.68	-0.00	0.0599	10.34	455.0	384.78	0.0640	508.0	9.143	18.90	10.56	1.59
	113.10	29.77	67.67	-0.00	0.0598	10.32	454.0	383.99	0.0641	508.7	9.156	18.93	10.58	1.59
	114.10	29.77	67.65	-0.00	0.0599	10.34	455.0	384.95	0.0636	504.9	9.087	18.80	10.47	1.59
	115.10	29.78	67.70	0.00	0.0598	10.31	453.8	383.71	0.0641	509.5	9.171	18.96	10.60	1.59
	116.10	29.75	67.68	-0.00	0.0596	10.29	452.6	382.75	0.0642	510.1	9.181	18.98	10.62	1.59
	117.09	29.74	67.70	-0.00	0.0596	10.30	453.0	382.94	0.0648	516.4	9.295	19.21	10.80	1.59
	118.11	29.73	67.70	-0.00	0.0596	10.29	452.8	382.81	0.0645	515.0	9.270	19.16	10.76	1.59
	119.08	29.78	67.70	0.00	0.0597	10.31	453.5	383.41	0.0641	506.1	9.109	18.83	10.50	1.59
	120.11	29.78	67.68	0.00	0.0597	10.30	453.1	383.20	0.0644	512.0	9.216	19.06	10.68	1.59
	121.10	29.77	67.70	0.00	0.0596	10.28	452.4	382.46	0.0649	516.9	9.304	19.23	10.82	1.59
