Jul 28 2015 at 12:49:52
Frequency: 1.00Hz.
CO2
Zero:  Value:0.95  Date:18 Mar 2005	 at 07:22:33	
Span:  Value:1.00  Date:18 Mar 2005	 at 07:25:09	
H2O
Zero:  Value:0.71  Date:18 Mar 2005	 at 07:52:31	
Span:  Value:0.99  Date:18 Mar 2005	 at 11:44:01	
	Relative Time	Temperature	Pressure	Aux Input	CO2 Absorptance	CO2 mmol/m3	CO2 mg/m3	CO2 umol/mol	H2O Absorptance	H2O mmol/m3	H2O g/m3	H2O mmol/mol	H2O(°C)	Cooler Voltage
	0.20	30.87	67.68	0.00	0.0620	10.80	475.3	403.39	0.0431	290.9	5.236	10.86	2.51	1.62
	1.19	30.89	67.65	0.00	0.0621	10.81	475.7	403.96	0.0440	305.7	5.503	11.42	3.22	1.62
	2.20	30.89	67.70	0.00	0.0621	10.85	477.3	405.05	0.0439	298.2	5.368	11.14	2.87	1.61
	3.20	30.98	67.70	0.00	0.0620	10.82	476.3	404.26	0.0459	321.0	5.778	11.99	3.91	1.61
	4.20	30.97	67.73	0.00	0.0618	10.76	473.6	401.87	0.0459	319.5	5.751	11.93	3.85	1.61
	5.19	31.00	67.75	-0.00	0.0619	10.76	473.5	401.70	0.0469	322.9	5.812	12.05	4.00	1.61
	6.19	31.04	67.70	0.00	0.0618	10.77	473.7	402.15	0.0475	334.0	6.012	12.48	4.48	1.61
	7.19	31.08	67.70	0.00	0.0616	10.75	473.0	401.58	0.0492	335.7	6.043	12.54	4.56	1.61
	8.19	31.06	67.77	0.00	0.0615	10.68	469.7	398.40	0.0505	352.5	6.346	13.16	5.26	1.61
	9.22	31.05	67.68	-0.00	0.0615	10.69	470.5	399.61	0.0506	366.6	6.599	13.70	5.82	1.61
	10.20	31.02	67.70	0.00	0.0614	10.68	470.0	399.03	0.0509	366.5	6.597	13.69	5.81	1.61
	11.20	31.03	67.68	0.00	0.0614	10.70	470.6	399.67	0.0508	366.3	6.594	13.69	5.81	1.61
	12.20	31.01	67.70	0.00	0.0614	10.68	470.0	399.01	0.0506	363.7	6.547	13.59	5.70	1.61
	13.20	31.01	67.70	0.00	0.0614	10.68	469.9	398.88	0.0506	364.6	6.563	13.62	5.74	1.61
	14.20	30.99	67.70	0.00	0.0612	10.63	467.9	397.15	0.0492	351.7	6.331	13.14	5.22	1.61
	15.19	30.99	67.72	0.00	0.0613	10.65	468.5	397.52	0.0500	355.6	6.402	13.28	5.38	1.61
	16.19	31.01	67.73	0.00	0.0612	10.63	467.7	396.87	0.0517	372.5	6.704	13.91	6.05	1.61
	17.21	30.94	67.68	-0.00	0.0615	10.67	469.4	398.54	0.0507	367.9	6.623	13.75	5.87	1.61
	18.20	30.93	67.70	-0.00	0.0614	10.68	470.0	398.89	0.0507	362.9	6.532	13.55	5.67	1.61
	19.27	30.94	67.70	0.00	0.0613	10.64	468.3	397.44	0.0513	370.8	6.674	13.85	5.98	1.61
	20.20	30.92	67.75	-0.00	0.0613	10.65	468.5	397.30	0.0512	371.6	6.688	13.87	6.01	1.61
	21.26	30.88	67.72	0.00	0.0612	10.63	467.8	396.83	0.0507	365.5	6.580	13.64	5.77	1.61
	22.20	30.91	67.70	-0.00	0.0613	10.65	468.7	397.74	0.0505	361.3	6.503	13.49	5.60	1.61
	23.20	30.89	67.68	-0.00	0.0612	10.63	467.7	397.01	0.0504	359.9	6.479	13.44	5.55	1.61
	24.20	30.87	67.70	0.00	0.0611	10.61	466.7	396.02	0.0512	366.8	6.602	13.69	5.82	1.61
	25.21	30.90	67.70	0.00	0.0611	10.61	467.1	396.34	0.0523	381.3	6.864	14.24	6.38	1.61
	26.19	30.85	67.70	0.00	0.0611	10.60	466.2	395.54	0.0526	382.1	6.878	14.27	6.41	1.61
	27.21	30.89	67.70	0.00	0.0610	10.58	465.6	395.14	0.0536	387.5	6.974	14.47	6.61	1.61
	28.20	30.87	67.70	-0.00	0.0609	10.56	464.5	394.17	0.0543	404.1	7.274	15.09	7.23	1.61
	29.20	30.87	67.70	0.00	0.0608	10.54	463.7	393.42	0.0541	400.4	7.206	14.95	7.09	1.61
	30.20	30.90	67.70	0.00	0.0606	10.49	461.8	391.85	0.0545	402.0	7.237	15.01	7.15	1.61
	31.20	30.92	67.70	-0.00	0.0605	10.47	460.6	390.88	0.0545	406.4	7.316	15.18	7.31	1.61
	32.20	30.91	67.70	0.00	0.0606	10.51	462.5	392.45	0.0555	414.4	7.459	15.47	7.60	1.61
	33.18	30.96	67.73	0.00	0.0604	10.44	459.5	389.83	0.0554	412.6	7.427	15.40	7.53	1.61
	34.20	30.95	67.70	0.00	0.0604	10.45	459.7	390.17	0.0558	415.5	7.478	15.51	7.63	1.61
	35.19	30.93	67.70	0.00	0.0603	10.45	459.7	390.11	0.0574	434.7	7.825	16.23	8.30	1.61
	36.22	30.96	67.70	-0.00	0.0606	10.49	461.5	391.72	0.0566	428.0	7.704	15.98	8.07	1.61
	37.21	31.00	67.70	-0.00	0.0606	10.49	461.5	391.79	0.0564	425.0	7.651	15.88	7.97	1.61
	38.19	30.94	67.70	0.00	0.0607	10.50	461.8	391.96	0.0562	422.1	7.597	15.76	7.87	1.61
	39.20	30.96	67.70	0.00	0.0606	10.49	461.4	391.61	0.0563	420.7	7.572	15.71	7.82	1.61
	40.19	30.95	67.70	0.00	0.0603	10.43	458.9	389.48	0.0549	408.0	7.344	15.24	7.37	1.61
	41.20	30.95	67.72	0.00	0.0604	10.41	457.8	388.45	0.0549	413.4	7.441	15.43	7.56	1.61
	42.18	30.95	67.70	0.00	0.0606	10.49	461.6	391.75	0.0557	415.5	7.479	15.52	7.64	1.61
	43.21	31.02	67.72	-0.00	0.0605	10.47	460.5	390.82	0.0555	414.3	7.457	15.47	7.60	1.61
	44.20	31.01	67.70	-0.00	0.0605	10.46	460.2	390.69	0.0558	415.2	7.473	15.51	7.63	1.61
	45.19	31.04	67.72	0.00	0.0602	10.44	459.2	389.71	0.0563	420.0	7.560	15.68	7.80	1.61
	46.19	31.10	67.72	-0.00	0.0604	10.44	459.4	389.94	0.0571	429.9	7.739	16.06	8.15	1.61
	47.20	31.06	67.70	-0.00	0.0603	10.43	458.9	389.62	0.0581	440.1	7.922	16.44	8.49	1.61
	48.19	31.11	67.70	0.00	0.0605	10.45	460.0	390.61	0.0569	431.0	7.758	16.10	8.18	1.61
	49.22	31.05	67.70	-0.00	0.0604	10.44	459.5	390.12	0.0574	438.4	7.892	16.38	8.43	1.61
	50.20	31.10	67.72	0.00	0.0603	10.44	459.2	389.79	0.0572	435.2	7.834	16.25	8.32	1.61
	51.20	31.08	67.70	-0.00	0.0601	10.42	458.5	389.27	0.0597	457.3	8.231	17.08	9.06	1.61
	52.20	31.03	67.70	0.00	0.0601	10.36	456.0	387.16	0.0610	476.2	8.572	17.79	9.66	1.61
	53.20	31.02	67.72	0.00	0.0599	10.35	455.6	386.61	0.0607	470.5	8.468	17.57	9.47	1.61
	54.21	31.04	67.70	-0.00	0.0599	10.34	454.9	386.17	0.0601	467.5	8.415	17.46	9.38	1.61
	55.19	31.04	67.70	0.00	0.0600	10.37	456.3	387.38	0.0587	461.0	8.297	17.22	9.17	1.61
	56.21	31.08	67.70	0.00	0.0602	10.41	458.1	388.95	0.0587	445.4	8.018	16.64	8.67	1.61
	57.20	31.05	67.70	-0.00	0.0603	10.41	458.2	389.00	0.0587	450.4	8.107	16.82	8.83	1.61
	58.19	31.10	67.75	0.00	0.0601	10.38	456.7	387.49	0.0582	444.1	7.993	16.58	8.62	1.61
	59.19	31.09	67.72	0.00	0.0601	10.39	457.2	388.11	0.0582	444.2	7.995	16.59	8.62	1.61
	60.20	31.07	67.72	0.00	0.0602	10.42	458.3	389.04	0.0590	451.1	8.120	16.85	8.85	1.61
	61.18	31.09	67.70	0.00	0.0602	10.41	458.0	388.91	0.0588	451.8	8.133	16.88	8.88	1.61
	62.21	31.09	67.70	0.00	0.0602	10.42	458.4	389.27	0.0587	448.9	8.080	16.77	8.78	1.61
	63.21	31.09	67.70	-0.00	0.0601	10.39	457.2	388.23	0.0589	449.4	8.090	16.79	8.80	1.61
	64.21	31.12	67.70	0.00	0.0598	10.36	455.7	386.97	0.0590	451.2	8.121	16.86	8.86	1.61
	65.19	31.13	67.68	0.00	0.0600	10.36	455.9	387.33	0.0586	448.6	8.076	16.77	8.77	1.61
	66.19	31.15	67.70	0.00	0.0599	10.36	456.0	387.31	0.0598	452.9	8.151	16.92	8.91	1.61
	67.27	31.15	67.70	0.00	0.0595	10.22	449.8	382.05	0.0642	515.0	9.271	19.25	10.83	1.61
	68.19	31.16	67.68	0.00	0.0597	10.29	452.8	384.69	0.0623	489.9	8.817	18.31	10.08	1.61
	69.20	31.21	67.70	0.00	0.0597	10.29	452.7	384.55	0.0611	475.3	8.556	17.77	9.64	1.61
	70.18	31.23	67.72	0.00	0.0598	10.33	454.6	386.09	0.0600	465.1	8.371	17.38	9.31	1.61
	71.28	31.25	67.70	-0.00	0.0601	10.39	457.1	388.36	0.0589	452.5	8.145	16.91	8.91	1.62
	72.18	31.25	67.71	0.00	0.0601	10.38	456.6	387.86	0.0595	457.4	8.233	17.10	9.07	1.61
	73.19	31.24	67.75	0.00	0.0601	10.38	456.7	387.69	0.0604	464.8	8.366	17.36	9.30	1.61
	74.21	31.29	67.70	-0.00	0.0599	10.34	454.9	386.49	0.0618	481.7	8.671	18.01	9.84	1.61
	75.19	31.25	67.70	0.00	0.0599	10.32	453.9	385.60	0.0617	481.2	8.662	17.99	9.82	1.61
	76.27	31.25	67.70	0.00	0.0598	10.31	453.4	385.21	0.0600	472.2	8.500	17.65	9.54	1.61
	77.20	31.25	67.70	-0.00	0.0598	10.30	453.4	385.20	0.0611	470.8	8.475	17.60	9.50	1.61
	78.20	31.27	67.70	0.00	0.0597	10.30	453.2	385.04	0.0611	472.4	8.504	17.66	9.55	1.61
	79.20	31.25	67.70	-0.00	0.0597	10.29	452.7	384.64	0.0619	478.4	8.610	17.88	9.73	1.61
	80.20	31.25	67.72	0.00	0.0594	10.23	450.3	382.40	0.0620	486.6	8.758	18.18	9.99	1.61
	81.18	31.27	67.72	0.00	0.0595	10.24	450.7	382.81	0.0624	488.5	8.792	18.25	10.05	1.61
	82.20	31.27	67.70	0.00	0.0596	10.24	450.7	382.94	0.0624	489.0	8.801	18.28	10.06	1.61
	83.19	31.22	67.73	0.00	0.0594	10.23	450.1	382.18	0.0641	515.7	9.283	19.27	10.86	1.61
	84.21	31.23	67.70	-0.00	0.0594	10.22	449.6	381.98	0.0631	496.5	8.938	18.56	10.29	1.61
	85.19	31.19	67.70	-0.00	0.0595	10.26	451.3	383.36	0.0641	505.1	9.091	18.88	10.54	1.61
	86.19	31.19	67.72	0.00	0.0594	10.24	450.7	382.67	0.0653	522.9	9.413	19.54	11.06	1.61
	87.28	31.21	67.70	-0.00	0.0593	10.22	449.8	382.09	0.0654	524.9	9.448	19.62	11.12	1.61
	88.19	31.21	67.72	0.00	0.0593	10.21	449.2	381.46	0.0661	531.7	9.571	19.87	11.32	1.61
	89.20	31.21	67.70	0.00	0.0593	10.20	448.7	381.17	0.0663	534.1	9.614	19.96	11.38	1.61
	90.18	31.19	67.70	0.00	0.0592	10.19	448.2	380.71	0.0667	539.6	9.714	20.17	11.54	1.61
	91.20	31.19	67.70	0.00	0.0593	10.20	448.8	381.19	0.0664	538.4	9.691	20.12	11.50	1.61
	92.20	31.18	67.70	-0.00	0.0592	10.18	448.0	380.56	0.0668	539.9	9.719	20.18	11.55	1.61
	93.19	31.19	67.72	0.00	0.0589	10.13	445.6	378.39	0.0687	556.3	10.013	20.78	12.00	1.61
	94.27	31.21	67.70	0.00	0.0590	10.13	445.8	378.65	0.0662	539.0	9.703	20.15	11.52	1.61
	95.19	31.23	67.68	0.00	0.0589	10.13	445.8	378.86	0.0680	551.7	9.931	20.63	11.88	1.61
	96.19	31.23	67.70	0.00	0.0587	10.07	443.1	376.45	0.0693	577.4	10.394	21.58	12.57	1.61
	97.19	31.19	67.70	0.00	0.0589	10.11	444.9	377.94	0.0681	558.2	10.047	20.86	12.05	1.61
	98.19	31.25	67.70	0.00	0.0590	10.15	446.8	379.60	0.0679	555.7	10.003	20.77	11.99	1.61
	99.20	31.29	67.70	0.00	0.0590	10.15	446.5	379.38	0.0680	553.9	9.969	20.71	11.94	1.61
	100.20	31.26	67.70	-0.00	0.0588	10.11	444.8	377.87	0.0681	558.3	10.049	20.87	12.06	1.61
	101.21	31.25	67.70	0.00	0.0587	10.08	443.4	376.68	0.0691	564.0	10.151	21.08	12.21	1.61
	102.21	31.23	67.70	-0.00	0.0587	10.06	442.5	375.95	0.0693	569.4	10.249	21.28	12.36	1.61
	103.21	31.19	67.68	-0.00	0.0587	10.08	443.6	376.91	0.0697	574.2	10.335	21.47	12.48	1.61
	104.21	31.17	67.72	-0.00	0.0585	10.04	441.9	375.19	0.0700	577.9	10.403	21.59	12.58	1.61
	105.19	31.16	67.65	0.00	0.0585	10.03	441.4	375.18	0.0709	589.0	10.601	22.03	12.87	1.62
	106.20	31.19	67.70	0.00	0.0583	10.00	440.2	373.90	0.0693	581.6	10.469	21.74	12.68	1.61
	107.19	31.18	67.70	0.00	0.0585	10.03	441.5	374.99	0.0706	589.9	10.619	22.05	12.89	1.61
	108.20	31.19	67.70	0.00	0.0586	10.05	442.4	375.80	0.0692	570.9	10.275	21.34	12.39	1.61
	109.19	31.23	67.70	0.00	0.0588	10.09	444.1	377.30	0.0688	564.3	10.158	21.09	12.22	1.61
	110.20	31.23	67.70	0.00	0.0588	10.08	443.7	376.90	0.0692	573.1	10.316	21.42	12.45	1.62
	111.18	31.23	67.72	0.00	0.0586	10.05	442.3	375.63	0.0707	586.1	10.550	21.90	12.80	1.61
	112.20	31.21	67.68	0.00	0.0584	10.02	441.1	374.81	0.0709	589.5	10.611	22.04	12.88	1.61
	113.19	31.19	67.70	0.00	0.0585	10.05	442.1	375.49	0.0709	593.1	10.676	22.17	12.98	1.61
	114.21	31.15	67.70	-0.00	0.0585	10.04	441.8	375.23	0.0713	592.8	10.670	22.15	12.96	1.61
	115.21	31.23	67.68	-0.00	0.0585	10.00	440.2	374.09	0.0714	591.6	10.648	22.12	12.94	1.61
	116.20	31.25	67.72	-0.00	0.0586	10.03	441.5	374.99	0.0713	594.4	10.699	22.21	13.01	1.62
	117.20	31.20	67.70	0.00	0.0585	10.02	441.1	374.65	0.0716	603.1	10.856	22.54	13.23	1.62
	118.19	31.23	67.73	0.00	0.0584	10.00	440.1	373.75	0.0715	604.7	10.885	22.60	13.27	1.61
	119.20	31.24	67.70	-0.00	0.0585	10.00	439.9	373.78	0.0704	587.4	10.574	21.96	12.83	1.61
	120.20	31.25	67.70	0.00	0.0584	10.02	441.0	374.70	0.0705	586.2	10.552	21.91	12.80	1.61
	121.18	31.27	67.72	0.00	0.0583	10.00	439.8	373.55	0.0729	609.8	10.976	22.79	13.40	1.61
