Jul 28 2015 at 9:48:00
Frequency: 1.00Hz.
CO2
Zero:  Value:0.95  Date:18 Mar 2005	 at 07:22:33	
Span:  Value:1.00  Date:18 Mar 2005	 at 07:25:09	
H2O
Zero:  Value:0.71  Date:18 Mar 2005	 at 07:52:31	
Span:  Value:0.99  Date:18 Mar 2005	 at 11:44:01	
	Relative Time	Temperature	Pressure	Aux Input	CO2 Absorptance	CO2 mmol/m3	CO2 mg/m3	CO2 umol/mol	H2O Absorptance	H2O mmol/m3	H2O g/m3	H2O mmol/mol	H2O(°C)	Cooler Voltage
	0.42	17.03	67.63	-0.00	0.0619	10.93	480.8	389.81	0.0473	312.6	5.627	11.15	2.87	1.50
	1.42	17.02	67.65	0.00	0.0623	10.89	479.1	388.30	0.0464	321.9	5.793	11.48	3.28	1.50
	2.42	17.03	67.63	-0.00	0.0625	10.85	477.4	387.03	0.0452	327.1	5.888	11.67	3.51	1.50
	3.40	17.05	67.65	-0.00	0.0620	10.84	476.9	386.58	0.0485	341.2	6.141	12.17	4.11	1.50
	4.42	17.02	67.65	0.00	0.0622	10.85	477.5	386.99	0.0472	332.5	5.985	11.86	3.74	1.50
	5.41	17.07	67.65	0.00	0.0625	10.88	478.7	388.07	0.0458	320.5	5.768	11.43	3.22	1.50
	6.43	17.07	67.65	-0.00	0.0621	10.84	477.0	386.67	0.0475	334.1	6.014	11.92	3.82	1.50
	7.41	17.08	67.65	0.00	0.0621	10.84	476.8	386.50	0.0483	337.3	6.071	12.03	3.95	1.50
	8.42	17.08	67.65	0.00	0.0621	10.83	476.5	386.29	0.0481	340.5	6.129	12.15	4.09	1.50
	9.41	17.07	67.65	0.00	0.0621	10.82	476.3	386.07	0.0474	335.4	6.037	11.96	3.87	1.50
	10.42	17.10	67.65	0.00	0.0620	10.82	476.2	386.02	0.0474	336.0	6.048	11.99	3.90	1.50
	11.42	17.07	67.62	-0.00	0.0621	10.81	475.7	385.74	0.0476	335.7	6.042	11.98	3.88	1.50
	12.42	17.08	67.63	0.00	0.0620	10.81	475.7	385.80	0.0483	339.5	6.110	12.11	4.04	1.50
	13.40	17.10	67.65	0.00	0.0619	10.80	475.4	385.37	0.0489	348.1	6.266	12.42	4.40	1.50
	14.41	17.11	67.65	0.00	0.0620	10.80	475.0	385.10	0.0493	348.7	6.277	12.44	4.43	1.50
	15.41	17.11	67.65	-0.00	0.0618	10.77	473.9	384.20	0.0495	355.2	6.394	12.67	4.69	1.50
	16.41	17.10	67.62	-0.00	0.0619	10.78	474.4	384.79	0.0494	353.3	6.360	12.61	4.61	1.50
	17.41	17.11	67.65	-0.00	0.0619	10.77	473.8	384.10	0.0500	357.9	6.442	12.77	4.80	1.50
	18.41	17.11	67.65	-0.00	0.0618	10.77	474.0	384.30	0.0501	360.0	6.480	12.84	4.88	1.50
	19.41	17.11	67.68	0.00	0.0618	10.76	473.5	383.71	0.0507	364.4	6.560	12.99	5.06	1.50
	20.41	17.11	67.63	-0.00	0.0615	10.73	472.1	382.91	0.0516	371.7	6.691	13.26	5.34	1.50
	21.42	17.11	67.65	-0.00	0.0616	10.73	472.0	382.65	0.0511	369.6	6.653	13.18	5.26	1.50
	22.48	17.11	67.65	0.00	0.0617	10.73	472.0	382.68	0.0515	373.5	6.724	13.32	5.41	1.50
	23.42	17.11	67.65	0.00	0.0616	10.71	471.1	381.96	0.0518	375.2	6.754	13.39	5.48	1.50
	24.41	17.11	67.65	0.00	0.0617	10.75	473.0	383.50	0.0513	369.0	6.641	13.16	5.24	1.50
	25.43	17.13	67.65	-0.00	0.0616	10.75	472.9	383.38	0.0510	370.1	6.662	13.20	5.28	1.50
	26.41	17.10	67.62	0.00	0.0616	10.74	472.4	383.15	0.0507	367.8	6.620	13.13	5.19	1.50
	27.39	17.13	67.65	0.00	0.0616	10.74	472.4	383.01	0.0514	367.8	6.620	13.12	5.19	1.50
	28.41	17.11	67.65	0.00	0.0616	10.73	472.3	382.91	0.0514	368.7	6.637	13.15	5.23	1.50
	29.41	17.13	67.60	0.00	0.0615	10.72	471.5	382.58	0.0512	371.4	6.685	13.26	5.33	1.50
	30.41	17.11	67.65	-0.00	0.0616	10.71	471.2	382.06	0.0513	370.3	6.665	13.21	5.29	1.50
	31.40	17.13	67.65	-0.00	0.0614	10.71	471.3	382.09	0.0515	370.8	6.675	13.23	5.31	1.50
	32.40	17.13	67.66	-0.00	0.0616	10.71	471.4	382.17	0.0515	375.8	6.765	13.41	5.50	1.50
	33.40	17.16	67.63	-0.00	0.0615	10.70	470.9	381.97	0.0514	372.1	6.699	13.28	5.36	1.50
	34.41	17.13	67.63	-0.00	0.0615	10.70	471.0	382.01	0.0512	370.0	6.660	13.20	5.28	1.50
	35.41	17.11	67.65	0.00	0.0615	10.71	471.1	381.92	0.0514	373.2	6.717	13.31	5.40	1.50
	36.49	17.15	67.63	0.00	0.0616	10.69	470.5	381.67	0.0515	373.2	6.717	13.32	5.40	1.50
	37.41	17.16	67.65	0.00	0.0615	10.71	471.3	382.15	0.0523	382.3	6.881	13.64	5.75	1.50
	38.42	17.16	67.63	0.00	0.0616	10.71	471.4	382.37	0.0523	381.8	6.873	13.63	5.73	1.50
	39.41	17.15	67.65	-0.00	0.0615	10.69	470.3	381.35	0.0524	382.8	6.890	13.66	5.77	1.50
	40.42	17.16	67.63	0.00	0.0613	10.69	470.4	381.55	0.0518	377.7	6.799	13.48	5.58	1.50
	41.42	17.15	67.65	0.00	0.0615	10.68	470.0	381.07	0.0519	377.0	6.786	13.45	5.55	1.50
	42.40	17.15	67.63	0.00	0.0615	10.69	470.2	381.35	0.0524	382.7	6.888	13.66	5.76	1.50
	43.41	17.16	67.65	-0.00	0.0614	10.67	469.7	380.84	0.0528	385.3	6.935	13.75	5.86	1.50
	44.40	17.18	67.60	0.00	0.0613	10.68	469.7	381.15	0.0526	384.9	6.928	13.74	5.85	1.50
	45.41	17.18	67.63	0.00	0.0614	10.66	469.1	380.53	0.0522	379.2	6.826	13.53	5.64	1.50
	46.41	17.18	67.65	0.00	0.0613	10.67	469.6	380.78	0.0519	379.8	6.837	13.55	5.66	1.50
	47.42	17.18	67.65	0.00	0.0613	10.66	468.9	380.20	0.0515	373.9	6.729	13.34	5.43	1.50
	48.41	17.18	67.63	0.00	0.0614	10.66	469.2	380.61	0.0525	381.9	6.873	13.63	5.73	1.50
	49.50	17.20	67.65	-0.00	0.0612	10.66	469.0	380.34	0.0523	383.8	6.909	13.70	5.81	1.50
	50.40	17.20	67.65	0.00	0.0614	10.64	468.3	379.80	0.0522	379.2	6.825	13.53	5.63	1.50
	51.42	17.20	67.65	-0.00	0.0613	10.66	469.0	380.34	0.0526	381.9	6.875	13.63	5.74	1.50
	52.42	17.20	67.65	0.00	0.0613	10.66	469.1	380.38	0.0519	380.3	6.845	13.57	5.67	1.50
	53.40	17.20	67.65	-0.00	0.0613	10.66	468.9	380.28	0.0523	382.0	6.876	13.63	5.74	1.50
	54.41	17.23	67.65	0.00	0.0612	10.66	469.0	380.43	0.0531	389.5	7.011	13.90	6.02	1.50
	55.40	17.23	67.63	0.00	0.0612	10.65	468.5	380.13	0.0527	385.7	6.942	13.77	5.88	1.50
	56.41	17.21	67.63	0.00	0.0613	10.64	468.4	379.98	0.0535	391.8	7.052	13.99	6.11	1.50
	57.41	17.23	67.65	-0.00	0.0613	10.64	468.2	379.77	0.0528	389.6	7.012	13.90	6.03	1.50
	58.41	17.21	67.63	-0.00	0.0612	10.63	467.9	379.62	0.0532	389.1	7.003	13.89	6.01	1.50
	59.39	17.23	67.65	0.00	0.0612	10.64	468.0	379.56	0.0535	392.6	7.067	14.01	6.14	1.50
	60.44	17.23	67.60	0.00	0.0613	10.64	468.2	380.01	0.0533	390.8	7.035	13.96	6.07	1.50
	61.42	17.25	67.65	-0.00	0.0611	10.63	467.9	379.48	0.0534	392.8	7.071	14.02	6.15	1.50
	62.43	17.25	67.63	0.00	0.0612	10.63	467.8	379.61	0.0533	392.7	7.069	14.02	6.14	1.50
	63.41	17.26	67.65	-0.00	0.0612	10.63	467.7	379.39	0.0537	392.3	7.062	14.00	6.13	1.50
	64.41	17.25	67.65	0.00	0.0612	10.62	467.4	379.09	0.0543	398.5	7.173	14.22	6.35	1.50
	65.41	17.26	67.65	0.00	0.0611	10.63	467.6	379.30	0.0544	401.0	7.218	14.31	6.45	1.50
	66.49	17.26	67.63	0.00	0.0611	10.61	466.9	378.85	0.0542	399.7	7.194	14.27	6.40	1.50
	67.41	17.25	67.63	0.00	0.0611	10.61	466.9	378.84	0.0541	400.2	7.204	14.29	6.42	1.50
	68.42	17.25	67.65	-0.00	0.0611	10.62	467.1	378.88	0.0542	400.8	7.215	14.31	6.44	1.50
	69.42	17.28	67.63	0.00	0.0611	10.60	466.4	378.47	0.0545	400.5	7.210	14.30	6.43	1.50
	70.48	17.28	67.65	-0.00	0.0610	10.61	466.7	378.57	0.0547	405.9	7.307	14.49	6.63	1.50
	71.42	17.25	67.65	-0.00	0.0610	10.61	466.8	378.63	0.0550	404.6	7.283	14.44	6.58	1.50
	72.42	17.28	67.65	0.00	0.0611	10.59	466.1	378.09	0.0551	413.2	7.437	14.75	6.88	1.50
	73.40	17.26	67.65	0.00	0.0610	10.59	466.1	378.10	0.0552	414.0	7.451	14.77	6.91	1.50
	74.43	17.26	67.63	-0.00	0.0611	10.58	465.7	377.91	0.0553	414.5	7.461	14.80	6.93	1.50
	75.41	17.28	67.65	-0.00	0.0610	10.57	464.9	377.09	0.0556	414.7	7.465	14.80	6.94	1.50
	76.41	17.29	67.65	0.00	0.0609	10.59	465.8	377.90	0.0558	418.6	7.535	14.94	7.07	1.50
	77.41	17.28	67.65	-0.00	0.0610	10.57	465.1	377.32	0.0561	420.1	7.562	15.00	7.12	1.50
	78.42	17.29	67.63	0.00	0.0609	10.57	465.2	377.51	0.0555	416.7	7.501	14.88	7.01	1.50
	79.41	17.31	67.65	0.00	0.0609	10.56	464.6	376.97	0.0560	419.5	7.551	14.97	7.10	1.50
	80.42	17.31	67.60	-0.00	0.0608	10.55	464.3	376.98	0.0562	420.3	7.565	15.01	7.13	1.50
	81.40	17.31	67.65	0.00	0.0610	10.56	464.6	376.95	0.0560	420.1	7.561	15.00	7.13	1.50
	82.42	17.29	67.65	-0.00	0.0608	10.55	464.1	376.52	0.0561	418.8	7.539	14.95	7.08	1.50
	83.41	17.33	67.63	0.00	0.0608	10.55	464.4	376.89	0.0557	416.4	7.496	14.87	7.00	1.50
	84.49	17.33	67.63	0.00	0.0608	10.54	463.7	376.33	0.0563	422.9	7.612	15.10	7.22	1.50
	85.41	17.33	67.65	0.00	0.0608	10.55	464.3	376.69	0.0558	417.7	7.518	14.91	7.04	1.50
	86.42	17.29	67.60	-0.00	0.0610	10.56	464.6	377.22	0.0561	419.1	7.544	14.97	7.09	1.50
	87.49	17.33	67.63	0.00	0.0608	10.56	464.5	376.98	0.0563	422.1	7.598	15.07	7.20	1.50
	88.44	17.33	67.65	-0.00	0.0609	10.55	464.2	376.62	0.0561	422.0	7.596	15.07	7.19	1.50
	89.40	17.34	67.68	0.00	0.0609	10.55	464.1	376.46	0.0565	423.5	7.623	15.11	7.25	1.50
	90.42	17.33	67.65	0.00	0.0607	10.54	463.6	376.12	0.0566	426.8	7.682	15.24	7.36	1.50
	91.42	17.34	67.62	-0.00	0.0608	10.54	463.8	376.43	0.0566	423.9	7.629	15.14	7.26	1.50
	92.40	17.34	67.65	0.00	0.0608	10.54	463.6	376.17	0.0562	423.2	7.618	15.11	7.24	1.50
	93.41	17.34	67.65	0.00	0.0607	10.53	463.4	376.02	0.0569	427.9	7.703	15.28	7.40	1.50
	94.49	17.34	67.63	-0.00	0.0608	10.53	463.1	375.90	0.0567	426.9	7.685	15.25	7.36	1.50
	95.41	17.36	67.63	0.00	0.0608	10.52	462.9	375.68	0.0564	424.3	7.638	15.15	7.27	1.50
	96.39	17.36	67.63	0.00	0.0605	10.48	461.2	374.39	0.0564	424.5	7.642	15.16	7.28	1.50
	97.42	17.34	67.65	-0.00	0.0607	10.52	462.8	375.50	0.0569	428.9	7.721	15.31	7.43	1.50
	98.41	17.34	67.65	-0.00	0.0607	10.50	462.1	374.92	0.0567	427.5	7.694	15.26	7.38	1.50
	99.40	17.36	67.65	-0.00	0.0606	10.50	462.1	374.92	0.0569	427.7	7.699	15.27	7.39	1.50
	100.48	17.34	67.68	0.00	0.0606	10.50	462.2	374.82	0.0572	432.5	7.785	15.43	7.55	1.50
	101.43	17.36	67.65	-0.00	0.0605	10.47	460.5	373.68	0.0571	432.5	7.785	15.44	7.55	1.50
	102.42	17.34	67.65	0.00	0.0605	10.48	461.3	374.30	0.0569	429.6	7.733	15.34	7.46	1.50
	103.41	17.38	67.68	-0.00	0.0605	10.48	461.0	373.95	0.0569	428.5	7.713	15.29	7.42	1.50
	104.41	17.38	67.65	0.00	0.0606	10.49	461.6	374.53	0.0574	435.9	7.845	15.56	7.67	1.50
	105.39	17.36	67.63	0.00	0.0604	10.46	460.5	373.74	0.0575	434.6	7.822	15.52	7.62	1.50
	106.41	17.38	67.63	0.00	0.0605	10.48	460.9	374.12	0.0575	436.5	7.857	15.59	7.69	1.50
	107.41	17.39	67.65	-0.00	0.0604	10.46	460.2	373.45	0.0577	437.2	7.870	15.61	7.72	1.50
	108.42	17.39	67.65	-0.00	0.0604	10.47	460.7	373.85	0.0577	436.1	7.850	15.57	7.68	1.50
	109.40	17.41	67.62	-0.00	0.0604	10.47	460.8	374.13	0.0578	439.8	7.916	15.71	7.80	1.51
	110.42	17.38	67.63	-0.00	0.0605	10.47	460.7	373.94	0.0578	438.4	7.891	15.66	7.75	1.51
	111.42	17.41	67.65	0.00	0.0604	10.47	460.6	373.77	0.0578	439.9	7.919	15.71	7.81	1.50
	112.40	17.39	67.65	0.00	0.0603	10.45	459.9	373.25	0.0579	439.6	7.914	15.70	7.80	1.50
	113.43	17.41	67.63	-0.00	0.0605	10.45	459.9	373.41	0.0580	440.8	7.935	15.75	7.84	1.50
	114.41	17.41	67.65	0.00	0.0604	10.46	460.2	373.51	0.0574	432.8	7.790	15.45	7.57	1.51
	115.42	17.43	67.68	-0.00	0.0603	10.46	460.1	373.27	0.0576	438.5	7.893	15.65	7.76	1.51
	116.41	17.41	67.65	0.00	0.0605	10.45	459.6	373.03	0.0578	436.3	7.854	15.58	7.69	1.51
	117.41	17.41	67.63	0.00	0.0603	10.45	459.7	373.23	0.0577	437.9	7.882	15.64	7.74	1.50
	118.41	17.44	67.65	0.00	0.0604	10.46	460.1	373.41	0.0578	438.5	7.893	15.66	7.76	1.50
	119.40	17.44	67.65	0.00	0.0605	10.46	460.3	373.64	0.0580	442.2	7.959	15.79	7.88	1.50
	120.42	17.44	67.65	-0.00	0.0604	10.45	459.8	373.18	0.0580	441.2	7.942	15.76	7.85	1.50
	121.39	17.44	67.65	0.00	0.0602	10.40	457.7	371.47	0.0579	438.8	7.898	15.67	7.77	1.51
