Jul 28 2015 at 9:32:17
Frequency: 1Hz.
CO2
Zero:  Value:0.954578  Date:18 Mar 2005	 at 07:22:33	
Span:  Value:0.999099  Date:18 Mar 2005	 at 07:25:09	
H2O
Zero:  Value:0.712542  Date:18 Mar 2005	 at 07:52:31	
Span:  Value:0.993508  Date:18 Mar 2005	 at 11:44:01	
	Relative Time	Temperature	Pressure	Aux Input	CO2 Absorptance	CO2 mmol/m3	CO2 mg/m3	CO2 umol/mol	H2O Absorptance	H2O mmol/m3	H2O g/m3	H2O mmol/mol	H2O(°C)	Cooler Voltage
	0.17	14.25	67.68	-0.00	0.0623	10.86	477.7	383.33	0.0355	227.7	4.099	8.04	-1.64	1.41
	1.15	14.24	67.65	0.00	0.0626	10.93	480.9	385.98	0.0364	234.2	4.216	8.27	-1.26	1.41
	2.17	14.28	67.65	-0.00	0.0625	10.92	480.6	385.80	0.0364	236.1	4.251	8.34	-1.15	1.41
	3.15	14.27	67.65	0.00	0.0625	10.93	480.7	385.93	0.0365	234.9	4.228	8.30	-1.22	1.41
	4.17	14.27	67.66	0.00	0.0623	10.91	479.8	385.17	0.0373	243.7	4.387	8.61	-0.72	1.41
	5.16	14.25	67.66	0.00	0.0621	10.87	478.1	383.76	0.0369	236.5	4.258	8.35	-1.13	1.41
	6.16	14.29	67.65	0.00	0.0622	10.84	476.8	382.76	0.0372	242.3	4.361	8.56	-0.80	1.41
	7.14	14.29	67.66	0.00	0.0620	10.83	476.7	382.70	0.0362	243.4	4.380	8.60	-0.74	1.41
	8.16	14.29	67.66	-0.00	0.0620	10.83	476.7	382.66	0.0359	232.6	4.188	8.22	-1.35	1.41
	9.14	14.27	67.65	0.00	0.0621	10.82	476.2	382.29	0.0372	241.7	4.351	8.54	-0.83	1.41
	10.15	14.29	67.65	0.00	0.0621	10.84	477.0	382.92	0.0367	236.0	4.248	8.34	-1.16	1.41
	11.22	14.29	67.66	0.00	0.0619	10.80	475.1	381.38	0.0382	250.4	4.507	8.84	-0.35	1.41
	12.15	14.30	67.65	-0.00	0.0618	10.78	474.3	380.82	0.0403	268.7	4.836	9.49	0.63	1.41
	13.17	14.29	67.65	0.00	0.0617	10.78	474.5	380.91	0.0406	266.3	4.794	9.41	0.50	1.41
	14.15	14.29	67.68	-0.00	0.0617	10.75	473.1	379.66	0.0390	258.2	4.648	9.12	0.08	1.41
	15.16	14.30	67.68	-0.00	0.0618	10.76	473.5	380.01	0.0414	275.9	4.966	9.74	0.99	1.41
	16.18	14.29	67.66	0.00	0.0618	10.76	473.2	379.89	0.0397	263.1	4.736	9.29	0.33	1.41
	17.18	14.30	67.65	0.00	0.0616	10.73	472.0	378.97	0.0418	280.9	5.056	9.92	1.24	1.41
	18.17	14.32	67.66	-0.00	0.0615	10.72	471.6	378.59	0.0423	280.9	5.056	9.92	1.24	1.41
	19.16	14.32	67.66	0.00	0.0616	10.74	472.7	379.50	0.0410	279.3	5.027	9.87	1.16	1.41
	20.17	14.32	67.68	-0.00	0.0614	10.71	471.2	378.17	0.0438	288.9	5.200	10.20	1.63	1.41
	21.15	14.32	67.66	-0.00	0.0614	10.72	471.7	378.71	0.0444	302.8	5.450	10.70	2.29	1.41
	22.15	14.32	67.65	-0.00	0.0614	10.69	470.2	377.54	0.0445	306.5	5.518	10.83	2.46	1.41
	23.15	14.32	67.68	0.00	0.0614	10.64	468.3	375.85	0.0449	309.9	5.578	10.94	2.62	1.41
	24.16	14.32	67.68	0.00	0.0613	10.65	468.6	376.06	0.0448	309.6	5.573	10.93	2.61	1.41
	25.16	14.35	67.65	-0.00	0.0612	10.64	468.3	376.08	0.0451	312.0	5.616	11.02	2.71	1.41
	26.14	14.35	67.65	0.00	0.0613	10.64	468.3	376.01	0.0454	311.3	5.603	11.00	2.68	1.41
	27.24	14.37	67.68	0.00	0.0613	10.64	468.2	375.83	0.0450	310.0	5.579	10.95	2.62	1.41
	28.16	14.33	67.66	0.00	0.0613	10.65	468.5	376.20	0.0449	312.0	5.616	11.02	2.71	1.41
	29.16	14.37	67.66	-0.00	0.0613	10.66	469.0	376.61	0.0449	306.0	5.509	10.81	2.44	1.41
	30.16	14.38	67.65	-0.00	0.0610	10.61	467.0	375.02	0.0463	320.5	5.768	11.32	3.09	1.41
	31.17	14.38	67.68	0.00	0.0609	10.60	466.4	374.44	0.0465	322.5	5.805	11.39	3.18	1.41
	32.15	14.38	67.66	0.00	0.0609	10.59	465.9	374.15	0.0469	325.8	5.864	11.51	3.33	1.41
	33.16	14.40	67.65	0.00	0.0610	10.59	466.0	374.24	0.0464	323.9	5.831	11.45	3.25	1.41
	34.16	14.40	67.65	0.00	0.0612	10.61	466.8	374.87	0.0454	316.0	5.689	11.17	2.90	1.41
	35.16	14.40	67.65	0.00	0.0610	10.59	465.7	374.05	0.0457	320.1	5.761	11.31	3.08	1.41
	36.16	14.40	67.65	-0.00	0.0610	10.59	465.9	374.19	0.0464	319.0	5.742	11.27	3.03	1.41
	37.16	14.40	67.66	0.00	0.0610	10.55	464.2	372.80	0.0475	329.0	5.923	11.63	3.47	1.41
	38.17	14.40	67.66	0.00	0.0608	10.55	464.0	372.67	0.0481	335.7	6.043	11.86	3.75	1.41
	39.17	14.40	67.65	-0.00	0.0608	10.52	463.1	371.90	0.0474	334.2	6.016	11.81	3.69	1.41
	40.15	14.40	67.68	0.00	0.0608	10.57	464.9	373.21	0.0466	324.6	5.843	11.47	3.28	1.41
	41.23	14.41	67.66	0.00	0.0606	10.48	461.0	370.26	0.0477	337.0	6.066	11.91	3.81	1.41
	42.17	14.43	67.65	-0.00	0.0605	10.49	461.6	370.73	0.0493	353.7	6.367	12.50	4.50	1.41
	43.16	14.43	67.65	-0.00	0.0604	10.45	459.8	369.34	0.0502	360.0	6.479	12.72	4.75	1.41
	44.15	14.45	67.70	0.00	0.0605	10.47	460.8	369.85	0.0500	362.0	6.516	12.78	4.83	1.42
	45.16	14.40	67.65	0.00	0.0604	10.46	460.4	369.73	0.0506	362.2	6.520	12.80	4.84	1.42
	46.16	14.43	67.66	-0.00	0.0604	10.45	460.0	369.47	0.0495	356.3	6.414	12.59	4.60	1.42
	47.16	14.45	67.65	0.00	0.0605	10.48	461.1	370.39	0.0494	350.3	6.305	12.38	4.36	1.41
	48.16	14.45	67.65	0.00	0.0605	10.48	461.2	370.48	0.0494	351.6	6.329	12.43	4.41	1.41
	49.16	14.45	67.65	-0.00	0.0605	10.47	460.5	369.89	0.0498	357.4	6.432	12.63	4.65	1.41
	50.23	14.45	67.65	0.00	0.0606	10.47	460.7	370.03	0.0502	362.1	6.518	12.80	4.84	1.42
	51.15	14.45	67.68	0.00	0.0603	10.45	459.8	369.20	0.0501	360.8	6.495	12.75	4.78	1.42
	52.15	14.43	67.66	-0.00	0.0604	10.45	459.9	369.37	0.0503	363.2	6.538	12.84	4.88	1.42
	53.16	14.48	67.66	-0.00	0.0603	10.44	459.3	368.93	0.0511	366.8	6.602	12.96	5.02	1.42
	54.15	14.46	67.66	-0.00	0.0603	10.44	459.4	369.06	0.0512	369.1	6.644	13.05	5.11	1.42
	55.15	14.46	67.66	0.00	0.0602	10.41	457.9	367.83	0.0512	370.8	6.674	13.10	5.18	1.42
	56.16	14.46	67.66	0.00	0.0603	10.42	458.4	368.25	0.0514	370.1	6.662	13.08	5.15	1.42
	57.24	14.48	67.65	0.00	0.0601	10.38	456.7	366.85	0.0517	376.3	6.773	13.30	5.39	1.42
	58.16	14.48	67.65	0.00	0.0599	10.38	456.9	367.08	0.0522	380.3	6.845	13.44	5.54	1.42
	59.16	14.48	67.65	-0.00	0.0601	10.40	457.4	367.47	0.0529	386.2	6.952	13.65	5.76	1.42
	60.15	14.51	67.66	0.00	0.0599	10.37	456.3	366.63	0.0536	388.8	6.999	13.75	5.86	1.42
	61.15	14.50	67.65	0.00	0.0600	10.34	455.0	365.52	0.0534	398.0	7.163	14.07	6.20	1.42
	62.17	14.50	67.68	-0.00	0.0598	10.33	454.6	365.08	0.0538	395.6	7.121	13.98	6.11	1.42
	63.16	14.51	67.68	0.00	0.0600	10.33	454.4	364.89	0.0540	399.9	7.198	14.13	6.27	1.42
	64.15	14.50	67.65	0.00	0.0599	10.35	455.5	365.98	0.0540	398.0	7.163	14.07	6.20	1.42
	65.16	14.50	67.65	0.00	0.0596	10.30	453.2	364.14	0.0542	400.5	7.209	14.16	6.29	1.42
	66.16	14.51	67.68	0.00	0.0594	10.24	450.4	361.71	0.0538	399.7	7.194	14.12	6.26	1.42
	67.14	14.51	67.63	0.00	0.0595	10.26	451.4	362.84	0.0550	410.2	7.384	14.51	6.64	1.42
	68.16	14.53	67.68	0.00	0.0592	10.23	450.0	361.48	0.0553	414.5	7.461	14.65	6.79	1.42
	69.16	14.53	67.66	0.00	0.0592	10.20	448.7	360.54	0.0556	413.8	7.449	14.63	6.77	1.42
	70.17	14.53	67.65	0.00	0.0594	10.25	451.1	362.44	0.0560	418.1	7.525	14.78	6.92	1.42
	71.15	14.53	67.65	0.00	0.0591	10.18	447.9	359.92	0.0567	426.6	7.679	15.08	7.21	1.42
	72.15	14.53	67.65	0.00	0.0591	10.18	448.0	359.94	0.0563	426.8	7.682	15.09	7.22	1.42
	73.23	14.51	67.63	0.00	0.0591	10.16	447.2	359.46	0.0566	421.5	7.588	14.91	7.04	1.42
	74.16	14.54	67.63	0.00	0.0593	10.17	447.5	359.71	0.0558	418.3	7.529	14.79	6.92	1.42
	75.16	14.54	67.66	-0.00	0.0592	10.15	446.4	358.70	0.0570	431.3	7.763	15.25	7.37	1.42
	76.14	14.53	67.65	0.00	0.0590	10.16	447.0	359.17	0.0571	425.7	7.663	15.05	7.18	1.42
	77.17	14.56	67.65	-0.00	0.0590	10.16	447.0	359.20	0.0576	435.0	7.830	15.38	7.50	1.42
	78.14	14.58	67.68	0.00	0.0591	10.12	445.4	357.82	0.0578	437.1	7.867	15.45	7.57	1.42
	79.16	14.56	67.66	0.00	0.0590	10.14	446.0	358.38	0.0582	442.8	7.971	15.66	7.76	1.42
	80.23	14.56	67.65	0.00	0.0590	10.10	444.3	357.03	0.0586	447.3	8.051	15.81	7.90	1.42
	81.17	14.56	67.68	-0.00	0.0590	10.10	444.6	357.11	0.0591	454.8	8.186	16.07	8.15	1.42
	82.17	14.55	67.65	0.00	0.0586	10.07	443.1	356.03	0.0602	463.8	8.348	16.40	8.44	1.42
	83.16	14.58	67.68	-0.00	0.0588	10.08	443.4	356.21	0.0604	467.0	8.406	16.51	8.54	1.42
	84.16	14.58	67.65	-0.00	0.0584	9.99	439.5	353.15	0.0614	476.2	8.572	16.84	8.83	1.42
	85.14	14.56	67.65	0.00	0.0583	10.00	440.2	353.75	0.0618	479.2	8.626	16.94	8.92	1.42
	86.16	14.58	67.65	-0.00	0.0586	10.02	440.8	354.21	0.0609	475.2	8.554	16.80	8.80	1.42
	87.14	14.59	67.65	0.00	0.0583	9.98	439.3	353.05	0.0619	483.5	8.704	17.10	9.06	1.42
	88.17	14.59	67.66	0.00	0.0582	10.00	440.1	353.68	0.0625	488.0	8.784	17.25	9.19	1.42
	89.15	14.59	67.65	0.00	0.0579	9.94	437.4	351.54	0.0630	497.2	8.949	17.58	9.47	1.42
	90.15	14.59	67.65	0.00	0.0576	9.87	434.3	349.07	0.0640	505.4	9.097	17.87	9.71	1.42
	91.17	14.61	67.65	-0.00	0.0579	9.88	434.8	349.43	0.0636	506.7	9.120	17.92	9.75	1.42
	92.15	14.62	67.66	0.00	0.0580	9.91	436.0	350.41	0.0635	504.5	9.080	17.84	9.69	1.42
	93.15	14.61	67.63	-0.00	0.0579	9.92	436.6	351.06	0.0639	506.7	9.120	17.92	9.75	1.42
	94.16	14.61	67.66	-0.00	0.0581	9.90	435.5	350.02	0.0639	506.6	9.119	17.91	9.75	1.42
	95.16	14.64	67.63	-0.00	0.0581	9.97	438.8	352.87	0.0625	494.9	8.908	17.51	9.40	1.42
	96.16	14.64	67.65	0.00	0.0580	9.96	438.0	352.09	0.0630	496.3	8.934	17.55	9.45	1.42
	97.17	14.63	67.66	0.00	0.0580	9.93	437.1	351.30	0.0633	497.2	8.950	17.58	9.47	1.42
	98.16	14.61	67.66	-0.00	0.0579	9.88	434.8	349.46	0.0643	507.4	9.133	17.94	9.77	1.42
	99.15	14.63	67.66	0.00	0.0580	9.92	436.4	350.77	0.0648	513.7	9.247	18.17	9.96	1.42
	100.15	14.61	67.65	-0.00	0.0578	9.96	438.2	352.19	0.0648	507.7	9.138	17.95	9.78	1.42
	101.15	14.64	67.66	0.00	0.0578	9.91	435.9	350.36	0.0648	517.2	9.310	18.29	10.06	1.42
	102.15	14.66	67.66	0.00	0.0578	9.87	434.3	349.08	0.0648	521.6	9.388	18.45	10.19	1.42
	103.16	14.69	67.68	-0.00	0.0582	9.94	437.4	351.49	0.0627	495.6	8.922	17.53	9.43	1.42
	104.15	14.72	67.66	-0.00	0.0583	9.99	439.7	353.51	0.0625	488.2	8.787	17.27	9.20	1.43
	105.16	14.72	67.65	-0.00	0.0579	9.96	438.0	352.19	0.0646	507.6	9.136	17.96	9.78	1.42
	106.14	14.74	67.68	0.00	0.0573	9.87	434.5	349.22	0.0682	535.7	9.642	18.94	10.59	1.42
	107.16	14.72	67.65	-0.00	0.0573	9.78	430.3	346.01	0.0676	552.9	9.951	19.56	11.06	1.42
	108.16	14.72	67.68	-0.00	0.0572	9.77	429.9	345.55	0.0692	571.9	10.294	20.23	11.58	1.43
	109.15	14.71	67.65	0.00	0.0573	9.84	432.8	347.95	0.0668	549.7	9.895	19.45	10.98	1.42
	110.17	14.72	67.68	-0.00	0.0573	9.79	430.7	346.20	0.0693	570.0	10.260	20.16	11.53	1.43
	111.15	14.72	67.65	0.00	0.0569	9.72	427.6	343.83	0.0684	568.4	10.232	20.11	11.48	1.42
	112.16	14.71	67.66	-0.00	0.0574	9.74	428.4	344.42	0.0684	560.7	10.092	19.83	11.28	1.42
	113.15	14.71	67.63	-0.00	0.0575	9.79	430.7	346.37	0.0670	540.3	9.725	19.12	10.72	1.43
	114.16	14.74	67.66	0.00	0.0571	9.79	430.9	346.45	0.0680	550.8	9.914	19.49	11.01	1.43
	115.16	14.74	67.65	-0.00	0.0570	9.69	426.4	342.82	0.0687	557.8	10.040	19.73	11.20	1.43
	116.25	14.72	67.65	0.00	0.0567	9.73	428.2	344.29	0.0685	561.2	10.102	19.85	11.29	1.43
	117.16	14.72	67.65	0.00	0.0572	9.72	427.8	343.97	0.0673	559.8	10.076	19.80	11.25	1.43
	118.16	14.74	67.65	-0.00	0.0570	9.72	427.5	343.71	0.0691	566.6	10.200	20.05	11.44	1.43
	119.14	14.74	67.68	0.00	0.0570	9.71	427.3	343.43	0.0682	559.5	10.070	19.79	11.24	1.43
	120.15	14.75	67.66	0.00	0.0569	9.75	428.9	344.91	0.0692	565.8	10.185	20.02	11.42	1.43
	121.15	14.74	67.66	-0.00	0.0571	9.79	431.0	346.51	0.0681	560.8	10.095	19.84	11.28	1.43
