Jul 28 2015 at 11:44:37
Frequency: 1.00Hz.
CO2
Zero:  Value:0.95  Date:18 Mar 2005	 at 07:22:33	
Span:  Value:1.00  Date:18 Mar 2005	 at 07:25:09	
H2O
Zero:  Value:0.71  Date:18 Mar 2005	 at 07:52:31	
Span:  Value:0.99  Date:18 Mar 2005	 at 11:44:01	
	Relative Time	Temperature	Pressure	Aux Input	CO2 Absorptance	CO2 mmol/m3	CO2 mg/m3	CO2 umol/mol	H2O Absorptance	H2O mmol/m3	H2O g/m3	H2O mmol/mol	H2O(°C)	Cooler Voltage
	0.41	28.81	67.67	0.00	0.0622	10.83	476.4	401.63	0.0473	327.8	5.900	12.16	4.11	1.60
	1.40	28.79	67.67	-0.00	0.0621	10.82	476.0	401.34	0.0465	324.4	5.840	12.03	3.96	1.61
	2.48	28.79	67.65	-0.00	0.0619	10.80	475.4	400.91	0.0473	332.5	5.985	12.34	4.31	1.61
	3.40	28.79	67.66	0.00	0.0619	10.79	474.7	400.29	0.0471	330.1	5.942	12.25	4.21	1.61
	4.38	28.81	67.67	0.00	0.0619	10.77	473.9	399.54	0.0481	337.3	6.071	12.51	4.52	1.60
	5.40	28.79	67.65	-0.00	0.0617	10.79	474.9	400.49	0.0485	341.4	6.144	12.67	4.69	1.60
	6.38	28.81	67.65	0.00	0.0619	10.77	473.9	399.71	0.0493	350.0	6.301	12.99	5.05	1.60
	7.47	28.79	67.65	0.00	0.0617	10.77	473.8	399.61	0.0497	354.0	6.372	13.14	5.21	1.61
	8.39	28.79	67.65	0.00	0.0617	10.74	472.4	398.42	0.0498	358.0	6.444	13.29	5.37	1.61
	9.41	28.79	67.65	-0.00	0.0617	10.71	471.4	397.52	0.0499	359.0	6.463	13.32	5.41	1.60
	10.41	28.79	67.65	-0.00	0.0614	10.71	471.4	397.60	0.0498	357.5	6.436	13.27	5.35	1.60
	11.39	28.79	67.68	0.00	0.0613	10.65	468.5	394.97	0.0500	355.5	6.398	13.19	5.27	1.60
	12.39	28.74	67.65	0.00	0.0613	10.60	466.2	393.10	0.0501	356.5	6.417	13.23	5.31	1.60
	13.40	28.79	67.68	-0.00	0.0608	10.58	465.5	392.47	0.0501	360.3	6.485	13.36	5.46	1.61
	14.48	28.77	67.65	0.00	0.0612	10.63	467.7	394.38	0.0503	361.8	6.513	13.43	5.52	1.61
	15.41	28.79	67.68	-0.00	0.0609	10.56	464.8	391.82	0.0514	369.8	6.656	13.72	5.84	1.60
	16.41	28.78	67.63	-0.00	0.0612	10.65	468.5	395.24	0.0514	373.8	6.729	13.88	5.99	1.60
	17.41	28.79	67.67	0.00	0.0613	10.61	466.9	393.64	0.0509	370.1	6.662	13.73	5.85	1.60
	18.49	28.80	67.68	-0.00	0.0611	10.64	468.2	394.74	0.0506	366.1	6.590	13.58	5.69	1.60
	19.41	28.77	67.65	-0.00	0.0613	10.65	468.4	395.00	0.0498	358.6	6.455	13.31	5.39	1.60
	20.41	28.81	67.67	-0.00	0.0613	10.62	467.3	394.01	0.0499	354.9	6.388	13.16	5.24	1.60
	21.40	28.82	67.62	-0.00	0.0612	10.66	469.1	395.79	0.0507	363.5	6.542	13.49	5.59	1.60
	22.40	28.79	67.65	-0.00	0.0613	10.64	468.2	394.86	0.0508	362.0	6.516	13.43	5.53	1.60
	23.40	28.78	67.68	0.00	0.0612	10.60	466.4	393.18	0.0507	362.0	6.515	13.43	5.53	1.60
	24.41	28.78	67.65	-0.00	0.0612	10.59	466.1	393.11	0.0504	358.5	6.452	13.30	5.39	1.60
	25.40	28.78	67.65	-0.00	0.0611	10.62	467.1	393.93	0.0509	368.1	6.627	13.66	5.77	1.60
	26.40	28.78	67.65	0.00	0.0611	10.62	467.3	394.07	0.0512	371.4	6.685	13.78	5.90	1.61
	27.39	28.82	67.65	0.00	0.0610	10.60	466.6	393.56	0.0507	364.2	6.556	13.52	5.62	1.60
	28.39	28.81	67.65	0.00	0.0612	10.61	466.7	393.62	0.0530	385.6	6.942	14.31	6.45	1.60
	29.39	28.81	67.67	0.00	0.0611	10.61	466.9	393.70	0.0509	369.9	6.659	13.72	5.84	1.60
	30.39	28.79	67.65	-0.00	0.0610	10.61	466.8	393.70	0.0488	353.1	6.356	13.10	5.17	1.60
	31.40	28.79	67.65	0.00	0.0607	10.58	465.6	392.70	0.0499	350.3	6.306	13.00	5.06	1.61
	32.40	28.76	67.68	0.00	0.0609	10.57	465.3	392.16	0.0520	372.8	6.711	13.83	5.95	1.61
	33.42	28.82	67.67	0.00	0.0612	10.62	467.4	394.12	0.0500	358.4	6.451	13.30	5.39	1.60
	34.40	28.81	67.65	0.00	0.0610	10.59	465.7	392.82	0.0507	363.1	6.536	13.48	5.58	1.60
	35.40	28.79	67.68	0.00	0.0610	10.55	464.1	391.21	0.0531	374.8	6.746	13.90	6.03	1.60
	36.40	28.78	67.65	0.00	0.0609	10.52	463.1	390.51	0.0541	402.7	7.249	14.94	7.07	1.60
	37.41	28.78	67.67	-0.00	0.0610	10.57	464.9	391.92	0.0528	384.6	6.923	14.27	6.41	1.60
	38.39	28.76	67.63	0.00	0.0607	10.53	463.2	390.70	0.0530	388.7	6.996	14.43	6.56	1.60
	39.41	28.79	67.60	0.00	0.0607	10.54	463.7	391.36	0.0535	393.4	7.081	14.61	6.73	1.60
	40.39	28.79	67.67	0.00	0.0609	10.55	464.3	391.43	0.0528	385.3	6.936	14.29	6.43	1.60
	41.40	28.82	67.65	0.00	0.0608	10.54	463.6	391.01	0.0528	386.4	6.955	14.34	6.47	1.60
	42.39	28.79	67.63	0.00	0.0606	10.53	463.5	391.05	0.0534	394.5	7.102	14.65	6.78	1.60
	43.41	28.79	67.62	-0.00	0.0608	10.54	463.8	391.30	0.0537	395.4	7.117	14.68	6.81	1.60
	44.40	28.83	67.67	0.00	0.0608	10.52	462.9	390.31	0.0544	402.4	7.244	14.93	7.07	1.60
	45.41	28.81	67.65	-0.00	0.0607	10.53	463.2	390.64	0.0542	402.8	7.251	14.95	7.08	1.60
	46.40	28.81	67.65	0.00	0.0607	10.52	463.1	390.54	0.0548	409.6	7.374	15.20	7.33	1.60
	47.41	28.84	67.65	-0.00	0.0608	10.52	462.8	390.37	0.0553	410.1	7.383	15.22	7.34	1.60
	48.41	28.81	67.65	-0.00	0.0609	10.53	463.3	390.71	0.0552	410.6	7.390	15.24	7.36	1.60
	49.39	28.81	67.65	0.00	0.0607	10.51	462.5	390.06	0.0565	428.6	7.714	15.90	7.99	1.60
	50.42	28.82	67.67	-0.00	0.0605	10.49	461.7	389.31	0.0574	435.0	7.830	16.14	8.21	1.60
	51.40	28.83	67.68	-0.00	0.0605	10.51	462.3	389.77	0.0568	429.4	7.730	15.93	8.02	1.60
	52.42	28.83	67.67	-0.00	0.0606	10.49	461.7	389.28	0.0570	427.1	7.688	15.85	7.94	1.60
	53.38	28.83	67.65	0.00	0.0606	10.48	460.9	388.79	0.0576	439.1	7.904	16.30	8.35	1.60
	54.40	28.86	67.65	0.00	0.0604	10.48	461.0	388.84	0.0575	437.6	7.876	16.24	8.30	1.60
	55.40	28.85	67.65	0.00	0.0606	10.48	460.9	388.79	0.0575	435.4	7.838	16.16	8.22	1.60
	56.40	28.87	67.65	0.00	0.0601	10.39	457.3	385.78	0.0567	430.6	7.750	15.98	8.06	1.60
	57.47	28.87	67.65	-0.00	0.0603	10.42	458.3	386.59	0.0589	448.8	8.079	16.66	8.67	1.60
	58.39	28.87	67.65	0.00	0.0604	10.40	457.5	385.91	0.0599	454.2	8.176	16.86	8.85	1.60
	59.41	28.88	67.68	-0.00	0.0600	10.40	457.7	385.96	0.0602	468.1	8.425	17.37	9.29	1.60
	60.39	28.80	67.65	0.00	0.0606	10.48	461.0	388.77	0.0586	454.3	8.178	16.86	8.85	1.60
	61.39	28.85	67.65	0.00	0.0605	10.48	461.0	388.86	0.0599	461.9	8.315	17.14	9.10	1.60
	62.40	28.81	67.67	-0.00	0.0605	10.50	461.8	389.35	0.0597	459.8	8.277	17.06	9.03	1.60
	63.40	28.79	67.65	0.00	0.0604	10.46	460.4	388.26	0.0596	455.2	8.194	16.89	8.88	1.60
	64.40	28.79	67.67	0.00	0.0604	10.48	461.0	388.70	0.0590	450.4	8.107	16.71	8.72	1.60
	65.41	28.82	67.67	-0.00	0.0604	10.45	459.8	387.67	0.0592	452.3	8.141	16.78	8.78	1.61
	66.39	28.78	67.67	0.00	0.0603	10.42	458.5	386.57	0.0588	449.1	8.083	16.66	8.67	1.61
	67.41	28.82	67.65	-0.00	0.0600	10.39	457.1	385.50	0.0583	444.3	7.997	16.49	8.52	1.61
	68.39	28.81	67.68	0.00	0.0599	10.37	456.2	384.60	0.0587	447.9	8.062	16.62	8.64	1.60
	69.37	28.81	67.67	0.00	0.0602	10.38	456.8	385.11	0.0592	455.7	8.202	16.90	8.89	1.60
	70.39	28.81	67.65	0.00	0.0602	10.43	458.7	386.92	0.0593	455.4	8.198	16.90	8.88	1.60
	71.40	28.79	67.65	0.00	0.0602	10.38	456.7	385.18	0.0594	457.4	8.234	16.97	8.95	1.61
	72.40	28.82	67.65	0.00	0.0601	10.42	458.7	386.87	0.0594	457.3	8.231	16.97	8.94	1.61
	73.41	28.79	67.65	-0.00	0.0599	10.34	455.1	383.79	0.0608	468.6	8.434	17.39	9.30	1.61
	74.40	28.77	67.65	0.00	0.0597	10.28	452.4	381.50	0.0611	478.2	8.607	17.74	9.61	1.60
	75.40	28.79	67.65	0.00	0.0598	10.28	452.3	381.45	0.0606	471.9	8.495	17.51	9.41	1.60
	76.39	28.79	67.66	0.00	0.0600	10.35	455.2	383.89	0.0599	463.6	8.346	17.20	9.15	1.60
	77.39	28.79	67.65	0.00	0.0597	10.36	455.9	384.49	0.0599	460.6	8.291	17.09	9.05	1.61
	78.41	28.79	67.65	-0.00	0.0597	10.31	453.8	382.75	0.0611	476.6	8.578	17.68	9.56	1.61
	79.41	28.79	67.65	0.00	0.0599	10.37	456.4	384.88	0.0609	469.8	8.457	17.43	9.34	1.60
	80.40	28.79	67.65	0.00	0.0598	10.35	455.5	384.22	0.0617	479.5	8.632	17.80	9.65	1.60
	81.39	28.84	67.67	0.00	0.0599	10.37	456.4	384.82	0.0610	475.9	8.567	17.66	9.54	1.61
	82.38	28.78	67.65	0.00	0.0599	10.35	455.3	383.96	0.0612	475.4	8.557	17.64	9.52	1.60
	83.46	28.82	67.65	0.00	0.0600	10.34	455.0	383.74	0.0615	480.6	8.651	17.84	9.68	1.61
	84.40	28.84	67.67	-0.00	0.0601	10.35	455.5	384.05	0.0616	479.7	8.634	17.80	9.66	1.61
	85.39	28.79	67.65	-0.00	0.0600	10.37	456.4	384.88	0.0601	467.0	8.407	17.33	9.26	1.60
	86.38	28.82	67.65	0.00	0.0599	10.37	456.3	384.86	0.0605	468.9	8.441	17.40	9.32	1.61
	87.41	28.79	67.68	-0.00	0.0601	10.35	455.5	384.04	0.0604	467.1	8.407	17.32	9.26	1.60
	88.41	28.79	67.67	-0.00	0.0599	10.37	456.3	384.69	0.0603	465.1	8.371	17.25	9.19	1.60
	89.48	28.79	67.65	-0.00	0.0601	10.35	455.5	384.19	0.0604	468.1	8.426	17.37	9.29	1.61
	90.40	28.79	67.70	-0.00	0.0598	10.36	455.8	384.09	0.0613	473.2	8.518	17.55	9.45	1.61
	91.42	28.79	67.65	-0.00	0.0599	10.30	453.2	382.24	0.0621	483.2	8.698	17.93	9.76	1.60
	92.40	28.79	67.65	0.00	0.0596	10.32	454.1	382.95	0.0613	478.5	8.613	17.76	9.62	1.61
	93.40	28.79	67.70	0.00	0.0597	10.31	453.5	382.22	0.0613	478.4	8.612	17.74	9.61	1.60
	94.40	28.84	67.65	0.00	0.0596	10.32	454.1	383.02	0.0616	482.7	8.688	17.91	9.75	1.61
	95.41	28.83	67.65	0.00	0.0599	10.32	453.9	382.89	0.0612	477.7	8.598	17.73	9.59	1.61
	96.39	28.81	67.60	0.00	0.0596	10.32	453.9	383.10	0.0613	478.3	8.609	17.76	9.61	1.61
	97.38	28.83	67.65	0.00	0.0598	10.30	453.1	382.14	0.0615	479.5	8.630	17.79	9.65	1.60
	98.42	28.84	67.65	-0.00	0.0597	10.28	452.4	381.60	0.0612	476.6	8.578	17.69	9.56	1.61
	99.39	28.81	67.65	0.00	0.0594	10.26	451.4	380.70	0.0629	491.0	8.838	18.22	10.00	1.60
	100.40	28.81	67.65	0.00	0.0591	10.22	449.7	379.28	0.0640	506.3	9.114	18.79	10.46	1.61
	101.40	28.81	67.68	-0.00	0.0596	10.23	450.2	379.54	0.0634	502.4	9.044	18.64	10.35	1.61
	102.40	28.81	67.65	0.00	0.0596	10.26	451.6	380.86	0.0623	488.4	8.791	18.12	9.92	1.61
	103.40	28.79	67.72	-0.00	0.0595	10.27	452.0	380.80	0.0623	487.0	8.766	18.05	9.88	1.61
	104.40	28.81	67.65	-0.00	0.0596	10.27	451.8	381.05	0.0620	485.1	8.731	18.00	9.82	1.61
	105.39	28.81	67.65	0.00	0.0597	10.28	452.4	381.57	0.0623	486.0	8.748	18.04	9.85	1.60
	106.39	28.84	67.65	-0.00	0.0595	10.26	451.6	380.88	0.0621	484.8	8.727	17.99	9.81	1.61
	107.39	28.81	67.65	0.00	0.0595	10.26	451.6	380.90	0.0620	485.8	8.745	18.03	9.84	1.61
	108.37	28.79	67.68	0.00	0.0596	10.25	450.9	380.17	0.0624	491.3	8.844	18.22	10.01	1.61
	109.39	28.84	67.68	0.00	0.0596	10.25	450.8	380.08	0.0626	488.0	8.784	18.10	9.91	1.61
	110.40	28.81	67.65	-0.00	0.0593	10.23	450.1	379.61	0.0624	489.5	8.812	18.17	9.96	1.61
	111.42	28.79	67.60	-0.00	0.0592	10.20	448.9	378.89	0.0640	500.9	9.016	18.60	10.30	1.61
	112.40	28.79	67.68	0.00	0.0593	10.22	449.7	379.09	0.0640	504.0	9.072	18.69	10.39	1.61
	113.41	28.79	67.65	-0.00	0.0593	10.21	449.2	378.86	0.0641	509.6	9.173	18.91	10.56	1.61
	114.40	28.78	67.65	0.00	0.0593	10.20	448.6	378.31	0.0633	499.0	8.982	18.52	10.24	1.61
	115.41	28.82	67.65	-0.00	0.0592	10.19	448.3	378.13	0.0637	503.7	9.067	18.69	10.38	1.61
	116.39	28.78	67.62	0.00	0.0592	10.21	449.2	378.97	0.0636	502.1	9.037	18.64	10.33	1.61
	117.39	28.79	67.65	-0.00	0.0591	10.19	448.6	378.30	0.0637	505.5	9.099	18.76	10.44	1.61
	118.39	28.84	67.65	-0.00	0.0593	10.22	449.7	379.30	0.0627	496.3	8.933	18.42	10.16	1.61
	119.39	28.84	67.65	0.00	0.0589	10.16	447.3	377.26	0.0645	513.1	9.235	19.04	10.66	1.61
	120.40	28.79	67.65	-0.00	0.0590	10.18	447.7	377.59	0.0636	504.5	9.081	18.72	10.41	1.61
	121.39	28.77	67.67	-0.00	0.0589	10.14	446.3	376.20	0.0650	517.4	9.314	19.19	10.79	1.61
	122.38	28.81	67.65	0.00	0.0589	10.16	446.9	376.93	0.0647	510.1	9.182	18.93	10.57	1.61
	123.40	28.83	67.65	0.00	0.0590	10.18	447.9	377.76	0.0647	516.6	9.300	19.17	10.77	1.61
