Jul 28 2015 at 11:52:07
Frequency: 1.00Hz.
CO2
Zero:  Value:0.95  Date:18 Mar 2005	 at 07:22:33	
Span:  Value:1.00  Date:18 Mar 2005	 at 07:25:09	
H2O
Zero:  Value:0.71  Date:18 Mar 2005	 at 07:52:31	
Span:  Value:0.99  Date:18 Mar 2005	 at 11:44:01	
	Relative Time	Temperature	Pressure	Aux Input	CO2 Absorptance	CO2 mmol/m3	CO2 mg/m3	CO2 umol/mol	H2O Absorptance	H2O mmol/m3	H2O g/m3	H2O mmol/mol	H2O(°C)	Cooler Voltage
	0.19	28.98	67.73	0.00	0.0624	10.89	479.2	403.93	0.0453	313.5	5.644	11.63	3.49	1.62
	1.09	29.03	67.68	0.00	0.0622	10.89	479.0	404.13	0.0451	314.3	5.658	11.67	3.52	1.62
	2.11	29.00	67.65	0.00	0.0621	10.88	478.6	403.92	0.0453	313.8	5.648	11.65	3.50	1.62
	3.17	29.02	67.68	0.00	0.0622	10.89	479.1	404.17	0.0456	318.7	5.737	11.83	3.72	1.61
	4.12	29.05	67.68	-0.00	0.0623	10.89	479.3	404.39	0.0458	319.8	5.756	11.87	3.77	1.62
	5.10	29.02	67.65	-0.00	0.0621	10.89	479.0	404.28	0.0462	321.9	5.794	11.95	3.86	1.62
	6.10	29.04	67.67	0.00	0.0622	10.87	478.4	403.62	0.0464	322.8	5.811	11.98	3.90	1.62
	7.11	29.11	67.68	0.00	0.0623	10.86	478.0	403.43	0.0464	324.1	5.835	12.04	3.96	1.61
	8.11	29.04	67.68	-0.00	0.0621	10.85	477.5	402.85	0.0464	323.1	5.816	11.99	3.91	1.62
	9.11	29.02	67.68	0.00	0.0622	10.87	478.1	403.41	0.0470	326.9	5.884	12.13	4.08	1.62
	10.11	29.05	67.70	0.00	0.0623	10.89	479.1	404.11	0.0469	328.1	5.905	12.18	4.13	1.62
	11.09	29.06	67.65	0.00	0.0622	10.83	476.6	402.33	0.0468	327.8	5.901	12.18	4.12	1.62
	12.11	29.02	67.70	-0.00	0.0624	10.86	477.8	402.92	0.0480	338.3	6.090	12.56	4.57	1.62
	13.09	28.98	67.68	0.00	0.0622	10.82	476.0	401.51	0.0474	331.0	5.958	12.28	4.25	1.62
	14.12	28.97	67.68	0.00	0.0624	10.86	477.9	403.15	0.0486	340.3	6.125	12.63	4.65	1.62
	15.12	28.99	67.70	-0.00	0.0622	10.84	476.9	402.18	0.0482	339.1	6.103	12.58	4.60	1.62
	16.11	29.03	67.70	-0.00	0.0620	10.86	477.6	402.85	0.0482	343.6	6.185	12.75	4.79	1.62
	17.10	29.00	67.68	0.00	0.0620	10.84	477.0	402.40	0.0485	342.7	6.169	12.72	4.75	1.62
	18.10	29.00	67.70	0.00	0.0622	10.84	477.0	402.22	0.0484	342.1	6.157	12.69	4.73	1.62
	19.17	29.05	67.65	0.00	0.0623	10.85	477.3	402.87	0.0485	342.9	6.173	12.74	4.76	1.61
	20.11	29.02	67.65	-0.00	0.0622	10.82	475.9	401.65	0.0486	343.6	6.184	12.76	4.79	1.62
	21.11	29.04	67.68	-0.00	0.0620	10.83	476.5	402.07	0.0486	344.1	6.194	12.77	4.81	1.62
	22.11	29.02	67.67	0.00	0.0621	10.84	476.8	402.30	0.0488	346.2	6.232	12.85	4.90	1.62
	23.10	29.02	67.68	0.00	0.0622	10.85	477.3	402.70	0.0485	345.4	6.218	12.82	4.87	1.62
	24.12	29.00	67.65	-0.00	0.0621	10.83	476.4	402.06	0.0485	344.2	6.195	12.78	4.81	1.62
	25.10	29.00	67.68	0.00	0.0620	10.84	477.0	402.40	0.0488	345.5	6.218	12.82	4.87	1.62
	26.11	29.02	67.68	0.00	0.0621	10.84	476.9	402.31	0.0488	346.4	6.234	12.86	4.91	1.62
	27.10	29.00	67.65	0.00	0.0623	10.83	476.6	402.27	0.0485	342.9	6.172	12.73	4.76	1.62
	28.19	29.03	67.67	-0.00	0.0619	10.82	476.1	401.73	0.0486	346.1	6.229	12.85	4.89	1.62
	29.11	29.02	67.68	-0.00	0.0620	10.84	476.8	402.28	0.0488	346.5	6.237	12.86	4.91	1.62
	30.09	29.00	67.68	0.00	0.0622	10.83	476.6	402.10	0.0487	345.6	6.221	12.83	4.88	1.62
	31.09	29.00	67.70	0.00	0.0621	10.82	476.2	401.56	0.0490	345.7	6.223	12.83	4.88	1.62
	32.10	29.03	67.68	0.00	0.0620	10.85	477.4	402.77	0.0494	352.3	6.341	13.08	5.15	1.62
	33.12	29.00	67.68	-0.00	0.0620	10.84	477.1	402.50	0.0493	351.9	6.334	13.06	5.13	1.62
	34.12	29.00	67.70	-0.00	0.0620	10.82	476.0	401.39	0.0492	351.0	6.317	13.02	5.09	1.62
	35.12	29.00	67.68	0.00	0.0621	10.83	476.5	402.01	0.0491	349.8	6.297	12.98	5.05	1.62
	36.11	29.00	67.68	-0.00	0.0621	10.82	476.1	401.66	0.0491	350.7	6.313	13.02	5.08	1.62
	37.19	28.99	67.68	-0.00	0.0620	10.83	476.3	401.81	0.0493	350.3	6.305	13.00	5.07	1.62
	38.11	28.99	67.67	-0.00	0.0620	10.82	476.1	401.62	0.0494	351.7	6.331	13.05	5.12	1.62
	39.19	28.99	67.68	0.00	0.0621	10.84	477.1	402.43	0.0497	355.5	6.399	13.19	5.28	1.62
	40.11	29.00	67.68	-0.00	0.0620	10.83	476.3	401.86	0.0497	355.3	6.396	13.19	5.27	1.62
	41.09	29.00	67.68	0.00	0.0619	10.83	476.5	402.03	0.0499	357.7	6.439	13.28	5.37	1.62
	42.10	29.05	67.70	0.00	0.0622	10.82	476.3	401.71	0.0500	358.9	6.460	13.32	5.42	1.62
	43.09	29.05	67.68	0.00	0.0622	10.82	476.0	401.64	0.0502	357.1	6.428	13.26	5.35	1.62
	44.10	29.05	67.68	-0.00	0.0620	10.81	475.8	401.44	0.0497	357.5	6.435	13.27	5.36	1.62
	45.12	29.03	67.70	-0.00	0.0619	10.79	474.9	400.56	0.0500	356.1	6.410	13.22	5.31	1.62
	46.19	28.99	67.68	0.00	0.0618	10.81	475.4	401.08	0.0498	358.6	6.454	13.31	5.40	1.62
	47.11	29.00	67.68	0.00	0.0619	10.80	475.3	401.01	0.0501	358.5	6.454	13.31	5.40	1.62
	48.13	29.00	67.68	-0.00	0.0619	10.82	476.0	401.54	0.0502	360.3	6.485	13.37	5.47	1.62
	49.11	29.00	67.68	0.00	0.0620	10.85	477.3	402.64	0.0509	368.1	6.625	13.66	5.78	1.62
	50.11	29.02	67.68	0.00	0.0621	10.82	475.9	401.54	0.0507	363.0	6.534	13.47	5.58	1.62
	51.11	29.00	67.70	-0.00	0.0619	10.78	474.2	399.93	0.0498	357.0	6.426	13.25	5.34	1.62
	52.12	29.05	67.67	-0.00	0.0622	10.83	476.4	401.98	0.0507	365.4	6.577	13.57	5.68	1.62
	53.10	29.00	67.68	0.00	0.0621	10.82	476.3	401.81	0.0506	364.3	6.557	13.52	5.63	1.62
	54.09	29.03	67.68	0.00	0.0621	10.81	475.6	401.21	0.0506	363.2	6.538	13.48	5.59	1.62
	55.12	29.05	67.68	-0.00	0.0620	10.81	475.8	401.48	0.0505	363.6	6.545	13.50	5.61	1.62
	56.08	29.02	67.68	0.00	0.0620	10.79	474.8	400.57	0.0504	361.1	6.499	13.40	5.50	1.62
	57.11	29.06	67.68	0.00	0.0622	10.83	476.6	402.10	0.0510	367.4	6.612	13.64	5.75	1.62
	58.17	29.09	67.68	0.00	0.0621	10.80	475.3	401.05	0.0507	364.3	6.557	13.52	5.63	1.62
	59.12	29.04	67.68	-0.00	0.0621	10.80	475.3	401.01	0.0510	364.9	6.568	13.55	5.66	1.62
	60.11	29.04	67.68	0.00	0.0620	10.80	475.4	401.09	0.0507	366.2	6.591	13.59	5.71	1.62
	61.12	29.04	67.68	-0.00	0.0620	10.81	475.7	401.39	0.0511	368.9	6.640	13.69	5.81	1.62
	62.10	29.04	67.70	0.00	0.0621	10.81	475.5	401.00	0.0512	368.5	6.634	13.68	5.80	1.62
	63.12	29.02	67.70	-0.00	0.0621	10.81	475.5	401.03	0.0514	369.7	6.655	13.72	5.85	1.62
	64.12	29.02	67.68	-0.00	0.0620	10.81	475.4	401.11	0.0513	370.9	6.676	13.77	5.89	1.62
	65.18	29.00	67.68	0.00	0.0618	10.81	475.6	401.26	0.0511	371.6	6.689	13.79	5.92	1.62
	66.10	29.02	67.68	0.00	0.0620	10.81	475.7	401.34	0.0515	373.4	6.721	13.86	5.99	1.62
	67.10	29.00	67.65	0.00	0.0621	10.80	475.2	401.06	0.0518	371.5	6.688	13.80	5.92	1.62
	68.09	29.07	67.68	0.00	0.0621	10.81	475.7	401.39	0.0518	376.0	6.768	13.96	6.09	1.62
	69.11	29.04	67.70	-0.00	0.0621	10.81	475.5	401.07	0.0518	376.0	6.767	13.95	6.09	1.62
	70.09	29.04	67.65	0.00	0.0621	10.81	475.7	401.51	0.0522	378.2	6.808	14.05	6.17	1.62
	71.09	29.04	67.70	0.00	0.0620	10.81	475.5	401.04	0.0518	376.5	6.778	13.97	6.11	1.62
	72.10	29.02	67.70	-0.00	0.0620	10.81	475.5	401.01	0.0520	379.0	6.822	14.07	6.20	1.62
	73.10	29.02	67.68	0.00	0.0619	10.80	475.4	401.05	0.0518	377.6	6.797	14.02	6.15	1.62
	74.12	29.02	67.68	0.00	0.0620	10.82	476.0	401.62	0.0523	383.9	6.910	14.25	6.39	1.62
	75.10	29.00	67.70	0.00	0.0620	10.81	475.7	401.21	0.0521	380.3	6.846	14.11	6.25	1.62
	76.10	29.00	67.68	0.00	0.0620	10.79	474.8	400.50	0.0522	379.2	6.826	14.08	6.21	1.62
	77.10	29.02	67.65	0.00	0.0621	10.84	476.8	402.40	0.0526	385.6	6.941	14.32	6.46	1.62
	78.09	29.02	67.70	0.00	0.0619	10.81	475.7	401.23	0.0523	383.1	6.896	14.22	6.36	1.62
	79.11	29.04	67.68	0.00	0.0619	10.82	476.1	401.72	0.0526	384.4	6.919	14.27	6.41	1.62
	80.09	29.04	67.70	0.00	0.0620	10.82	476.0	401.50	0.0530	387.5	6.975	14.38	6.53	1.62
	81.11	29.04	67.68	0.00	0.0622	10.82	476.1	401.69	0.0530	388.1	6.986	14.41	6.55	1.62
	82.10	29.08	67.72	0.00	0.0621	10.83	476.6	401.86	0.0530	389.6	7.013	14.45	6.61	1.62
	83.10	29.06	67.70	-0.00	0.0621	10.84	476.7	402.14	0.0531	391.4	7.046	14.53	6.67	1.62
	84.10	29.06	67.68	0.00	0.0619	10.82	476.0	401.59	0.0530	389.9	7.018	14.47	6.62	1.62
	85.10	29.06	67.68	0.00	0.0619	10.83	476.6	402.13	0.0533	393.7	7.086	14.62	6.76	1.62
	86.08	29.06	67.68	0.00	0.0619	10.82	476.0	401.67	0.0533	392.0	7.057	14.55	6.70	1.62
	87.11	29.06	67.70	-0.00	0.0620	10.83	476.4	401.86	0.0535	394.0	7.091	14.62	6.77	1.62
	88.11	29.09	67.68	-0.00	0.0621	10.83	476.6	402.18	0.0537	397.0	7.146	14.74	6.88	1.62
	89.11	29.04	67.68	0.00	0.0622	10.83	476.4	401.99	0.0538	396.2	7.132	14.71	6.85	1.62
	90.11	29.04	67.70	0.00	0.0621	10.82	476.1	401.59	0.0537	394.5	7.102	14.64	6.79	1.62
	91.09	29.04	67.68	0.00	0.0622	10.83	476.5	402.03	0.0535	394.5	7.102	14.65	6.79	1.62
	92.18	29.04	67.67	-0.00	0.0620	10.81	475.6	401.33	0.0534	394.1	7.094	14.63	6.77	1.62
	93.09	29.04	67.70	0.00	0.0619	10.78	474.5	400.24	0.0530	388.7	6.997	14.43	6.57	1.62
	94.10	29.04	67.68	0.00	0.0621	10.81	475.6	401.24	0.0538	394.1	7.095	14.63	6.77	1.62
	95.11	29.04	67.67	-0.00	0.0620	10.83	476.4	401.96	0.0539	397.7	7.158	14.76	6.90	1.62
	96.10	29.04	67.68	0.00	0.0622	10.83	476.6	402.11	0.0540	399.5	7.191	14.83	6.97	1.62
	97.11	29.04	67.70	-0.00	0.0621	10.83	476.5	401.87	0.0541	399.1	7.184	14.81	6.96	1.62
	98.09	29.07	67.70	0.00	0.0620	10.84	476.8	402.16	0.0543	402.1	7.238	14.92	7.07	1.62
	99.11	29.02	67.68	0.00	0.0622	10.84	477.0	402.41	0.0547	405.4	7.296	15.05	7.18	1.62
	100.11	29.06	67.68	-0.00	0.0620	10.84	477.1	402.58	0.0550	407.4	7.334	15.13	7.26	1.62
	101.10	29.04	67.68	0.00	0.0622	10.84	476.9	402.38	0.0549	407.1	7.328	15.11	7.24	1.62
	102.09	29.08	67.68	0.00	0.0622	10.83	476.6	402.21	0.0550	407.8	7.341	15.14	7.27	1.62
	103.10	29.06	67.68	0.00	0.0621	10.83	476.6	402.16	0.0549	409.0	7.362	15.19	7.31	1.63
	104.18	29.05	67.70	0.00	0.0621	10.83	476.5	401.91	0.0549	409.5	7.371	15.20	7.33	1.62
	105.10	29.04	67.66	-0.00	0.0619	10.82	475.9	401.65	0.0548	408.2	7.347	15.16	7.28	1.62
	106.10	29.07	67.68	-0.00	0.0620	10.82	476.0	401.59	0.0549	407.9	7.342	15.14	7.28	1.62
	107.09	29.09	67.70	0.00	0.0621	10.82	476.2	401.75	0.0550	408.0	7.344	15.14	7.28	1.62
	108.09	29.06	67.68	0.00	0.0621	10.82	476.3	401.88	0.0548	408.5	7.353	15.17	7.30	1.63
	109.11	29.08	67.68	-0.00	0.0619	10.81	475.4	401.17	0.0547	405.3	7.296	15.05	7.18	1.63
	110.09	29.10	67.73	0.00	0.0619	10.81	475.7	401.13	0.0549	407.7	7.339	15.13	7.27	1.62
	111.12	29.06	67.70	0.00	0.0620	10.81	475.5	401.10	0.0551	408.2	7.348	15.15	7.29	1.62
	112.10	29.13	67.68	0.00	0.0621	10.81	475.7	401.48	0.0552	410.2	7.384	15.23	7.36	1.62
	113.10	29.06	67.68	-0.00	0.0620	10.82	476.0	401.65	0.0553	412.3	7.422	15.31	7.43	1.62
	114.10	29.06	67.70	0.00	0.0619	10.81	475.7	401.25	0.0552	412.6	7.427	15.31	7.44	1.63
	115.11	29.06	67.68	-0.00	0.0619	10.81	475.4	401.16	0.0553	412.9	7.431	15.33	7.45	1.63
	116.10	29.09	67.70	0.00	0.0619	10.82	476.3	401.77	0.0557	416.6	7.500	15.46	7.59	1.63
	117.09	29.08	67.70	0.00	0.0620	10.80	475.2	400.82	0.0555	413.3	7.440	15.34	7.47	1.63
	118.09	29.08	67.68	0.00	0.0622	10.83	476.4	402.00	0.0560	418.1	7.526	15.52	7.64	1.62
	119.09	29.08	67.68	0.00	0.0622	10.83	476.6	402.17	0.0560	419.9	7.559	15.59	7.70	1.63
