Jul 28 2015 at 14:49:58
Frequency: 1.00Hz.
CO2
Zero:  Value:0.95  Date:18 Mar 2005	 at 07:22:33	
Span:  Value:1.00  Date:18 Mar 2005	 at 07:25:09	
H2O
Zero:  Value:0.71  Date:18 Mar 2005	 at 07:52:31	
Span:  Value:0.99  Date:18 Mar 2005	 at 11:44:01	
	Relative Time	Temperature	Pressure	Aux Input	CO2 Absorptance	CO2 mmol/m3	CO2 mg/m3	CO2 umol/mol	H2O Absorptance	H2O mmol/m3	H2O g/m3	H2O mmol/mol	H2O(°C)	Cooler Voltage
	0.14	33.45	67.75	0.00	0.0611	10.60	466.6	398.94	0.0472	331.6	5.968	12.47	4.49	1.61
	1.15	33.45	67.70	-0.00	0.0611	10.60	466.4	399.15	0.0479	337.0	6.065	12.69	4.72	1.61
	2.14	33.50	67.75	0.00	0.0610	10.58	465.4	398.06	0.0498	350.1	6.302	13.17	5.27	1.61
	3.15	33.49	67.70	-0.00	0.0607	10.52	463.0	396.26	0.0521	375.8	6.764	14.15	6.29	1.61
	4.13	33.51	67.73	0.00	0.0606	10.49	461.4	394.73	0.0539	395.4	7.117	14.88	7.03	1.61
	5.16	33.52	67.70	0.00	0.0607	10.51	462.4	395.73	0.0547	403.8	7.268	15.21	7.34	1.61
	6.16	33.49	67.73	-0.00	0.0608	10.53	463.2	396.28	0.0551	408.6	7.355	15.38	7.51	1.61
	7.16	33.47	67.75	0.00	0.0608	10.53	463.1	396.04	0.0556	411.3	7.404	15.48	7.61	1.61
	8.14	33.50	67.72	0.00	0.0607	10.54	463.8	396.78	0.0563	423.3	7.619	15.94	8.03	1.61
	9.16	33.50	67.75	0.00	0.0606	10.50	462.2	395.31	0.0561	424.3	7.637	15.97	8.07	1.61
	10.14	33.50	67.72	0.00	0.0604	10.49	461.4	394.79	0.0547	407.2	7.330	15.33	7.46	1.61
	11.23	33.47	67.73	-0.00	0.0608	10.53	463.1	396.17	0.0556	413.7	7.446	15.57	7.69	1.61
	12.15	33.43	67.72	-0.00	0.0606	10.49	461.5	394.79	0.0549	408.8	7.358	15.38	7.52	1.61
	13.15	33.45	67.73	0.00	0.0607	10.50	462.2	395.33	0.0563	423.7	7.627	15.95	8.04	1.61
	14.13	33.46	67.73	0.00	0.0607	10.50	462.0	395.17	0.0553	418.9	7.541	15.77	7.88	1.61
	15.16	33.41	67.70	-0.00	0.0608	10.55	464.1	397.10	0.0548	399.4	7.190	15.04	7.18	1.61
	16.15	33.40	67.73	-0.00	0.0611	10.61	466.8	399.18	0.0576	438.1	7.885	16.48	8.53	1.61
	17.14	33.44	67.72	0.00	0.0613	10.64	468.1	400.40	0.0590	449.8	8.097	16.93	8.93	1.61
	18.13	33.41	67.73	0.00	0.0612	10.64	468.1	400.32	0.0579	439.9	7.918	16.55	8.59	1.61
	19.14	33.41	67.72	0.00	0.0613	10.64	468.1	400.41	0.0592	453.7	8.167	17.08	9.05	1.61
	20.14	33.45	67.74	0.00	0.0613	10.65	468.5	400.70	0.0604	466.5	8.397	17.55	9.47	1.61
	21.15	33.43	67.70	0.00	0.0615	10.68	469.7	401.90	0.0606	468.4	8.430	17.63	9.52	1.61
	22.15	33.43	67.72	0.00	0.0616	10.71	471.4	403.23	0.0610	470.9	8.476	17.72	9.61	1.61
	23.15	33.45	67.73	-0.00	0.0615	10.68	469.8	401.84	0.0604	465.3	8.375	17.51	9.43	1.61
	24.15	33.43	67.70	0.00	0.0613	10.65	468.6	400.92	0.0604	469.7	8.454	17.68	9.57	1.61
	25.15	33.36	67.73	0.00	0.0612	10.62	467.3	399.57	0.0594	455.2	8.193	17.13	9.10	1.61
	26.15	33.32	67.70	0.00	0.0612	10.63	467.8	400.16	0.0597	456.1	8.209	17.16	9.12	1.61
	27.22	33.29	67.70	0.00	0.0609	10.56	464.6	397.33	0.0606	466.9	8.404	17.57	9.47	1.61
	28.16	33.22	67.73	0.00	0.0607	10.52	462.9	395.65	0.0615	475.6	8.562	17.89	9.74	1.61
	29.16	33.20	67.75	-0.00	0.0608	10.53	463.3	395.88	0.0605	470.7	8.473	17.70	9.59	1.61
	30.16	33.23	67.70	0.00	0.0607	10.51	462.5	395.49	0.0615	470.7	8.472	17.71	9.59	1.61
	31.15	33.20	67.72	-0.00	0.0611	10.60	466.2	398.48	0.0604	468.0	8.425	17.60	9.50	1.61
	32.15	33.20	67.70	0.00	0.0612	10.63	467.8	400.01	0.0596	458.4	8.252	17.25	9.20	1.61
	33.15	33.22	67.70	0.00	0.0609	10.57	465.1	397.65	0.0623	488.5	8.793	18.38	10.14	1.61
	34.15	33.25	67.67	0.00	0.0609	10.58	465.7	398.39	0.0630	492.1	8.858	18.53	10.25	1.61
	35.13	33.29	67.68	0.00	0.0610	10.57	465.3	398.08	0.0629	495.2	8.913	18.64	10.35	1.61
	36.15	33.29	67.73	0.00	0.0609	10.56	464.9	397.41	0.0627	493.3	8.879	18.56	10.29	1.61
	37.14	33.26	67.70	0.00	0.0608	10.54	463.7	396.56	0.0631	495.0	8.910	18.63	10.34	1.61
	38.14	33.27	67.72	0.00	0.0608	10.53	463.4	396.21	0.0630	503.1	9.056	18.93	10.59	1.61
	39.14	33.22	67.70	0.00	0.0608	10.55	464.2	396.94	0.0624	490.9	8.837	18.47	10.22	1.61
	40.14	33.22	67.72	0.00	0.0608	10.53	463.5	396.18	0.0618	483.6	8.705	18.19	9.99	1.61
	41.15	33.26	67.72	-0.00	0.0609	10.56	464.4	397.05	0.0609	476.6	8.579	17.93	9.78	1.61
	42.17	33.32	67.72	-0.00	0.0608	10.54	463.6	396.41	0.0606	469.8	8.457	17.68	9.57	1.61
	43.15	33.31	67.72	0.00	0.0609	10.55	464.4	397.09	0.0605	468.7	8.436	17.63	9.53	1.61
	44.15	33.35	67.70	0.00	0.0609	10.56	464.5	397.35	0.0600	462.7	8.328	17.41	9.34	1.61
	45.15	33.36	67.73	0.00	0.0610	10.58	465.5	398.07	0.0601	464.4	8.358	17.47	9.39	1.61
	46.15	33.34	67.72	0.00	0.0608	10.55	464.1	396.90	0.0598	460.9	8.296	17.34	9.28	1.61
	47.14	33.36	67.72	0.00	0.0607	10.52	462.8	395.73	0.0595	456.3	8.213	17.17	9.13	1.61
	48.14	33.35	67.70	0.00	0.0608	10.55	464.2	397.12	0.0601	463.9	8.349	17.46	9.38	1.61
	49.14	33.38	67.68	0.00	0.0609	10.52	462.7	395.98	0.0601	459.4	8.268	17.30	9.23	1.61
	50.14	33.36	67.72	0.00	0.0608	10.53	463.3	396.19	0.0611	474.3	8.537	17.85	9.71	1.61
	51.14	33.32	67.72	0.00	0.0609	10.56	464.6	397.29	0.0611	476.4	8.574	17.92	9.77	1.61
	52.13	33.37	67.72	0.00	0.0610	10.57	465.0	397.64	0.0614	473.7	8.526	17.82	9.69	1.61
	53.13	33.37	67.70	0.00	0.0608	10.55	464.4	397.26	0.0611	475.5	8.559	17.90	9.75	1.61
	54.16	33.38	67.70	-0.00	0.0609	10.54	463.6	396.60	0.0605	474.7	8.544	17.87	9.72	1.61
	55.15	33.41	67.70	0.00	0.0608	10.54	464.0	396.97	0.0609	468.7	8.437	17.65	9.54	1.61
	56.16	33.45	67.70	-0.00	0.0609	10.56	464.5	397.47	0.0611	474.7	8.544	17.87	9.73	1.61
	57.16	33.43	67.70	-0.00	0.0610	10.56	464.8	397.68	0.0601	465.0	8.371	17.51	9.42	1.61
	58.16	33.41	67.72	0.00	0.0610	10.57	465.0	397.71	0.0607	468.8	8.439	17.64	9.54	1.61
	59.14	33.45	67.75	0.00	0.0608	10.55	464.2	396.96	0.0605	469.1	8.444	17.65	9.55	1.61
	60.15	33.45	67.73	-0.00	0.0609	10.56	464.5	397.34	0.0604	467.8	8.421	17.61	9.51	1.61
	61.15	33.47	67.78	0.00	0.0609	10.55	464.4	396.97	0.0602	465.9	8.385	17.52	9.45	1.61
	62.15	33.48	67.73	0.00	0.0607	10.54	463.8	396.79	0.0600	464.4	8.358	17.48	9.40	1.61
	63.13	33.48	67.70	0.00	0.0606	10.50	462.1	395.47	0.0599	462.6	8.326	17.42	9.34	1.61
	64.15	33.45	67.70	0.00	0.0608	10.53	463.1	396.30	0.0605	464.5	8.361	17.49	9.40	1.61
	65.15	33.43	67.73	-0.00	0.0608	10.56	464.5	397.31	0.0608	472.5	8.506	17.78	9.66	1.61
	66.16	33.47	67.72	-0.00	0.0606	10.51	462.5	395.62	0.0607	471.8	8.493	17.76	9.64	1.61
	67.14	33.44	67.68	-0.00	0.0607	10.54	463.8	397.01	0.0621	484.8	8.727	18.26	10.04	1.61
	68.16	33.41	67.72	-0.00	0.0607	10.55	464.0	396.87	0.0617	483.0	8.695	18.18	9.98	1.61
	69.12	33.44	67.74	0.00	0.0607	10.52	463.0	395.95	0.0623	486.7	8.761	18.31	10.10	1.61
	70.14	33.43	67.72	0.00	0.0607	10.52	462.9	395.94	0.0626	492.0	8.855	18.52	10.26	1.61
	71.15	33.43	67.70	-0.00	0.0606	10.49	461.6	394.99	0.0629	495.0	8.910	18.64	10.35	1.61
	72.15	33.43	67.70	0.00	0.0607	10.52	462.7	395.93	0.0635	502.1	9.038	18.90	10.56	1.61
	73.15	33.45	67.73	0.00	0.0607	10.51	462.3	395.46	0.0645	509.4	9.169	19.17	10.78	1.61
	74.15	33.48	67.72	0.00	0.0606	10.51	462.2	395.44	0.0645	514.2	9.256	19.36	10.93	1.61
	75.15	33.51	67.72	0.00	0.0606	10.50	461.8	395.15	0.0642	510.6	9.191	19.22	10.82	1.61
	76.14	33.48	67.70	0.00	0.0605	10.48	461.2	394.69	0.0629	497.3	8.951	18.73	10.42	1.61
	77.14	33.50	67.70	0.00	0.0605	10.47	460.8	394.34	0.0618	484.5	8.721	18.24	10.03	1.61
	78.14	33.50	67.65	0.00	0.0605	10.47	460.7	394.53	0.0647	509.8	9.177	19.21	10.80	1.61
	79.22	33.50	67.70	-0.00	0.0606	10.49	461.6	395.04	0.0638	507.7	9.139	19.12	10.73	1.61
	80.15	33.52	67.70	-0.00	0.0606	10.49	461.4	394.91	0.0633	500.9	9.016	18.86	10.53	1.61
	81.15	33.61	67.73	-0.00	0.0605	10.48	461.1	394.61	0.0642	507.6	9.136	19.11	10.73	1.61
	82.13	33.56	67.72	0.00	0.0606	10.49	461.7	395.12	0.0637	504.6	9.082	19.00	10.64	1.61
	83.13	33.58	67.70	0.00	0.0605	10.49	461.3	394.95	0.0647	513.6	9.244	19.35	10.91	1.61
	84.15	33.61	67.72	-0.00	0.0606	10.49	461.4	394.90	0.0646	516.1	9.289	19.43	10.99	1.61
	85.14	33.58	67.68	-0.00	0.0606	10.48	461.3	395.03	0.0664	527.4	9.494	19.87	11.31	1.61
	86.16	33.55	67.68	-0.00	0.0605	10.48	461.2	394.92	0.0687	563.3	10.140	21.22	12.31	1.61
	87.14	33.51	67.72	0.00	0.0605	10.49	461.4	394.75	0.0683	558.9	10.060	21.04	12.19	1.61
	88.22	33.55	67.70	0.00	0.0606	10.49	461.6	395.14	0.0689	565.4	10.176	21.29	12.36	1.61
	89.14	33.50	67.72	0.00	0.0604	10.47	460.8	394.21	0.0689	566.5	10.197	21.32	12.39	1.61
	90.15	33.49	67.72	0.00	0.0606	10.49	461.5	394.83	0.0691	568.5	10.233	21.40	12.44	1.61
	91.14	33.50	67.72	0.00	0.0606	10.49	461.6	394.95	0.0691	568.3	10.230	21.39	12.44	1.61
	92.15	33.45	67.73	0.00	0.0605	10.48	461.0	394.37	0.0696	573.3	10.320	21.58	12.57	1.61
	93.15	33.46	67.70	-0.00	0.0605	10.47	460.6	394.20	0.0694	570.5	10.268	21.48	12.50	1.61
	94.22	33.41	67.70	-0.00	0.0604	10.46	460.2	393.72	0.0697	575.7	10.363	21.67	12.63	1.61
	95.13	33.43	67.72	0.00	0.0605	10.46	460.4	393.78	0.0692	571.6	10.289	21.51	12.52	1.61
	96.22	33.41	67.73	0.00	0.0604	10.44	459.4	392.92	0.0684	559.2	10.065	21.04	12.19	1.61
	97.14	33.43	67.73	0.00	0.0606	10.49	461.4	394.66	0.0689	564.6	10.163	21.25	12.34	1.61
	98.16	33.40	67.70	-0.00	0.0606	10.48	461.3	394.70	0.0693	568.1	10.226	21.39	12.43	1.61
	99.14	33.46	67.75	-0.00	0.0606	10.51	462.4	395.37	0.0688	568.3	10.229	21.38	12.44	1.61
	100.14	33.41	67.67	0.00	0.0607	10.51	462.5	395.93	0.0694	571.3	10.284	21.52	12.52	1.61
	101.14	33.45	67.72	0.00	0.0608	10.53	463.2	396.28	0.0693	571.1	10.279	21.49	12.51	1.61
	102.17	33.41	67.70	-0.00	0.0607	10.52	463.0	396.11	0.0694	571.9	10.293	21.53	12.53	1.61
	103.15	33.41	67.70	-0.00	0.0607	10.52	463.0	396.11	0.0698	576.5	10.377	21.70	12.65	1.61
	104.16	33.41	67.70	-0.00	0.0606	10.51	462.5	395.69	0.0696	577.0	10.385	21.72	12.67	1.61
	105.14	33.38	67.73	-0.00	0.0605	10.50	462.0	395.09	0.0692	571.8	10.293	21.52	12.53	1.61
	106.14	33.37	67.73	0.00	0.0605	10.48	461.2	394.42	0.0690	568.2	10.228	21.38	12.43	1.62
	107.14	33.40	67.73	0.00	0.0606	10.48	461.3	394.51	0.0691	568.3	10.229	21.38	12.43	1.61
	108.16	33.35	67.72	-0.00	0.0605	10.49	461.7	394.85	0.0693	571.4	10.286	21.50	12.52	1.61
	109.14	33.33	67.73	0.00	0.0607	10.51	462.5	395.47	0.0700	579.6	10.433	21.81	12.73	1.61
	110.15	33.32	67.78	-0.00	0.0606	10.50	462.1	394.79	0.0696	573.2	10.317	21.55	12.56	1.61
	111.14	33.27	67.70	0.00	0.0606	10.49	461.6	394.82	0.0694	575.1	10.351	21.64	12.61	1.61
	112.15	33.31	67.72	0.00	0.0607	10.51	462.2	395.24	0.0696	574.8	10.346	21.62	12.60	1.62
	113.16	33.27	67.72	-0.00	0.0606	10.48	461.3	394.37	0.0688	564.5	10.161	21.23	12.33	1.61
	114.13	33.27	67.72	0.00	0.0606	10.50	461.9	394.87	0.0687	562.4	10.123	21.16	12.27	1.61
	115.14	33.25	67.75	0.00	0.0607	10.50	462.0	394.75	0.0683	557.7	10.039	20.97	12.14	1.61
	116.14	33.25	67.72	-0.00	0.0607	10.52	462.8	395.64	0.0682	557.7	10.039	20.98	12.14	1.61
	117.17	33.22	67.70	-0.00	0.0606	10.50	462.2	395.23	0.0679	555.8	10.005	20.91	12.09	1.62
	118.16	33.29	67.73	-0.00	0.0606	10.50	461.9	394.91	0.0666	539.2	9.706	20.28	11.63	1.62
	119.15	33.29	67.73	0.00	0.0606	10.51	462.5	395.37	0.0671	541.9	9.754	20.38	11.71	1.62
	120.15	33.32	67.73	-0.00	0.0606	10.48	461.2	394.37	0.0674	549.1	9.883	20.66	11.91	1.61
	121.17	33.29	67.70	-0.00	0.0605	10.48	461.2	394.43	0.0676	549.9	9.898	20.69	11.93	1.61
	122.21	33.29	67.70	0.00	0.0605	10.46	460.3	393.68	0.0682	551.8	9.932	20.76	11.98	1.61
