Jul 28 2015 at 11:16:14
Frequency: 1.00Hz.
CO2
Zero:  Value:0.95  Date:18 Mar 2005	 at 07:22:33	
Span:  Value:1.00  Date:18 Mar 2005	 at 07:25:09	
H2O
Zero:  Value:0.71  Date:18 Mar 2005	 at 07:52:31	
Span:  Value:0.99  Date:18 Mar 2005	 at 11:44:01	
	Relative Time	Temperature	Pressure	Aux Input	CO2 Absorptance	CO2 mmol/m3	CO2 mg/m3	CO2 umol/mol	H2O Absorptance	H2O mmol/m3	H2O g/m3	H2O mmol/mol	H2O(°C)	Cooler Voltage
	0.67	28.72	67.65	0.00	0.0616	10.72	471.8	397.81	0.0417	278.4	5.012	10.33	1.80	1.57
	1.69	28.71	67.65	-0.00	0.0616	10.71	471.4	397.44	0.0426	289.5	5.211	10.74	2.35	1.57
	2.68	28.72	67.67	-0.00	0.0616	10.71	471.1	397.05	0.0427	290.0	5.220	10.76	2.37	1.57
	3.70	28.74	67.65	-0.00	0.0615	10.70	470.8	397.01	0.0432	293.5	5.283	10.89	2.54	1.57
	4.70	28.72	67.67	0.00	0.0615	10.70	470.9	396.92	0.0436	296.7	5.341	11.00	2.69	1.57
	5.68	28.72	67.65	0.00	0.0614	10.68	469.8	396.12	0.0446	305.6	5.501	11.34	3.11	1.57
	6.69	28.68	67.65	0.00	0.0614	10.66	469.2	395.59	0.0455	318.3	5.729	11.81	3.69	1.57
	7.69	28.69	67.70	-0.00	0.0615	10.70	470.6	396.46	0.0430	299.8	5.396	11.11	2.84	1.57
	8.69	28.66	67.67	0.00	0.0614	10.68	469.7	395.83	0.0448	309.3	5.568	11.47	3.28	1.57
	9.69	28.68	67.68	0.00	0.0613	10.69	470.5	396.47	0.0451	310.0	5.580	11.50	3.31	1.57
	10.69	28.68	67.65	-0.00	0.0608	10.59	465.8	392.72	0.0463	320.1	5.762	11.87	3.77	1.57
	11.69	28.68	67.65	0.00	0.0608	10.53	463.5	390.73	0.0488	348.1	6.265	12.91	4.96	1.57
	12.70	28.70	67.68	-0.00	0.0607	10.52	463.0	390.24	0.0480	340.6	6.131	12.63	4.65	1.57
	13.78	28.68	67.67	0.00	0.0607	10.54	463.8	390.89	0.0486	343.5	6.182	12.74	4.77	1.57
	14.68	28.70	67.63	0.00	0.0610	10.61	466.9	393.80	0.0490	346.2	6.232	12.85	4.88	1.57
	15.68	28.70	67.65	0.00	0.0609	10.57	465.2	392.20	0.0502	360.6	6.491	13.38	5.47	1.57
	16.69	28.71	67.65	0.00	0.0609	10.57	465.0	392.02	0.0503	360.1	6.482	13.36	5.45	1.57
	17.68	28.72	67.65	0.00	0.0609	10.55	464.0	391.21	0.0492	352.0	6.336	13.06	5.12	1.57
	18.69	28.72	67.65	-0.00	0.0609	10.57	464.9	392.01	0.0492	349.4	6.289	12.96	5.02	1.57
	19.69	28.70	67.67	-0.00	0.0610	10.57	465.0	391.92	0.0502	352.4	6.344	13.07	5.14	1.57
	20.69	28.74	67.68	0.00	0.0608	10.58	465.6	392.43	0.0489	342.1	6.157	12.69	4.71	1.57
	21.67	28.72	67.65	0.00	0.0609	10.56	464.6	391.73	0.0484	343.8	6.189	12.76	4.79	1.57
	22.68	28.70	67.68	0.00	0.0609	10.56	464.6	391.56	0.0489	349.8	6.296	12.97	5.03	1.57
	23.68	28.72	67.66	-0.00	0.0608	10.53	463.4	390.73	0.0500	366.9	6.604	13.61	5.72	1.57
	24.68	28.70	67.65	0.00	0.0607	10.51	462.3	389.74	0.0491	352.7	6.348	13.08	5.15	1.57
	25.69	28.66	67.65	0.00	0.0606	10.49	461.8	389.26	0.0509	373.7	6.727	13.86	5.98	1.57
	26.69	28.66	67.65	0.00	0.0606	10.48	461.1	388.70	0.0510	367.0	6.606	13.61	5.72	1.57
	27.69	28.66	67.65	-0.00	0.0606	10.48	460.9	388.55	0.0514	372.1	6.697	13.80	5.92	1.57
	28.67	28.68	67.65	0.00	0.0604	10.48	460.9	388.59	0.0514	371.1	6.680	13.77	5.88	1.57
	29.70	28.72	67.62	-0.00	0.0604	10.47	460.8	388.69	0.0509	373.5	6.722	13.86	5.98	1.57
	30.69	28.70	67.65	0.00	0.0601	10.41	458.1	386.26	0.0551	408.5	7.353	15.15	7.28	1.57
	31.68	28.72	67.65	0.00	0.0602	10.41	458.2	386.34	0.0537	399.3	7.188	14.81	6.95	1.57
	32.68	28.72	67.65	-0.00	0.0602	10.41	458.1	386.21	0.0543	401.4	7.225	14.89	7.02	1.57
	33.70	28.74	67.67	-0.00	0.0603	10.42	458.4	386.42	0.0533	397.0	7.146	14.72	6.86	1.57
	34.68	28.74	67.65	-0.00	0.0603	10.42	458.6	386.74	0.0541	400.8	7.214	14.87	7.00	1.57
	35.68	28.69	67.65	0.00	0.0602	10.39	457.2	385.49	0.0538	399.0	7.181	14.80	6.93	1.57
	36.68	28.69	67.65	0.00	0.0601	10.39	457.1	385.36	0.0549	395.2	7.114	14.66	6.80	1.57
	37.67	28.68	67.68	0.00	0.0601	10.38	456.9	385.03	0.0553	410.0	7.380	15.20	7.33	1.57
	38.69	28.68	67.65	0.00	0.0599	10.37	456.2	384.58	0.0552	409.5	7.371	15.19	7.31	1.57
	39.69	28.68	67.65	-0.00	0.0600	10.36	455.8	384.22	0.0561	422.8	7.610	15.68	7.78	1.57
	40.69	28.68	67.65	-0.00	0.0599	10.35	455.5	384.04	0.0560	423.0	7.615	15.69	7.79	1.57
	41.68	28.68	67.67	0.00	0.0598	10.34	455.2	383.59	0.0561	419.9	7.558	15.57	7.68	1.57
	42.70	28.68	67.65	-0.00	0.0598	10.33	454.3	383.03	0.0565	425.4	7.657	15.78	7.87	1.57
	43.70	28.72	67.65	0.00	0.0598	10.33	454.4	383.08	0.0565	426.9	7.684	15.84	7.92	1.57
	44.68	28.68	67.67	0.00	0.0597	10.30	453.2	381.98	0.0568	431.7	7.771	16.01	8.09	1.57
	45.69	28.66	67.65	0.00	0.0599	10.32	454.2	382.86	0.0566	428.2	7.708	15.88	7.97	1.57
	46.69	28.72	67.65	0.00	0.0597	10.31	453.6	382.48	0.0573	435.1	7.832	16.14	8.21	1.57
	47.69	28.68	67.67	0.00	0.0597	10.32	454.2	382.75	0.0577	437.4	7.874	16.22	8.28	1.57
	48.75	28.66	67.65	0.00	0.0597	10.29	452.6	381.58	0.0573	433.6	7.805	16.08	8.15	1.57
	49.69	28.70	67.65	-0.00	0.0598	10.32	454.0	382.78	0.0566	425.8	7.664	15.80	7.89	1.57
	50.76	28.70	67.65	-0.00	0.0596	10.26	451.6	380.76	0.0588	450.9	8.116	16.73	8.73	1.57
	51.67	28.68	67.65	0.00	0.0595	10.24	450.5	379.78	0.0595	460.4	8.286	17.08	9.04	1.57
	52.77	28.70	67.65	0.00	0.0595	10.25	450.8	380.11	0.0595	458.4	8.251	17.01	8.97	1.57
	53.70	28.68	67.65	-0.00	0.0595	10.24	450.8	380.02	0.0596	459.6	8.273	17.05	9.01	1.57
	54.68	28.69	67.65	0.00	0.0593	10.20	449.0	378.53	0.0606	469.5	8.451	17.42	9.33	1.57
	55.69	28.72	67.65	0.00	0.0594	10.22	449.7	379.16	0.0604	469.0	8.442	17.40	9.31	1.57
	56.69	28.70	67.65	0.00	0.0593	10.22	449.8	379.23	0.0602	465.4	8.377	17.27	9.20	1.57
	57.69	28.71	67.68	0.00	0.0593	10.22	449.7	379.03	0.0605	467.6	8.417	17.34	9.27	1.57
	58.67	28.72	67.65	0.00	0.0594	10.23	449.9	379.38	0.0602	463.9	8.350	17.21	9.15	1.57
	59.69	28.70	67.65	0.00	0.0593	10.20	448.8	378.42	0.0606	470.0	8.460	17.44	9.35	1.57
	60.69	28.70	67.65	0.00	0.0594	10.22	449.7	379.12	0.0604	468.5	8.433	17.38	9.30	1.57
	61.68	28.72	67.65	0.00	0.0592	10.22	449.6	379.08	0.0608	470.0	8.459	17.44	9.35	1.57
	62.76	28.74	67.70	0.00	0.0593	10.20	448.7	378.10	0.0609	475.6	8.562	17.63	9.52	1.57
	63.68	28.71	67.65	0.00	0.0593	10.20	448.9	378.50	0.0607	468.8	8.438	17.39	9.31	1.57
	64.69	28.70	67.65	0.00	0.0593	10.21	449.3	378.81	0.0608	476.0	8.568	17.66	9.53	1.57
	65.69	28.72	67.65	-0.00	0.0593	10.22	449.6	379.06	0.0606	472.9	8.512	17.54	9.44	1.57
	66.69	28.74	67.66	0.00	0.0593	10.22	449.5	378.98	0.0613	476.9	8.584	17.69	9.56	1.57
	67.69	28.69	67.67	-0.00	0.0592	10.19	448.3	377.80	0.0613	477.7	8.599	17.71	9.59	1.57
	68.70	28.68	67.65	-0.00	0.0591	10.18	447.8	377.53	0.0619	484.3	8.717	17.96	9.79	1.57
	69.67	28.70	67.67	0.00	0.0591	10.18	447.9	377.47	0.0619	483.2	8.697	17.92	9.76	1.57
	70.70	28.68	67.65	-0.00	0.0590	10.15	446.4	376.36	0.0622	489.6	8.813	18.16	9.95	1.57
	71.68	28.70	67.67	0.00	0.0591	10.15	446.5	376.36	0.0624	490.2	8.824	18.18	9.97	1.57
	72.67	28.70	67.68	0.00	0.0589	10.13	445.5	375.49	0.0629	496.0	8.928	18.39	10.15	1.57
	73.68	28.68	67.65	-0.00	0.0590	10.13	445.8	375.86	0.0630	498.9	8.980	18.51	10.23	1.57
	74.68	28.70	67.65	0.00	0.0589	10.14	446.0	376.04	0.0630	497.6	8.956	18.46	10.20	1.57
	75.77	28.67	67.65	-0.00	0.0589	10.14	445.9	375.92	0.0630	495.6	8.921	18.38	10.13	1.57
	76.67	28.72	67.67	0.00	0.0589	10.11	444.7	374.82	0.0633	507.3	9.131	18.81	10.49	1.57
	77.70	28.72	67.65	-0.00	0.0590	10.12	445.4	375.52	0.0637	503.7	9.067	18.69	10.38	1.57
	78.69	28.76	67.67	-0.00	0.0590	10.14	446.4	376.28	0.0633	500.4	9.008	18.56	10.28	1.57
	79.69	28.72	67.65	0.00	0.0588	10.12	445.1	375.33	0.0631	499.3	8.987	18.52	10.25	1.57
	80.68	28.70	67.65	0.00	0.0588	10.09	444.2	374.46	0.0641	510.3	9.185	18.93	10.57	1.57
	81.70	28.70	67.66	-0.00	0.0588	10.08	443.5	373.85	0.0644	515.5	9.278	19.12	10.72	1.57
	82.68	28.68	67.65	-0.00	0.0588	10.09	444.0	374.34	0.0644	514.4	9.259	19.08	10.69	1.57
	83.69	28.70	67.67	-0.00	0.0587	10.07	443.1	373.49	0.0642	508.0	9.145	18.84	10.51	1.57
	84.68	28.70	67.65	0.00	0.0587	10.06	442.6	373.19	0.0648	518.3	9.330	19.23	10.81	1.57
	85.69	28.72	67.65	-0.00	0.0586	10.07	443.0	373.51	0.0649	516.2	9.291	19.15	10.75	1.57
	86.69	28.72	67.65	-0.00	0.0586	10.05	442.3	372.96	0.0654	525.3	9.456	19.49	11.01	1.57
	87.69	28.74	67.65	0.00	0.0586	10.04	442.0	372.66	0.0656	527.0	9.487	19.55	11.06	1.57
	88.67	28.71	67.68	0.00	0.0586	10.05	442.3	372.78	0.0653	523.9	9.431	19.43	10.97	1.57
	89.69	28.72	67.68	0.00	0.0584	10.02	441.1	371.76	0.0660	530.5	9.548	19.67	11.16	1.57
	90.67	28.69	67.65	0.00	0.0584	10.01	440.6	371.49	0.0661	533.2	9.598	19.78	11.23	1.57
	91.71	28.72	67.65	-0.00	0.0585	10.03	441.2	371.98	0.0660	529.6	9.532	19.65	11.13	1.57
	92.70	28.72	67.65	0.00	0.0584	10.04	441.7	372.38	0.0661	537.9	9.681	19.95	11.37	1.57
	93.68	28.70	67.65	0.00	0.0585	10.03	441.3	372.06	0.0663	533.7	9.606	19.80	11.25	1.57
	94.69	28.71	67.65	-0.00	0.0585	10.03	441.5	372.23	0.0664	535.6	9.640	19.87	11.30	1.57
	95.68	28.72	67.65	0.00	0.0585	10.04	441.9	372.57	0.0663	536.0	9.648	19.88	11.31	1.57
	96.69	28.72	67.65	0.00	0.0585	10.04	441.8	372.48	0.0660	531.9	9.575	19.73	11.20	1.57
	97.67	28.74	67.65	0.00	0.0585	10.05	442.0	372.68	0.0664	533.5	9.603	19.79	11.24	1.57
	98.69	28.74	67.65	0.00	0.0586	10.03	441.5	372.26	0.0661	537.7	9.678	19.95	11.36	1.57
	99.67	28.70	67.65	0.00	0.0585	10.04	441.8	372.50	0.0660	532.4	9.583	19.75	11.21	1.57
	100.68	28.72	67.67	0.00	0.0585	10.04	441.6	372.20	0.0663	535.1	9.632	19.85	11.29	1.57
	101.74	28.72	67.67	0.00	0.0584	10.01	440.5	371.28	0.0665	538.4	9.691	19.97	11.38	1.57
	102.68	28.70	67.65	0.00	0.0583	10.00	439.8	370.84	0.0669	540.8	9.734	20.06	11.45	1.57
	103.68	28.70	67.65	-0.00	0.0582	10.00	440.0	370.93	0.0672	545.5	9.820	20.24	11.58	1.57
	104.68	28.64	67.65	-0.00	0.0582	9.97	438.9	369.96	0.0681	552.3	9.941	20.48	11.76	1.57
	105.75	28.66	67.65	0.00	0.0581	9.96	438.1	369.36	0.0681	555.9	10.006	20.62	11.86	1.57
	106.67	28.66	67.65	0.00	0.0582	9.96	438.3	369.50	0.0679	552.1	9.938	20.48	11.76	1.57
	107.69	28.66	67.68	0.00	0.0581	9.95	438.0	369.09	0.0678	553.1	9.956	20.51	11.79	1.58
	108.69	28.66	67.65	-0.00	0.0581	9.93	437.0	368.42	0.0678	553.0	9.954	20.51	11.78	1.57
	109.76	28.66	67.65	-0.00	0.0581	9.95	438.0	369.20	0.0679	553.1	9.956	20.52	11.79	1.57
	110.68	28.64	67.65	-0.00	0.0580	9.94	437.5	368.78	0.0681	556.9	10.023	20.65	11.89	1.57
	111.68	28.64	67.65	0.00	0.0580	9.94	437.4	368.67	0.0686	559.4	10.070	20.75	11.96	1.57
	112.68	28.66	67.67	0.00	0.0580	9.93	436.8	368.08	0.0683	560.1	10.081	20.77	11.98	1.57
	113.68	28.64	67.65	0.00	0.0579	9.90	435.6	367.17	0.0685	561.8	10.113	20.84	12.02	1.58
	114.69	28.66	67.67	0.00	0.0579	9.90	435.5	367.03	0.0686	562.0	10.116	20.84	12.03	1.57
	115.69	28.65	67.65	0.00	0.0579	9.91	435.8	367.40	0.0686	561.1	10.099	20.81	12.00	1.57
	116.77	28.63	67.68	-0.00	0.0580	9.92	436.3	367.61	0.0686	562.1	10.118	20.84	12.03	1.57
	117.69	28.60	67.68	-0.00	0.0580	9.93	436.7	367.95	0.0685	560.7	10.093	20.79	11.99	1.57
	118.69	28.60	67.67	-0.00	0.0580	9.92	436.5	367.75	0.0685	562.5	10.124	20.85	12.04	1.57
	119.67	28.63	67.65	0.00	0.0579	9.92	436.5	367.94	0.0687	565.7	10.183	20.98	12.13	1.57
