Jul 28 2015 at 15:40:36
Frequency: 1.00Hz.
CO2
Zero:  Value:0.95  Date:18 Mar 2005	 at 07:22:33	
Span:  Value:1.00  Date:18 Mar 2005	 at 07:25:09	
H2O
Zero:  Value:0.71  Date:18 Mar 2005	 at 07:52:31	
Span:  Value:0.99  Date:18 Mar 2005	 at 11:44:01	
	Relative Time	Temperature	Pressure	Aux Input	CO2 Absorptance	CO2 mmol/m3	CO2 mg/m3	CO2 umol/mol	H2O Absorptance	H2O mmol/m3	H2O g/m3	H2O mmol/mol	H2O(°C)	Cooler Voltage
	0.03	31.51	66.92	0.00	0.0614	10.73	472.0	406.07	0.0422	286.1	5.150	10.83	2.31	1.60
	1.03	31.51	66.89	0.00	0.0614	10.71	471.2	405.46	0.0424	285.6	5.140	10.81	2.29	1.60
	2.03	31.56	66.89	-0.00	0.0612	10.69	470.3	404.81	0.0420	285.8	5.144	10.82	2.30	1.60
	3.04	31.51	66.89	-0.00	0.0613	10.71	471.1	405.47	0.0423	288.2	5.188	10.91	2.41	1.60
	4.03	31.47	66.90	0.00	0.0613	10.68	469.8	404.24	0.0424	286.6	5.159	10.85	2.34	1.60
	5.09	31.51	66.89	0.00	0.0612	10.67	469.6	404.17	0.0427	289.9	5.218	10.98	2.50	1.60
	6.04	31.52	66.86	-0.00	0.0613	10.68	469.8	404.52	0.0429	290.6	5.232	11.01	2.53	1.60
	7.02	31.46	66.89	0.00	0.0613	10.69	470.2	404.57	0.0435	297.8	5.361	11.28	2.87	1.60
	8.02	31.49	66.89	0.00	0.0613	10.70	470.8	405.13	0.0438	299.5	5.392	11.34	2.96	1.60
	9.02	31.47	66.87	0.00	0.0613	10.69	470.3	404.80	0.0437	298.9	5.380	11.32	2.93	1.60
	10.03	31.48	66.87	-0.00	0.0612	10.67	469.3	404.01	0.0442	304.2	5.476	11.52	3.17	1.60
	11.03	31.48	66.87	0.00	0.0612	10.67	469.3	403.94	0.0445	305.7	5.503	11.58	3.25	1.60
	12.11	31.49	66.87	0.00	0.0611	10.64	468.2	403.05	0.0450	312.2	5.619	11.82	3.54	1.60
	13.04	31.49	66.87	-0.00	0.0610	10.62	467.3	402.24	0.0455	316.9	5.705	12.00	3.76	1.60
	14.04	31.49	66.84	-0.00	0.0611	10.65	468.4	403.40	0.0455	315.8	5.684	11.97	3.70	1.60
	15.04	31.46	66.87	0.00	0.0610	10.61	466.7	401.67	0.0464	323.0	5.814	12.23	4.02	1.60
	16.02	31.51	66.89	0.00	0.0605	10.51	462.3	397.88	0.0486	345.0	6.211	13.06	4.97	1.60
	17.02	31.49	66.87	0.00	0.0605	10.54	463.7	399.16	0.0497	349.2	6.285	13.23	5.14	1.60
	18.03	31.49	66.86	0.00	0.0605	10.55	464.2	399.65	0.0498	350.6	6.311	13.28	5.20	1.60
	19.03	31.49	66.87	-0.00	0.0597	10.38	456.5	393.01	0.0529	382.7	6.889	14.50	6.46	1.60
	20.03	31.49	66.87	-0.00	0.0603	10.48	461.2	397.01	0.0510	361.1	6.501	13.68	5.62	1.60
	21.03	31.47	66.89	0.00	0.0603	10.44	459.6	395.47	0.0512	375.9	6.767	14.23	6.20	1.60
	22.03	31.48	66.89	0.00	0.0603	10.44	459.4	395.32	0.0505	371.4	6.686	14.06	6.03	1.60
	23.04	31.47	66.89	-0.00	0.0603	10.49	461.5	397.14	0.0505	361.4	6.506	13.68	5.63	1.60
	24.02	31.48	66.87	0.00	0.0602	10.45	459.8	395.79	0.0506	365.2	6.573	13.83	5.78	1.60
	25.02	31.48	66.87	0.00	0.0599	10.39	457.4	393.68	0.0515	376.1	6.770	14.24	6.21	1.60
	26.10	31.46	66.87	0.00	0.0599	10.38	456.5	392.95	0.0514	377.1	6.788	14.28	6.25	1.60
	27.04	31.51	66.92	-0.00	0.0600	10.39	457.1	393.23	0.0523	388.7	6.996	14.71	6.69	1.60
	28.03	31.47	66.87	-0.00	0.0598	10.35	455.5	392.12	0.0535	398.1	7.165	15.08	7.03	1.60
	29.02	31.47	66.87	0.00	0.0598	10.36	456.0	392.55	0.0530	394.3	7.098	14.94	6.90	1.60
	30.11	31.49	66.87	0.00	0.0600	10.38	456.8	393.26	0.0530	390.9	7.036	14.81	6.77	1.60
	31.03	31.49	66.87	0.00	0.0599	10.39	457.0	393.42	0.0530	392.2	7.059	14.85	6.82	1.60
	32.03	31.47	66.87	0.00	0.0602	10.43	459.1	395.17	0.0528	388.9	7.000	14.73	6.70	1.60
	33.10	31.51	66.89	0.00	0.0598	10.39	457.1	393.40	0.0523	381.3	6.863	14.44	6.41	1.60
	34.04	31.47	66.87	-0.00	0.0598	10.38	456.9	393.26	0.0528	385.4	6.937	14.60	6.56	1.60
	35.04	31.47	66.92	0.00	0.0601	10.41	458.0	393.98	0.0532	393.2	7.077	14.88	6.85	1.60
	36.02	31.48	66.89	0.00	0.0599	10.41	458.0	394.06	0.0531	387.7	6.978	14.68	6.65	1.60
	37.03	31.47	66.89	-0.00	0.0593	10.23	450.2	387.40	0.0557	418.5	7.533	15.84	7.77	1.60
	38.02	31.49	66.92	0.00	0.0596	10.32	454.2	390.68	0.0543	400.1	7.202	15.14	7.11	1.60
	39.11	31.47	66.89	0.00	0.0597	10.37	456.1	392.44	0.0546	404.8	7.287	15.33	7.28	1.60
	40.03	31.49	66.87	-0.00	0.0595	10.27	452.1	389.15	0.0556	419.3	7.548	15.88	7.80	1.60
	41.03	31.49	66.89	-0.00	0.0593	10.27	452.1	389.03	0.0556	417.3	7.512	15.80	7.73	1.60
	42.03	31.54	66.87	0.00	0.0592	10.23	450.0	387.41	0.0560	423.3	7.619	16.03	7.94	1.60
	43.04	31.51	66.87	0.00	0.0595	10.29	452.6	389.64	0.0547	409.0	7.362	15.49	7.43	1.60
	44.04	31.51	66.87	0.00	0.0597	10.34	454.8	391.56	0.0540	398.2	7.168	15.08	7.04	1.60
	45.02	31.51	66.89	0.00	0.0595	10.24	450.3	387.57	0.0546	409.3	7.367	15.50	7.44	1.60
	46.04	31.48	66.87	0.00	0.0596	10.32	454.2	390.94	0.0544	402.0	7.235	15.22	7.18	1.60
	47.10	31.49	66.90	0.00	0.0600	10.37	456.1	392.43	0.0526	395.8	7.124	14.99	6.95	1.60
	48.02	31.46	66.90	0.00	0.0599	10.37	456.2	392.54	0.0529	390.6	7.031	14.79	6.76	1.60
	49.03	31.47	66.89	0.00	0.0593	10.26	451.6	388.59	0.0571	425.5	7.659	16.11	8.01	1.60
	50.03	31.43	66.87	0.00	0.0595	10.29	452.6	389.50	0.0569	430.8	7.755	16.32	8.19	1.60
	51.03	31.43	66.90	-0.00	0.0596	10.29	453.0	389.68	0.0563	421.2	7.581	15.94	7.86	1.60
	52.01	31.40	66.89	0.00	0.0595	10.29	452.6	389.38	0.0555	419.0	7.542	15.86	7.78	1.60
	53.04	31.43	66.89	-0.00	0.0593	10.29	452.7	389.47	0.0571	425.7	7.662	16.11	8.01	1.60
	54.02	31.43	66.87	-0.00	0.0593	10.29	452.8	389.74	0.0583	434.4	7.819	16.45	8.31	1.60
	55.02	31.41	66.87	0.00	0.0584	10.08	443.4	381.62	0.0631	493.5	8.883	18.69	10.21	1.60
	56.04	31.41	66.87	-0.00	0.0589	10.12	445.2	383.18	0.0611	484.3	8.718	18.34	9.93	1.60
	57.02	31.41	66.86	0.00	0.0586	10.09	444.1	382.20	0.0613	479.5	8.632	18.16	9.78	1.60
	58.03	31.45	66.89	0.00	0.0581	9.94	437.2	376.16	0.0633	504.7	9.085	19.11	10.54	1.60
	59.03	31.48	66.89	0.00	0.0581	9.97	438.8	377.59	0.0624	493.7	8.886	18.69	10.21	1.60
	60.03	31.41	66.87	0.00	0.0586	10.07	443.0	381.27	0.0599	471.9	8.495	17.87	9.54	1.60
	61.09	31.43	66.89	0.00	0.0593	10.25	451.2	388.17	0.0577	434.0	7.813	16.43	8.30	1.60
	62.04	31.47	66.92	-0.00	0.0592	10.22	449.8	386.88	0.0585	450.9	8.116	17.07	8.87	1.60
	63.04	31.45	66.87	-0.00	0.0592	10.22	449.7	387.09	0.0586	449.7	8.094	17.03	8.82	1.60
	64.02	31.47	66.89	-0.00	0.0592	10.22	449.7	386.96	0.0588	451.9	8.134	17.11	8.90	1.60
	65.04	31.43	66.90	-0.00	0.0588	10.16	447.0	384.58	0.0600	462.5	8.325	17.51	9.24	1.60
	66.03	31.44	66.89	-0.00	0.0590	10.16	446.8	384.46	0.0594	459.8	8.277	17.41	9.15	1.60
	67.02	31.46	66.89	0.00	0.0592	10.19	448.5	385.90	0.0590	454.6	8.183	17.21	8.99	1.60
	68.00	31.49	66.87	0.00	0.0589	10.17	447.6	385.29	0.0595	462.4	8.323	17.51	9.24	1.60
	69.03	31.47	66.87	0.00	0.0588	10.15	446.6	384.46	0.0589	446.1	8.031	16.90	8.71	1.60
	70.03	31.46	66.87	0.00	0.0590	10.20	448.9	386.39	0.0595	450.6	8.110	17.06	8.85	1.60
	71.03	31.49	66.87	0.00	0.0585	10.09	443.8	382.00	0.0621	479.7	8.635	18.17	9.79	1.60
	72.04	31.46	66.87	-0.00	0.0583	10.04	441.8	380.25	0.0629	490.0	8.820	18.56	10.10	1.60
	73.04	31.47	66.89	0.00	0.0584	10.02	440.7	379.20	0.0618	494.0	8.893	18.71	10.23	1.60
	74.04	31.49	66.87	0.00	0.0588	10.11	444.8	382.86	0.0608	474.8	8.547	17.98	9.63	1.60
	75.04	31.49	66.86	0.00	0.0586	10.06	442.5	380.93	0.0617	484.2	8.715	18.34	9.92	1.60
	76.03	31.50	66.90	0.00	0.0587	10.14	446.0	383.81	0.0610	476.0	8.568	18.02	9.67	1.60
	77.11	31.51	66.87	-0.00	0.0582	9.88	434.6	374.14	0.0634	526.6	9.480	19.95	11.19	1.60
	78.03	31.51	66.90	-0.00	0.0584	10.05	442.1	380.46	0.0627	496.4	8.935	18.80	10.30	1.60
	79.03	31.51	66.92	-0.00	0.0588	10.13	445.6	383.32	0.0618	485.0	8.730	18.36	9.95	1.60
	80.03	31.53	66.87	0.00	0.0587	10.14	445.9	383.94	0.0624	487.6	8.776	18.47	10.03	1.60
	81.11	31.53	66.89	-0.00	0.0587	10.11	444.8	382.79	0.0622	490.2	8.823	18.56	10.11	1.60
	82.01	31.54	66.92	0.00	0.0584	10.02	440.7	379.17	0.0640	519.9	9.359	19.68	11.00	1.60
	83.04	31.53	66.87	0.00	0.0587	10.10	444.4	382.64	0.0626	498.5	8.974	18.89	10.36	1.60
	84.02	31.52	66.89	0.00	0.0587	10.13	445.7	383.53	0.0624	492.0	8.857	18.63	10.17	1.60
	85.04	31.49	66.90	0.00	0.0587	10.10	444.4	382.41	0.0633	501.8	9.033	19.00	10.46	1.60
	86.02	31.37	66.87	0.00	0.0584	10.01	440.5	379.00	0.0642	514.7	9.264	19.48	10.83	1.60
	87.02	31.35	66.89	0.00	0.0581	9.97	438.5	377.14	0.0645	518.2	9.328	19.61	10.94	1.60
	88.02	31.35	66.87	0.00	0.0587	10.09	443.8	381.84	0.0634	504.6	9.083	19.10	10.54	1.60
	89.01	31.37	66.87	0.00	0.0589	10.13	445.7	383.48	0.0631	503.3	9.060	19.06	10.50	1.60
	90.01	31.38	66.87	0.00	0.0589	10.16	447.2	384.84	0.0630	500.3	9.006	18.94	10.41	1.60
	91.03	31.37	66.89	-0.00	0.0589	10.13	445.9	383.59	0.0631	501.0	9.019	18.96	10.43	1.60
	92.01	31.35	66.87	0.00	0.0580	9.95	437.9	376.81	0.0665	539.1	9.703	20.41	11.53	1.60
	93.04	31.37	66.92	0.00	0.0577	9.90	435.7	374.59	0.0674	549.6	9.892	20.79	11.82	1.60
	94.02	31.35	66.87	0.00	0.0580	9.92	436.3	375.41	0.0667	545.7	9.823	20.66	11.72	1.60
	95.11	31.35	66.89	-0.00	0.0577	9.91	436.0	374.98	0.0666	541.6	9.748	20.50	11.60	1.60
	96.02	31.39	66.90	0.00	0.0581	10.00	440.2	378.65	0.0661	535.7	9.642	20.28	11.44	1.60
	97.02	31.36	66.87	0.00	0.0581	9.96	438.4	377.26	0.0664	542.7	9.769	20.55	11.63	1.60
	98.03	31.41	66.87	0.00	0.0580	9.93	437.1	376.16	0.0667	550.6	9.911	20.85	11.85	1.60
	99.01	31.41	66.89	0.00	0.0581	9.98	439.1	377.81	0.0661	536.6	9.659	20.31	11.46	1.60
	100.01	31.43	66.87	0.00	0.0579	9.94	437.3	376.37	0.0673	550.8	9.914	20.86	11.86	1.60
	101.03	31.44	66.92	0.00	0.0582	9.99	439.6	378.05	0.0665	536.6	9.658	20.30	11.47	1.60
	102.03	31.45	66.87	0.00	0.0579	9.91	436.2	375.47	0.0685	565.0	10.170	21.40	12.25	1.60
	103.02	31.45	66.89	-0.00	0.0571	9.80	431.0	370.87	0.0709	588.4	10.590	22.27	12.87	1.60
	104.02	31.45	66.87	0.00	0.0573	9.86	434.0	373.52	0.0706	586.1	10.551	22.20	12.81	1.60
	105.10	31.45	66.89	-0.00	0.0578	9.91	435.8	375.01	0.0685	567.4	10.214	21.48	12.31	1.60
	106.02	31.45	66.89	-0.00	0.0578	9.90	435.8	374.95	0.0690	569.0	10.242	21.54	12.36	1.60
	107.02	31.45	66.92	0.00	0.0578	9.92	436.3	375.26	0.0689	565.8	10.184	21.41	12.27	1.60
	108.02	31.42	66.90	0.00	0.0579	9.91	436.2	375.28	0.0688	568.0	10.223	21.50	12.33	1.60
	109.01	31.44	66.87	0.00	0.0582	10.00	439.9	378.62	0.0671	546.1	9.830	20.68	11.73	1.60
	110.04	31.47	66.87	-0.00	0.0579	9.95	437.8	376.82	0.0686	558.6	10.055	21.16	12.08	1.60
	111.03	31.46	66.87	0.00	0.0579	9.89	435.2	374.61	0.0721	610.1	10.981	23.11	13.42	1.60
	112.03	31.51	66.90	0.00	0.0576	9.91	436.0	375.16	0.0753	641.2	11.542	24.28	14.19	1.61
	113.02	31.49	66.87	-0.00	0.0581	9.95	438.0	377.05	0.0722	606.6	10.919	22.98	13.34	1.60
	114.04	31.50	66.88	-0.00	0.0579	9.93	437.1	376.26	0.0710	586.5	10.557	22.21	12.82	1.60
	115.02	31.43	66.87	0.00	0.0581	9.97	438.5	377.38	0.0694	585.3	10.535	22.16	12.79	1.60
	116.02	31.41	66.87	0.00	0.0577	9.90	435.6	374.88	0.0686	565.0	10.171	21.40	12.25	1.60
	117.00	31.37	66.87	0.00	0.0581	9.93	436.9	375.97	0.0684	563.1	10.135	21.32	12.19	1.60
