Jul 28 2015 at 12:03:54
Frequency: 1.00Hz.
CO2
Zero:  Value:0.95  Date:18 Mar 2005	 at 07:22:33	
Span:  Value:1.00  Date:18 Mar 2005	 at 07:25:09	
H2O
Zero:  Value:0.71  Date:18 Mar 2005	 at 07:52:31	
Span:  Value:0.99  Date:18 Mar 2005	 at 11:44:01	
	Relative Time	Temperature	Pressure	Aux Input	CO2 Absorptance	CO2 mmol/m3	CO2 mg/m3	CO2 umol/mol	H2O Absorptance	H2O mmol/m3	H2O g/m3	H2O mmol/mol	H2O(°C)	Cooler Voltage
	0.42	29.92	67.70	0.00	0.0620	10.87	478.2	404.48	0.0450	311.8	5.612	11.60	3.45	1.59
	1.44	29.89	67.68	-0.00	0.0620	10.82	476.0	402.77	0.0448	311.0	5.598	11.58	3.41	1.59
	2.43	29.88	67.65	-0.00	0.0621	10.82	476.2	403.04	0.0444	308.3	5.549	11.48	3.29	1.59
	3.43	29.89	67.67	0.00	0.0619	10.79	475.0	401.90	0.0443	303.5	5.464	11.30	3.07	1.59
	4.41	29.89	67.68	-0.00	0.0620	10.82	476.0	402.73	0.0444	305.9	5.506	11.39	3.18	1.59
	5.41	29.89	67.68	0.00	0.0616	10.74	472.5	399.75	0.0442	303.2	5.457	11.29	3.05	1.59
	6.41	29.87	67.68	0.00	0.0619	10.77	473.9	400.95	0.0444	304.4	5.480	11.33	3.11	1.59
	7.41	29.86	67.68	0.00	0.0617	10.72	471.9	399.23	0.0444	303.6	5.465	11.30	3.07	1.59
	8.42	29.85	67.68	-0.00	0.0617	10.72	471.7	399.05	0.0444	304.1	5.473	11.32	3.09	1.59
	9.44	29.88	67.72	-0.00	0.0615	10.71	471.2	398.39	0.0447	308.5	5.553	11.48	3.30	1.59
	10.44	29.86	67.68	0.00	0.0616	10.71	471.2	398.62	0.0442	302.7	5.448	11.27	3.03	1.59
	11.43	29.79	67.68	-0.00	0.0615	10.71	471.4	398.68	0.0446	306.0	5.508	11.39	3.18	1.59
	12.42	29.82	67.72	0.00	0.0615	10.71	471.3	398.35	0.0447	306.6	5.519	11.40	3.21	1.59
	13.43	29.75	67.68	0.00	0.0616	10.70	470.8	398.20	0.0457	316.6	5.699	11.78	3.66	1.59
	14.41	29.73	67.68	0.00	0.0614	10.68	469.9	397.36	0.0451	315.5	5.679	11.74	3.61	1.59
	15.41	29.74	67.70	0.00	0.0612	10.64	468.4	395.96	0.0436	300.8	5.415	11.19	2.94	1.59
	16.41	29.73	67.68	0.00	0.0614	10.65	468.8	396.43	0.0438	298.6	5.374	11.11	2.83	1.59
	17.43	29.70	67.68	0.00	0.0611	10.64	467.9	395.68	0.0426	296.9	5.344	11.05	2.75	1.59
	18.44	29.70	67.68	-0.00	0.0612	10.63	467.5	395.31	0.0437	300.2	5.403	11.17	2.90	1.59
	19.42	29.71	67.67	0.00	0.0612	10.63	467.6	395.45	0.0454	308.6	5.555	11.48	3.30	1.59
	20.50	29.68	67.70	0.00	0.0613	10.65	468.5	396.01	0.0479	335.9	6.047	12.49	4.50	1.59
	21.43	29.66	67.70	-0.00	0.0612	10.63	467.5	395.15	0.0460	319.0	5.742	11.86	3.76	1.59
	22.42	29.64	67.70	0.00	0.0612	10.63	467.5	395.10	0.0447	307.6	5.537	11.44	3.25	1.59
	23.43	29.62	67.68	-0.00	0.0613	10.64	468.1	395.71	0.0441	303.4	5.461	11.28	3.05	1.59
	24.41	29.62	67.65	0.00	0.0612	10.64	468.2	395.94	0.0478	322.9	5.813	12.02	3.93	1.59
	25.43	29.64	67.70	0.00	0.0612	10.61	466.8	394.50	0.0471	321.8	5.792	11.96	3.88	1.59
	26.41	29.63	67.65	0.00	0.0611	10.61	466.9	394.86	0.0473	324.1	5.834	12.06	3.99	1.59
	27.41	29.68	67.70	0.00	0.0611	10.62	467.2	394.84	0.0464	327.4	5.893	12.17	4.13	1.59
	28.42	29.68	67.68	-0.00	0.0612	10.63	467.6	395.36	0.0492	336.8	6.062	12.53	4.54	1.59
	29.42	29.70	67.68	0.00	0.0610	10.58	465.5	393.58	0.0476	329.8	5.937	12.27	4.24	1.59
	30.40	29.71	67.70	0.00	0.0611	10.58	465.6	393.58	0.0479	333.1	5.997	12.39	4.38	1.59
	31.42	29.73	67.73	0.00	0.0611	10.60	466.6	394.28	0.0505	364.4	6.560	13.55	5.67	1.59
	32.42	29.73	67.70	0.00	0.0609	10.58	465.4	393.38	0.0505	367.4	6.613	13.67	5.79	1.59
	33.43	29.75	67.72	0.00	0.0610	10.60	466.5	394.30	0.0509	369.2	6.646	13.73	5.86	1.59
	34.41	29.80	67.68	0.00	0.0609	10.60	466.3	394.38	0.0502	360.2	6.484	13.41	5.51	1.59
	35.41	29.77	67.70	0.00	0.0609	10.59	465.7	393.77	0.0492	350.0	6.300	13.02	5.09	1.59
	36.49	29.81	67.70	0.00	0.0610	10.59	466.1	394.11	0.0500	357.0	6.426	13.28	5.38	1.59
	37.42	29.79	67.66	-0.00	0.0609	10.59	465.9	394.16	0.0506	361.3	6.504	13.45	5.55	1.59
	38.44	29.79	67.73	-0.00	0.0610	10.59	465.8	393.69	0.0505	363.3	6.540	13.51	5.63	1.59
	39.41	29.83	67.68	0.00	0.0609	10.58	465.6	393.91	0.0506	360.6	6.490	13.42	5.52	1.59
	40.42	29.81	67.70	0.00	0.0610	10.60	466.3	394.28	0.0520	378.7	6.816	14.09	6.23	1.59
	41.43	29.81	67.70	-0.00	0.0610	10.60	466.3	394.32	0.0524	383.3	6.900	14.26	6.41	1.59
	42.43	29.81	67.68	-0.00	0.0610	10.58	465.6	393.83	0.0529	392.3	7.061	14.60	6.74	1.59
	43.49	29.84	67.68	0.00	0.0610	10.56	464.6	393.07	0.0533	388.1	6.985	14.44	6.59	1.59
	44.41	29.84	67.70	0.00	0.0608	10.55	464.2	392.56	0.0528	382.8	6.890	14.24	6.39	1.59
	45.43	29.82	67.68	-0.00	0.0608	10.55	464.3	392.77	0.0541	397.8	7.160	14.80	6.94	1.59
	46.41	29.79	67.70	0.00	0.0608	10.52	462.8	391.29	0.0523	376.4	6.775	14.00	6.14	1.59
	47.50	29.82	67.70	-0.00	0.0606	10.51	462.6	391.14	0.0525	383.6	6.905	14.27	6.42	1.59
	48.41	29.79	67.72	0.00	0.0606	10.49	461.4	390.01	0.0511	371.1	6.681	13.80	5.94	1.59
	49.42	29.81	67.70	0.00	0.0607	10.52	462.9	391.37	0.0507	365.3	6.576	13.59	5.71	1.59
	50.42	29.83	67.70	-0.00	0.0607	10.51	462.6	391.16	0.0506	363.0	6.533	13.50	5.62	1.59
	51.43	29.86	67.70	-0.00	0.0607	10.51	462.4	391.08	0.0553	416.0	7.488	15.48	7.60	1.59
	52.42	29.83	67.73	0.00	0.0606	10.49	461.6	390.22	0.0535	396.3	7.133	14.74	6.89	1.59
	53.43	29.85	67.73	-0.00	0.0606	10.48	461.2	389.88	0.0536	394.2	7.095	14.66	6.81	1.59
	54.43	29.87	67.70	-0.00	0.0606	10.51	462.2	390.93	0.0560	415.8	7.484	15.47	7.59	1.59
	55.43	29.86	67.71	-0.00	0.0606	10.49	461.7	390.41	0.0556	416.2	7.491	15.49	7.61	1.59
	56.44	29.88	67.70	-0.00	0.0605	10.47	460.9	389.80	0.0534	394.9	7.108	14.69	6.84	1.59
	57.41	29.85	67.70	0.00	0.0604	10.47	460.6	389.55	0.0536	392.3	7.061	14.60	6.74	1.59
	58.44	29.85	67.68	-0.00	0.0606	10.49	461.5	390.42	0.0565	423.2	7.618	15.75	7.85	1.59
	59.42	29.85	67.70	-0.00	0.0605	10.49	461.6	390.42	0.0545	410.7	7.392	15.28	7.41	1.59
	60.42	29.83	67.70	0.00	0.0606	10.49	461.4	390.20	0.0536	395.6	7.120	14.72	6.86	1.59
	61.42	29.82	67.70	0.00	0.0605	10.47	460.8	389.66	0.0535	394.5	7.100	14.68	6.82	1.59
	62.42	29.81	67.68	0.00	0.0605	10.48	461.3	390.23	0.0543	401.7	7.230	14.95	7.09	1.59
	63.41	29.85	67.68	0.00	0.0605	10.47	460.6	389.61	0.0554	411.6	7.410	15.32	7.45	1.59
	64.43	29.85	67.68	-0.00	0.0604	10.46	460.3	389.42	0.0555	416.3	7.493	15.49	7.61	1.59
	65.41	29.93	67.72	0.00	0.0604	10.47	460.6	389.45	0.0569	426.7	7.681	15.88	7.98	1.59
	66.42	29.99	67.70	-0.00	0.0605	10.48	461.2	390.18	0.0554	414.8	7.467	15.44	7.57	1.59
	67.42	30.02	67.70	0.00	0.0605	10.47	460.8	389.90	0.0573	426.2	7.671	15.87	7.96	1.59
	68.42	30.03	67.68	0.00	0.0606	10.49	461.5	390.69	0.0576	434.0	7.812	16.16	8.23	1.59
	69.42	29.98	67.70	0.00	0.0606	10.48	461.2	390.19	0.0577	440.6	7.930	16.40	8.45	1.59
	70.42	29.89	67.70	0.00	0.0606	10.51	462.2	390.96	0.0585	446.5	8.037	16.62	8.64	1.59
	71.42	29.85	67.73	0.00	0.0606	10.51	462.3	390.80	0.0575	439.9	7.918	16.36	8.42	1.59
	72.42	29.85	67.68	0.00	0.0606	10.49	461.6	390.49	0.0580	440.0	7.920	16.38	8.42	1.59
	73.41	29.85	67.68	0.00	0.0605	10.50	461.8	390.70	0.0580	439.5	7.911	16.36	8.41	1.59
	74.43	29.83	67.68	-0.00	0.0605	10.48	461.3	390.18	0.0549	426.6	7.679	15.88	7.97	1.59
	75.41	29.81	67.70	-0.00	0.0605	10.46	460.4	389.29	0.0559	416.7	7.500	15.50	7.62	1.59
	76.41	29.83	67.70	0.00	0.0607	10.50	461.9	390.56	0.0583	442.9	7.973	16.48	8.52	1.59
	77.42	29.81	67.68	-0.00	0.0606	10.50	462.1	390.84	0.0580	442.2	7.960	16.46	8.50	1.59
	78.44	29.80	67.72	-0.00	0.0605	10.48	461.3	389.91	0.0585	442.4	7.963	16.45	8.50	1.59
	79.42	29.72	67.68	0.00	0.0606	10.49	461.5	390.22	0.0589	449.6	8.093	16.73	8.74	1.59
	80.42	29.70	67.68	0.00	0.0607	10.50	462.2	390.82	0.0591	453.0	8.154	16.85	8.85	1.59
	81.43	29.66	67.70	-0.00	0.0608	10.52	462.8	391.10	0.0589	450.2	8.104	16.74	8.76	1.59
	82.42	29.68	67.68	0.00	0.0607	10.50	462.1	390.68	0.0590	452.0	8.136	16.82	8.81	1.59
	83.41	29.58	67.68	0.00	0.0606	10.50	462.2	390.69	0.0590	452.7	8.149	16.84	8.83	1.59
	84.43	29.54	67.68	-0.00	0.0605	10.50	462.0	390.44	0.0587	453.3	8.159	16.85	8.85	1.59
	85.41	29.56	67.70	0.00	0.0606	10.50	462.0	390.34	0.0576	443.5	7.983	16.49	8.53	1.59
	86.42	29.59	67.70	0.00	0.0605	10.50	462.1	390.41	0.0579	441.5	7.947	16.41	8.46	1.59
	87.41	29.57	67.68	0.00	0.0606	10.48	461.0	389.68	0.0566	413.0	7.434	15.36	7.48	1.59
	88.44	29.59	67.70	-0.00	0.0606	10.50	462.2	390.54	0.0582	442.7	7.969	16.46	8.50	1.59
	89.42	29.58	67.68	0.00	0.0606	10.50	462.2	390.64	0.0579	440.7	7.932	16.39	8.43	1.59
	90.43	29.62	67.73	0.00	0.0606	10.50	461.8	390.09	0.0580	444.0	7.993	16.50	8.55	1.59
	91.43	29.62	67.70	-0.00	0.0606	10.50	461.9	390.33	0.0585	444.5	8.001	16.53	8.56	1.59
	92.42	29.65	67.70	0.00	0.0606	10.48	460.9	389.57	0.0584	445.3	8.016	16.56	8.59	1.59
	93.43	29.67	67.68	0.00	0.0605	10.47	460.9	389.66	0.0586	447.5	8.055	16.65	8.67	1.59
	94.41	29.72	67.68	0.00	0.0605	10.48	461.3	390.06	0.0592	454.1	8.174	16.90	8.89	1.59
	95.41	29.73	67.68	0.00	0.0605	10.47	460.9	389.74	0.0592	452.8	8.151	16.85	8.84	1.59
	96.42	29.75	67.68	-0.00	0.0606	10.47	460.9	389.76	0.0590	451.7	8.130	16.81	8.81	1.59
	97.42	29.77	67.68	-0.00	0.0605	10.48	461.0	389.90	0.0582	448.2	8.067	16.68	8.69	1.59
	98.41	29.81	67.72	0.00	0.0605	10.48	461.3	389.93	0.0596	457.6	8.237	17.02	9.00	1.59
	99.42	29.79	67.65	0.00	0.0605	10.46	460.3	389.49	0.0587	447.8	8.061	16.67	8.68	1.59
	100.43	29.83	67.72	0.00	0.0605	10.47	460.5	389.32	0.0586	445.7	8.022	16.58	8.61	1.59
	101.43	29.83	67.70	0.00	0.0604	10.45	459.9	388.93	0.0586	449.9	8.098	16.74	8.75	1.60
	102.43	29.84	67.68	-0.00	0.0605	10.47	460.8	389.80	0.0589	450.3	8.105	16.76	8.77	1.60
	103.41	29.83	67.73	0.00	0.0604	10.47	460.6	389.37	0.0593	455.0	8.190	16.92	8.92	1.59
	104.43	29.81	67.70	0.00	0.0604	10.46	460.0	388.96	0.0595	456.8	8.223	16.99	8.98	1.59
	105.41	29.77	67.68	0.00	0.0602	10.43	458.9	388.08	0.0594	456.4	8.215	16.98	8.96	1.59
	106.44	29.78	67.68	-0.00	0.0604	10.43	459.0	388.22	0.0587	446.6	8.038	16.62	8.64	1.59
	107.42	29.76	67.70	-0.00	0.0606	10.47	460.7	389.52	0.0607	468.1	8.425	17.41	9.34	1.59
	108.41	29.76	67.70	0.00	0.0605	10.48	461.0	389.73	0.0601	468.8	8.439	17.44	9.36	1.59
	109.42	29.80	67.68	0.00	0.0605	10.47	460.7	389.69	0.0595	459.3	8.268	17.09	9.06	1.59
	110.40	29.75	67.68	0.00	0.0605	10.47	460.8	389.74	0.0606	467.7	8.419	17.40	9.32	1.59
	111.42	29.77	67.70	0.00	0.0605	10.46	460.4	389.21	0.0615	479.3	8.627	17.83	9.69	1.59
	112.43	29.81	67.73	0.00	0.0604	10.46	460.4	389.11	0.0615	479.4	8.630	17.83	9.70	1.60
	113.43	29.83	67.70	0.00	0.0605	10.47	460.9	389.72	0.0616	481.4	8.665	17.91	9.76	1.60
	114.43	29.85	67.72	-0.00	0.0604	10.46	460.2	389.09	0.0618	484.2	8.715	18.01	9.84	1.59
	115.41	29.86	67.70	0.00	0.0603	10.47	460.5	389.45	0.0617	482.1	8.678	17.94	9.78	1.59
	116.42	29.87	67.70	-0.00	0.0605	10.45	459.9	388.97	0.0620	483.3	8.700	17.98	9.82	1.59
	117.42	29.91	67.70	-0.00	0.0603	10.43	458.9	388.17	0.0616	482.0	8.676	17.94	9.78	1.59
	118.42	29.90	67.70	0.00	0.0603	10.44	459.5	388.62	0.0616	481.1	8.661	17.91	9.75	1.60
	119.42	29.92	67.70	-0.00	0.0603	10.42	458.7	387.97	0.0606	469.4	8.450	17.47	9.39	1.60
