Jul 28 2015 at 9:41:38
Frequency: 1.00Hz.
CO2
Zero:  Value:0.95  Date:18 Mar 2005	 at 07:22:33	
Span:  Value:1.00  Date:18 Mar 2005	 at 07:25:09	
H2O
Zero:  Value:0.71  Date:18 Mar 2005	 at 07:52:31	
Span:  Value:0.99  Date:18 Mar 2005	 at 11:44:01	
	Relative Time	Temperature	Pressure	Aux Input	CO2 Absorptance	CO2 mmol/m3	CO2 mg/m3	CO2 umol/mol	H2O Absorptance	H2O mmol/m3	H2O g/m3	H2O mmol/mol	H2O(°C)	Cooler Voltage
	0.16	16.20	67.65	-0.00	0.0632	11.12	489.1	395.27	0.0414	279.3	5.028	9.93	1.26	1.49
	1.15	16.18	67.65	0.00	0.0632	11.09	487.9	394.33	0.0403	270.9	4.876	9.63	0.83	1.49
	2.15	16.17	67.65	0.00	0.0628	11.04	486.0	392.70	0.0401	266.3	4.794	9.47	0.59	1.48
	3.17	16.15	67.63	0.00	0.0634	11.08	487.3	393.91	0.0396	262.6	4.727	9.34	0.40	1.48
	4.15	16.17	67.65	-0.00	0.0632	11.13	489.8	395.84	0.0398	263.6	4.744	9.37	0.45	1.48
	5.15	16.13	67.65	0.00	0.0633	11.17	491.4	397.04	0.0397	263.5	4.742	9.37	0.44	1.49
	6.15	16.13	67.65	0.00	0.0637	11.20	492.9	398.26	0.0406	270.0	4.860	9.60	0.78	1.49
	7.22	16.15	67.66	0.00	0.0636	11.17	491.5	397.08	0.0412	276.2	4.972	9.82	1.10	1.49
	8.14	16.15	67.61	-0.00	0.0638	11.17	491.7	397.55	0.0414	276.8	4.983	9.85	1.13	1.48
	9.16	16.12	67.68	-0.00	0.0635	11.19	492.5	397.74	0.0414	278.4	5.012	9.89	1.21	1.49
	10.15	16.12	67.63	0.00	0.0638	11.19	492.2	397.76	0.0414	277.5	4.995	9.87	1.16	1.48
	11.15	16.15	67.63	0.00	0.0638	11.19	492.4	398.05	0.0411	274.8	4.946	9.77	1.03	1.49
	12.17	16.13	67.65	-0.00	0.0636	11.11	488.9	395.03	0.0405	268.6	4.835	9.55	0.71	1.49
	13.17	16.15	67.63	-0.00	0.0635	11.14	490.1	396.13	0.0407	273.5	4.922	9.73	0.96	1.48
	14.15	16.13	67.65	0.00	0.0630	11.07	487.0	393.49	0.0401	267.0	4.806	9.49	0.63	1.48
	15.16	16.15	67.65	-0.00	0.0629	11.05	486.3	392.97	0.0402	267.5	4.815	9.51	0.65	1.49
	16.16	16.12	67.65	0.00	0.0630	11.05	486.4	392.96	0.0404	268.4	4.831	9.54	0.70	1.48
	17.14	16.15	67.68	0.00	0.0629	11.07	487.0	393.34	0.0407	271.3	4.883	9.64	0.85	1.49
	18.16	16.17	67.66	0.00	0.0631	11.05	486.0	392.70	0.0405	269.3	4.848	9.58	0.75	1.48
	19.14	16.15	67.65	0.00	0.0629	11.05	486.3	392.96	0.0407	270.7	4.873	9.63	0.82	1.48
	20.17	16.15	67.66	-0.00	0.0629	11.06	486.8	393.33	0.0407	272.6	4.907	9.69	0.92	1.48
	21.14	16.15	67.66	0.00	0.0628	11.06	486.6	393.14	0.0405	272.2	4.900	9.68	0.90	1.49
	22.15	16.15	67.68	-0.00	0.0629	11.07	486.9	393.30	0.0405	270.6	4.870	9.62	0.81	1.49
	23.15	16.15	67.65	-0.00	0.0629	11.08	487.4	393.83	0.0409	272.4	4.904	9.69	0.91	1.49
	24.15	16.15	67.63	0.00	0.0629	11.07	486.9	393.59	0.0413	276.1	4.969	9.82	1.09	1.49
	25.16	16.15	67.65	-0.00	0.0629	11.08	487.3	393.78	0.0412	277.4	4.992	9.86	1.16	1.49
	26.16	16.17	67.65	-0.00	0.0628	11.07	487.1	393.65	0.0417	280.2	5.043	9.96	1.30	1.49
	27.18	16.18	67.65	-0.00	0.0631	11.08	487.7	394.11	0.0422	285.6	5.140	10.15	1.56	1.49
	28.14	16.18	67.65	0.00	0.0633	11.07	487.2	393.72	0.0421	285.9	5.146	10.17	1.58	1.49
	29.17	16.18	67.63	0.00	0.0630	11.07	487.0	393.72	0.0422	284.0	5.113	10.10	1.49	1.49
	30.14	16.20	67.68	0.00	0.0634	11.07	487.2	393.57	0.0424	286.7	5.160	10.19	1.62	1.49
	31.15	16.17	67.65	0.00	0.0631	11.10	488.5	394.71	0.0427	289.2	5.206	10.28	1.74	1.48
	32.15	16.17	67.65	0.00	0.0634	11.10	488.3	394.60	0.0428	291.0	5.239	10.35	1.83	1.49
	33.17	16.17	67.66	-0.00	0.0632	11.09	488.0	394.28	0.0432	293.0	5.273	10.42	1.92	1.48
	34.15	16.18	67.65	0.00	0.0631	11.09	487.8	394.20	0.0432	297.2	5.349	10.57	2.12	1.49
	35.15	16.18	67.68	0.00	0.0631	11.08	487.5	393.79	0.0431	291.2	5.242	10.35	1.84	1.49
	36.16	16.18	67.65	-0.00	0.0633	11.07	487.1	393.63	0.0433	294.0	5.291	10.45	1.97	1.49
	37.14	16.22	67.68	0.00	0.0630	11.06	486.5	393.09	0.0430	294.1	5.293	10.45	1.97	1.49
	38.14	16.18	67.65	0.00	0.0632	11.06	486.7	393.30	0.0434	294.2	5.296	10.46	1.98	1.49
	39.16	16.20	67.63	-0.00	0.0630	11.04	485.6	392.60	0.0433	293.9	5.290	10.45	1.96	1.49
	40.15	16.20	67.65	0.00	0.0629	11.04	485.8	392.62	0.0431	293.5	5.283	10.44	1.95	1.49
	41.15	16.18	67.65	-0.00	0.0631	11.03	485.4	392.29	0.0432	293.8	5.288	10.45	1.96	1.49
	42.15	16.20	67.63	-0.00	0.0631	11.06	486.5	393.29	0.0437	296.7	5.340	10.55	2.10	1.49
	43.15	16.20	67.68	0.00	0.0629	11.05	486.3	392.86	0.0433	295.7	5.323	10.51	2.05	1.49
	44.15	16.22	67.65	0.00	0.0632	11.05	486.0	392.79	0.0434	294.8	5.307	10.49	2.01	1.49
	45.15	16.22	67.68	0.00	0.0628	11.04	485.9	392.56	0.0435	295.6	5.321	10.51	2.05	1.49
	46.22	16.22	67.68	0.00	0.0632	11.04	485.7	392.38	0.0435	297.9	5.362	10.59	2.16	1.49
	47.17	16.20	67.63	-0.00	0.0627	11.03	485.4	392.40	0.0436	298.0	5.364	10.60	2.16	1.49
	48.16	16.23	67.65	-0.00	0.0631	11.01	484.3	391.44	0.0436	297.5	5.355	10.58	2.14	1.49
	49.14	16.20	67.68	0.00	0.0630	11.02	484.7	391.56	0.0438	297.9	5.363	10.59	2.16	1.49
	50.17	16.18	67.65	-0.00	0.0627	11.04	485.6	392.47	0.0438	299.3	5.387	10.64	2.22	1.49
	51.17	16.20	67.63	-0.00	0.0627	11.03	485.2	392.29	0.0438	299.9	5.398	10.67	2.25	1.49
	52.15	16.20	67.63	0.00	0.0632	11.03	485.4	392.45	0.0440	301.8	5.433	10.74	2.34	1.49
	53.15	16.22	67.63	0.00	0.0630	11.03	485.4	392.43	0.0441	303.1	5.456	10.78	2.40	1.49
	54.15	16.22	67.65	0.00	0.0627	11.00	484.1	391.26	0.0441	301.6	5.428	10.72	2.33	1.49
	55.16	16.22	67.63	-0.00	0.0626	11.00	484.0	391.30	0.0443	302.0	5.437	10.74	2.35	1.49
	56.16	16.22	67.65	-0.00	0.0629	11.01	484.5	391.56	0.0440	300.9	5.415	10.70	2.29	1.49
	57.14	16.22	67.65	0.00	0.0631	11.04	485.6	392.45	0.0446	305.9	5.506	10.88	2.53	1.49
	58.16	16.23	67.65	0.00	0.0629	11.02	484.9	391.92	0.0446	306.0	5.508	10.88	2.53	1.49
	59.17	16.23	67.65	-0.00	0.0627	11.03	485.3	392.29	0.0445	307.8	5.541	10.95	2.62	1.49
	60.15	16.22	67.65	-0.00	0.0628	11.02	484.8	391.82	0.0445	307.6	5.536	10.94	2.60	1.49
	61.15	16.25	67.68	-0.00	0.0630	11.02	484.8	391.67	0.0445	306.9	5.523	10.91	2.57	1.49
	62.17	16.25	67.65	0.00	0.0631	11.01	484.4	391.54	0.0448	308.0	5.544	10.95	2.63	1.49
	63.15	16.25	67.63	0.00	0.0630	11.00	483.8	391.20	0.0447	307.4	5.534	10.94	2.60	1.49
	64.15	16.25	67.65	0.00	0.0630	11.01	484.5	391.59	0.0447	307.5	5.534	10.94	2.60	1.49
	65.16	16.25	67.65	-0.00	0.0628	11.01	484.6	391.73	0.0450	308.7	5.557	10.98	2.66	1.49
	66.16	16.25	67.65	0.00	0.0628	11.02	484.7	391.81	0.0448	308.3	5.550	10.97	2.64	1.49
	67.16	16.25	67.63	-0.00	0.0627	11.01	484.5	391.79	0.0447	306.9	5.525	10.92	2.58	1.49
	68.14	16.25	67.63	0.00	0.0629	10.99	483.5	390.94	0.0449	309.2	5.566	11.00	2.68	1.49
	69.16	16.25	67.63	0.00	0.0630	10.98	483.2	390.71	0.0449	309.3	5.567	11.00	2.68	1.49
	70.15	16.26	67.66	-0.00	0.0631	11.00	484.2	391.35	0.0451	310.8	5.595	11.05	2.75	1.49
	71.15	16.28	67.63	-0.00	0.0630	10.99	483.7	391.20	0.0451	309.8	5.576	11.02	2.71	1.49
	72.14	16.23	67.66	0.00	0.0630	11.02	484.8	391.85	0.0455	314.5	5.661	11.18	2.92	1.49
	73.15	16.28	67.65	-0.00	0.0630	11.00	484.0	391.31	0.0458	316.4	5.694	11.25	3.00	1.49
	74.16	16.28	67.65	-0.00	0.0627	10.98	483.1	390.49	0.0457	316.0	5.688	11.24	2.99	1.49
	75.16	16.26	67.65	0.00	0.0631	10.99	483.7	390.99	0.0458	316.9	5.705	11.27	3.03	1.49
	76.16	16.28	67.63	-0.00	0.0631	11.00	484.1	391.49	0.0458	318.5	5.733	11.33	3.10	1.49
	77.16	16.28	67.65	0.00	0.0629	10.97	482.8	390.27	0.0458	318.0	5.724	11.31	3.08	1.49
	78.16	16.30	67.65	0.00	0.0629	10.98	483.2	390.63	0.0459	319.4	5.749	11.36	3.14	1.49
	79.14	16.30	67.63	0.00	0.0626	10.99	483.4	390.98	0.0457	317.5	5.715	11.30	3.06	1.49
	80.15	16.31	67.66	0.00	0.0621	10.87	478.3	386.71	0.0454	314.6	5.662	11.19	2.93	1.49
	81.17	16.31	67.65	-0.00	0.0626	10.93	480.8	388.72	0.0459	317.7	5.718	11.30	3.06	1.49
	82.15	16.28	67.63	0.00	0.0629	10.96	482.4	390.14	0.0459	317.7	5.718	11.30	3.06	1.49
	83.13	16.31	67.66	0.00	0.0628	10.96	482.2	389.81	0.0459	317.9	5.722	11.31	3.07	1.49
	84.15	16.31	67.66	0.00	0.0628	10.96	482.4	390.02	0.0460	318.7	5.736	11.34	3.11	1.49
	85.16	16.31	67.65	-0.00	0.0629	10.97	482.9	390.41	0.0460	318.4	5.732	11.33	3.10	1.49
	86.14	16.30	67.61	0.00	0.0627	10.97	482.5	390.36	0.0456	318.4	5.731	11.33	3.09	1.49
	87.16	16.31	67.63	0.00	0.0625	10.96	482.4	390.12	0.0460	319.9	5.758	11.38	3.16	1.49
	88.16	16.33	67.63	0.00	0.0626	11.00	484.1	391.55	0.0465	324.8	5.846	11.56	3.38	1.49
	89.15	16.31	67.58	0.00	0.0626	10.97	482.9	390.79	0.0464	323.4	5.821	11.52	3.32	1.49
	90.14	16.33	67.65	0.00	0.0628	10.96	482.0	389.75	0.0464	323.3	5.820	11.50	3.32	1.49
	91.15	16.30	67.65	0.00	0.0629	10.96	482.0	389.68	0.0466	324.5	5.841	11.54	3.36	1.49
	92.23	16.30	67.63	0.00	0.0628	10.95	482.0	389.80	0.0464	324.7	5.845	11.55	3.37	1.49
	93.15	16.33	67.65	0.00	0.0627	10.95	481.7	389.48	0.0464	323.7	5.827	11.52	3.33	1.49
	94.15	16.31	67.65	0.00	0.0622	10.94	481.2	389.04	0.0464	324.5	5.842	11.54	3.37	1.49
	95.16	16.31	67.63	-0.00	0.0628	10.94	481.5	389.44	0.0468	325.4	5.858	11.58	3.41	1.49
	96.16	16.33	67.65	0.00	0.0626	10.96	482.2	389.88	0.0465	326.3	5.873	11.61	3.44	1.49
	97.14	16.31	67.66	0.00	0.0624	10.94	481.2	388.99	0.0466	324.5	5.841	11.54	3.37	1.49
	98.17	16.33	67.65	-0.00	0.0630	10.98	483.3	390.74	0.0470	328.6	5.914	11.69	3.54	1.49
	99.15	16.31	67.65	-0.00	0.0629	10.96	482.4	390.06	0.0467	326.7	5.881	11.62	3.46	1.49
	100.15	16.31	67.63	0.00	0.0626	10.97	482.6	390.34	0.0467	327.7	5.899	11.66	3.51	1.49
	101.15	16.31	67.65	-0.00	0.0626	10.97	482.7	390.22	0.0468	326.8	5.882	11.62	3.47	1.49
	102.15	16.33	67.65	0.00	0.0628	10.95	481.8	389.55	0.0468	325.7	5.863	11.59	3.42	1.49
	103.15	16.35	67.68	-0.00	0.0626	10.96	482.1	389.71	0.0471	331.5	5.967	11.79	3.67	1.49
	104.15	16.35	67.65	0.00	0.0623	10.96	482.2	389.87	0.0470	330.3	5.945	11.75	3.62	1.50
	105.14	16.35	67.68	0.00	0.0625	10.95	481.8	389.40	0.0472	331.1	5.960	11.78	3.65	1.49
	106.22	16.35	67.63	0.00	0.0627	10.94	481.4	389.35	0.0472	330.6	5.951	11.77	3.63	1.49
	107.14	16.33	67.65	0.00	0.0627	10.95	481.8	389.52	0.0471	329.7	5.935	11.73	3.59	1.49
	108.16	16.33	67.68	0.00	0.0628	10.94	481.6	389.19	0.0471	329.4	5.929	11.71	3.58	1.49
	109.15	16.33	67.68	-0.00	0.0627	10.95	481.7	389.36	0.0470	329.6	5.933	11.72	3.59	1.49
	110.23	16.35	67.65	-0.00	0.0628	10.94	481.5	389.35	0.0469	329.6	5.933	11.73	3.59	1.50
	111.15	16.33	67.65	-0.00	0.0627	10.93	481.1	388.99	0.0473	331.4	5.966	11.79	3.67	1.49
	112.15	16.35	67.65	0.00	0.0624	10.94	481.3	389.14	0.0473	331.8	5.972	11.80	3.68	1.49
	113.16	16.36	67.65	-0.00	0.0624	10.95	481.9	389.66	0.0473	333.2	5.998	11.86	3.74	1.49
	114.15	16.36	67.65	-0.00	0.0624	10.91	480.1	388.27	0.0474	332.9	5.992	11.85	3.73	1.49
	115.16	16.36	67.65	0.00	0.0626	10.95	482.0	389.77	0.0475	335.4	6.037	11.93	3.84	1.50
	116.14	16.35	67.68	0.00	0.0624	10.91	479.9	387.86	0.0474	333.8	6.008	11.87	3.77	1.50
	117.16	16.35	67.65	0.00	0.0625	10.96	482.1	389.80	0.0477	336.6	6.059	11.98	3.89	1.50
	118.16	16.41	67.68	-0.00	0.0626	10.95	481.7	389.44	0.0478	336.5	6.057	11.97	3.89	1.49
	119.15	16.48	67.65	0.00	0.0627	10.96	482.2	390.05	0.0478	336.8	6.063	11.99	3.90	1.49
