Jul 28 2015 at 10:44:33
Frequency: 1.00Hz.
CO2
Zero:  Value:0.95  Date:18 Mar 2005	 at 07:22:33	
Span:  Value:1.00  Date:18 Mar 2005	 at 07:25:09	
H2O
Zero:  Value:0.71  Date:18 Mar 2005	 at 07:52:31	
Span:  Value:0.99  Date:18 Mar 2005	 at 11:44:01	
	Relative Time	Temperature	Pressure	Aux Input	CO2 Absorptance	CO2 mmol/m3	CO2 mg/m3	CO2 umol/mol	H2O Absorptance	H2O mmol/m3	H2O g/m3	H2O mmol/mol	H2O(°C)	Cooler Voltage
	0.06	26.17	67.68	-0.00	0.0635	11.18	491.8	411.01	0.0421	281.0	5.059	10.33	1.81	1.60
	1.08	26.19	67.67	0.00	0.0636	11.20	492.8	411.88	0.0424	286.4	5.156	10.53	2.08	1.60
	2.08	26.21	67.65	0.00	0.0638	11.23	494.1	413.13	0.0439	299.7	5.394	11.02	2.72	1.60
	3.06	26.19	67.65	0.00	0.0637	11.21	493.1	412.25	0.0441	303.4	5.461	11.16	2.89	1.60
	4.09	26.17	67.68	-0.00	0.0637	11.21	493.1	412.08	0.0443	303.3	5.460	11.15	2.89	1.60
	5.05	26.14	67.68	0.00	0.0641	11.28	496.4	414.80	0.0443	302.5	5.445	11.12	2.85	1.60
	6.08	26.15	67.68	-0.00	0.0638	11.23	494.0	412.81	0.0441	303.0	5.455	11.14	2.87	1.60
	7.07	26.17	67.65	0.00	0.0639	11.26	495.4	414.17	0.0441	302.8	5.451	11.14	2.86	1.60
	8.06	26.19	67.65	0.00	0.0640	11.26	495.3	414.12	0.0440	302.5	5.445	11.13	2.85	1.60
	9.14	26.24	67.65	-0.00	0.0637	11.19	492.4	411.75	0.0439	300.0	5.400	11.04	2.73	1.60
	10.08	26.26	67.65	0.00	0.0636	11.18	492.0	411.45	0.0441	302.3	5.441	11.12	2.84	1.60
	11.06	26.28	67.68	0.00	0.0637	11.19	492.4	411.69	0.0441	302.3	5.442	11.12	2.84	1.60
	12.07	26.33	67.65	0.00	0.0635	11.17	491.5	411.09	0.0440	302.3	5.442	11.13	2.85	1.60
	13.06	26.32	67.65	0.00	0.0635	11.16	490.9	410.59	0.0441	302.5	5.445	11.13	2.85	1.60
	14.13	26.34	67.65	0.00	0.0634	11.16	491.0	410.73	0.0442	303.6	5.464	11.17	2.90	1.60
	15.07	26.34	67.65	-0.00	0.0634	11.15	490.7	410.47	0.0441	301.9	5.434	11.11	2.83	1.60
	16.07	26.32	67.68	0.00	0.0633	11.11	488.9	408.79	0.0442	303.3	5.459	11.16	2.89	1.60
	17.05	26.32	67.68	0.00	0.0634	11.15	490.6	410.16	0.0443	303.1	5.456	11.15	2.88	1.60
	18.08	26.32	67.65	-0.00	0.0633	11.13	489.5	409.48	0.0441	303.0	5.453	11.15	2.88	1.60
	19.08	26.30	67.65	-0.00	0.0634	11.14	490.0	409.83	0.0442	303.5	5.464	11.17	2.90	1.60
	20.06	26.28	67.68	0.00	0.0633	11.12	489.3	409.05	0.0444	305.3	5.495	11.23	2.98	1.60
	21.08	26.28	67.65	0.00	0.0635	11.12	489.1	409.10	0.0447	305.9	5.506	11.26	3.01	1.60
	22.06	26.27	67.65	0.00	0.0634	11.13	489.6	409.44	0.0448	308.6	5.555	11.36	3.13	1.60
	23.06	26.26	67.65	-0.00	0.0634	11.13	489.5	409.41	0.0446	306.9	5.525	11.29	3.06	1.60
	24.07	26.25	67.68	0.00	0.0633	11.11	488.8	408.61	0.0443	308.0	5.543	11.33	3.10	1.60
	25.09	26.25	67.67	-0.00	0.0632	11.11	488.7	408.58	0.0448	309.1	5.563	11.37	3.15	1.60
	26.05	26.26	67.65	0.00	0.0633	11.11	489.0	408.94	0.0451	311.2	5.601	11.45	3.25	1.60
	27.08	26.23	67.65	-0.00	0.0634	11.12	489.1	408.98	0.0450	312.2	5.619	11.49	3.29	1.60
	28.05	26.21	67.68	0.00	0.0633	11.08	487.6	407.56	0.0451	309.7	5.574	11.39	3.18	1.60
	29.06	26.16	67.65	0.00	0.0633	11.11	488.6	408.51	0.0454	314.8	5.666	11.58	3.41	1.60
	30.06	26.21	67.65	0.00	0.0633	11.10	488.4	408.34	0.0455	315.3	5.676	11.60	3.44	1.60
	31.07	26.23	67.67	-0.00	0.0633	11.09	488.1	408.01	0.0456	315.3	5.676	11.60	3.44	1.60
	32.14	26.27	67.65	-0.00	0.0631	11.08	487.4	407.61	0.0449	310.3	5.586	11.42	3.21	1.60
	33.06	26.30	67.65	0.00	0.0631	11.07	487.1	407.45	0.0456	314.3	5.657	11.57	3.39	1.60
	34.05	26.32	67.65	0.00	0.0631	11.08	487.6	407.87	0.0455	315.4	5.678	11.61	3.44	1.60
	35.07	26.34	67.65	0.00	0.0630	11.04	485.9	406.47	0.0455	313.3	5.640	11.53	3.35	1.60
	36.07	26.37	67.65	-0.00	0.0631	11.06	486.6	407.08	0.0458	315.8	5.685	11.63	3.47	1.60
	37.08	26.36	67.65	0.00	0.0630	11.06	486.5	406.99	0.0453	315.5	5.679	11.61	3.45	1.60
	38.06	26.36	67.65	0.00	0.0631	11.07	487.3	407.62	0.0456	318.9	5.740	11.74	3.60	1.60
	39.06	26.35	67.65	0.00	0.0631	11.06	486.6	407.02	0.0454	315.7	5.683	11.62	3.46	1.60
	40.08	26.36	67.67	-0.00	0.0631	11.06	486.6	406.94	0.0458	312.9	5.633	11.52	3.33	1.60
	41.08	26.36	67.65	-0.00	0.0631	11.07	487.2	407.55	0.0467	325.8	5.865	11.99	3.91	1.60
	42.06	26.37	67.65	0.00	0.0633	11.09	488.1	408.36	0.0474	332.4	5.984	12.24	4.19	1.60
	43.06	26.39	67.67	0.00	0.0630	11.04	486.0	406.45	0.0463	323.2	5.818	11.90	3.80	1.60
	44.07	26.39	67.65	-0.00	0.0630	11.05	486.4	406.93	0.0469	325.1	5.852	11.97	3.88	1.60
	45.05	26.39	67.65	0.00	0.0630	11.05	486.1	406.69	0.0469	326.2	5.872	12.01	3.93	1.60
	46.07	26.39	67.65	0.00	0.0631	11.05	486.1	406.67	0.0471	328.3	5.909	12.08	4.01	1.60
	47.06	26.39	67.67	0.00	0.0633	11.08	487.7	407.86	0.0478	336.3	6.054	12.38	4.36	1.60
	48.06	26.39	67.67	0.00	0.0631	11.07	486.9	407.26	0.0473	333.2	5.998	12.26	4.23	1.60
	49.06	26.36	67.65	0.00	0.0631	11.06	486.6	407.05	0.0472	332.4	5.983	12.23	4.19	1.60
	50.06	26.30	67.65	0.00	0.0631	11.06	486.6	406.99	0.0476	334.7	6.025	12.32	4.29	1.60
	51.06	26.26	67.65	0.00	0.0631	11.04	486.0	406.41	0.0475	333.5	6.003	12.27	4.23	1.60
	52.06	26.25	67.68	0.00	0.0632	11.06	486.5	406.65	0.0481	337.6	6.077	12.42	4.41	1.60
	53.07	26.21	67.62	-0.00	0.0630	11.02	485.0	405.66	0.0472	330.2	5.944	12.15	4.09	1.60
	54.07	26.19	67.65	-0.00	0.0630	11.03	485.4	405.81	0.0478	338.0	6.084	12.43	4.42	1.60
	55.07	26.17	67.65	0.00	0.0628	11.04	485.7	406.03	0.0472	337.6	6.078	12.42	4.41	1.60
	56.07	26.17	67.65	-0.00	0.0629	11.03	485.2	405.65	0.0480	335.7	6.042	12.35	4.32	1.60
	57.06	26.17	67.68	0.00	0.0630	11.05	486.1	406.25	0.0487	344.9	6.209	12.68	4.71	1.60
	58.06	26.17	67.65	-0.00	0.0628	11.02	484.9	405.44	0.0480	340.7	6.132	12.53	4.53	1.60
	59.09	26.10	67.65	-0.00	0.0630	11.06	486.7	406.82	0.0494	352.0	6.336	12.95	5.00	1.60
	60.08	26.07	67.68	-0.00	0.0629	11.02	484.9	405.10	0.0480	340.6	6.131	12.52	4.53	1.60
	61.06	26.05	67.65	0.00	0.0629	11.01	484.3	404.75	0.0487	344.7	6.204	12.67	4.69	1.60
	62.07	26.03	67.63	-0.00	0.0630	11.02	485.0	405.41	0.0489	348.8	6.279	12.83	4.87	1.60
	63.06	26.04	67.65	0.00	0.0631	11.04	485.6	405.77	0.0495	352.3	6.342	12.95	5.01	1.60
	64.07	26.07	67.68	0.00	0.0628	11.00	484.0	404.37	0.0486	344.9	6.209	12.68	4.71	1.60
	65.13	26.10	67.65	0.00	0.0628	11.03	485.3	405.66	0.0492	353.7	6.367	13.01	5.07	1.60
	66.08	26.16	67.67	-0.00	0.0628	10.98	483.1	403.78	0.0485	341.2	6.142	12.55	4.56	1.60
	67.05	26.19	67.68	0.00	0.0628	11.01	484.5	404.92	0.0492	348.3	6.270	12.81	4.85	1.60
	68.06	26.21	67.68	0.00	0.0629	11.03	485.1	405.46	0.0503	359.1	6.463	13.20	5.29	1.60
	69.06	26.22	67.65	-0.00	0.0628	11.01	484.3	404.98	0.0490	355.3	6.395	13.07	5.14	1.60
	70.08	26.27	67.65	-0.00	0.0628	10.99	483.6	404.45	0.0486	346.6	6.238	12.75	4.78	1.60
	71.06	26.28	67.68	0.00	0.0629	11.01	484.5	405.03	0.0503	356.9	6.424	13.13	5.21	1.60
	72.07	26.34	67.65	-0.00	0.0630	11.02	485.0	405.74	0.0507	361.3	6.504	13.30	5.39	1.60
	73.09	26.38	67.65	-0.00	0.0629	11.02	485.0	405.80	0.0507	366.0	6.589	13.47	5.57	1.60
	74.07	26.37	67.66	0.00	0.0629	11.01	484.5	405.32	0.0508	366.9	6.604	13.50	5.61	1.60
	75.07	26.37	67.65	0.00	0.0628	11.01	484.3	405.14	0.0510	369.1	6.644	13.59	5.69	1.60
	76.07	26.40	67.65	0.00	0.0629	10.99	483.5	404.51	0.0510	367.0	6.607	13.51	5.61	1.60
	77.08	26.39	67.67	-0.00	0.0629	11.02	484.7	405.43	0.0513	370.0	6.660	13.62	5.73	1.60
	78.06	26.34	67.65	0.00	0.0630	11.02	484.9	405.62	0.0515	374.3	6.737	13.78	5.89	1.60
	79.05	26.33	67.68	0.00	0.0627	11.01	484.4	405.06	0.0507	372.1	6.698	13.69	5.81	1.60
	80.06	26.36	67.65	0.00	0.0627	10.98	483.3	404.31	0.0506	363.2	6.537	13.37	5.46	1.60
	81.06	26.37	67.65	0.00	0.0629	11.00	484.0	404.91	0.0513	372.2	6.699	13.70	5.81	1.60
	82.07	26.39	67.65	0.00	0.0628	11.01	484.3	405.16	0.0511	371.5	6.687	13.68	5.79	1.60
	83.07	26.41	67.65	0.00	0.0627	10.98	483.3	404.35	0.0514	370.8	6.674	13.65	5.76	1.60
	84.07	26.41	67.68	0.00	0.0627	10.98	483.1	404.04	0.0512	370.3	6.666	13.63	5.74	1.60
	85.07	26.41	67.65	-0.00	0.0629	11.00	484.0	404.98	0.0515	371.9	6.694	13.69	5.81	1.60
	86.08	26.39	67.62	-0.00	0.0629	10.99	483.8	404.90	0.0516	373.9	6.729	13.77	5.88	1.60
	87.06	26.39	67.65	0.00	0.0627	10.98	483.1	404.17	0.0514	372.6	6.707	13.72	5.83	1.60
	88.08	26.39	67.65	-0.00	0.0626	10.96	482.3	403.48	0.0514	371.5	6.687	13.67	5.79	1.60
	89.06	26.40	67.68	0.00	0.0627	10.99	483.4	404.30	0.0518	376.0	6.767	13.84	5.96	1.60
	90.06	26.37	67.65	0.00	0.0627	10.99	483.3	404.35	0.0520	378.0	6.804	13.91	6.04	1.60
	91.07	26.39	67.65	-0.00	0.0628	10.98	483.3	404.38	0.0521	379.9	6.839	13.99	6.11	1.60
	92.06	26.36	67.65	0.00	0.0627	10.96	482.4	403.58	0.0514	375.1	6.751	13.81	5.92	1.60
	93.06	26.35	67.68	0.00	0.0627	10.99	483.4	404.20	0.0520	379.7	6.834	13.97	6.10	1.60
	94.07	26.36	67.67	0.00	0.0626	10.98	482.9	403.85	0.0520	379.5	6.832	13.97	6.10	1.60
	95.08	26.39	67.65	-0.00	0.0627	10.99	483.5	404.56	0.0520	379.6	6.833	13.97	6.10	1.60
	96.06	26.37	67.65	0.00	0.0626	10.98	483.0	404.09	0.0522	380.8	6.854	14.02	6.14	1.60
	97.08	26.37	67.65	0.00	0.0627	10.99	483.7	404.63	0.0524	383.6	6.904	14.12	6.25	1.60
	98.06	26.39	67.65	0.00	0.0626	10.96	482.1	403.36	0.0518	377.5	6.796	13.90	6.02	1.60
	99.06	26.39	67.65	-0.00	0.0628	10.97	482.8	403.96	0.0524	381.2	6.862	14.03	6.16	1.60
	100.06	26.37	67.65	0.00	0.0626	10.97	482.5	403.60	0.0522	382.1	6.878	14.07	6.20	1.60
	101.06	26.41	67.65	-0.00	0.0626	10.96	482.4	403.66	0.0525	383.6	6.906	14.12	6.25	1.60
	102.06	26.45	67.65	0.00	0.0626	10.94	481.4	402.83	0.0524	380.6	6.850	14.01	6.14	1.60
	103.05	26.45	67.65	0.00	0.0625	10.96	482.3	403.56	0.0521	382.1	6.878	14.07	6.20	1.60
	104.05	26.49	67.62	0.00	0.0625	10.94	481.6	403.19	0.0520	380.2	6.843	14.01	6.13	1.60
	105.05	26.43	67.65	0.00	0.0625	10.94	481.3	402.75	0.0523	381.0	6.858	14.03	6.16	1.60
	106.14	26.41	67.65	0.00	0.0625	10.93	481.0	402.43	0.0521	379.6	6.833	13.98	6.10	1.60
	107.06	26.40	67.65	0.00	0.0625	10.92	480.6	402.09	0.0522	380.5	6.848	14.01	6.13	1.60
	108.06	26.47	67.65	0.00	0.0625	10.92	480.6	402.17	0.0516	375.3	6.756	13.82	5.94	1.60
	109.06	26.49	67.65	0.00	0.0625	10.90	479.4	401.24	0.0519	372.6	6.706	13.72	5.83	1.60
	110.15	26.47	67.67	-0.00	0.0626	10.94	481.2	402.60	0.0525	383.6	6.905	14.12	6.26	1.60
	111.07	26.41	67.65	-0.00	0.0625	10.93	480.9	402.34	0.0523	383.5	6.904	14.12	6.25	1.60
	112.06	26.32	67.68	0.00	0.0625	10.93	481.0	402.14	0.0523	380.3	6.846	13.99	6.12	1.60
	113.05	26.34	67.65	0.00	0.0625	10.92	480.6	401.99	0.0520	376.6	6.779	13.86	5.98	1.60
	114.05	26.30	67.65	0.00	0.0624	10.91	479.9	401.36	0.0520	377.8	6.800	13.90	6.03	1.60
	115.07	26.30	67.65	-0.00	0.0624	10.91	479.9	401.39	0.0520	376.7	6.781	13.86	5.98	1.60
	116.05	26.32	67.65	0.00	0.0625	10.94	481.2	402.50	0.0528	385.8	6.944	14.20	6.33	1.60
	117.08	26.35	67.67	0.00	0.0626	10.93	480.9	402.12	0.0528	387.8	6.980	14.27	6.41	1.61
	118.06	26.37	67.67	0.00	0.0627	10.93	481.1	402.38	0.0529	385.8	6.945	14.20	6.33	1.60
	119.08	26.36	67.65	0.00	0.0625	10.94	481.1	402.51	0.0530	390.2	7.024	14.36	6.50	1.60
	120.06	26.30	67.65	0.00	0.0626	10.93	480.9	402.24	0.0528	386.7	6.961	14.23	6.37	1.60
	121.06	26.21	67.65	0.00	0.0626	10.93	481.1	402.31	0.0526	385.3	6.935	14.18	6.31	1.61
