Jul 28 2015 at 12:06:44
Frequency: 1.00Hz.
CO2
Zero:  Value:0.95  Date:18 Mar 2005	 at 07:22:33	
Span:  Value:1.00  Date:18 Mar 2005	 at 07:25:09	
H2O
Zero:  Value:0.71  Date:18 Mar 2005	 at 07:52:31	
Span:  Value:0.99  Date:18 Mar 2005	 at 11:44:01	
	Relative Time	Temperature	Pressure	Aux Input	CO2 Absorptance	CO2 mmol/m3	CO2 mg/m3	CO2 umol/mol	H2O Absorptance	H2O mmol/m3	H2O g/m3	H2O mmol/mol	H2O(°C)	Cooler Voltage
	0.50	29.94	67.70	-0.00	0.0616	10.69	470.6	398.08	0.0514	376.8	6.782	14.02	6.16	1.60
	1.48	29.95	67.70	-0.00	0.0615	10.69	470.4	397.92	0.0501	358.0	6.444	13.33	5.43	1.60
	2.48	29.95	67.68	0.00	0.0616	10.72	471.6	399.12	0.0502	360.8	6.495	13.44	5.54	1.60
	3.48	29.93	67.68	0.00	0.0618	10.73	472.1	399.51	0.0501	359.7	6.474	13.39	5.49	1.60
	4.48	29.93	67.68	0.00	0.0616	10.73	472.1	399.46	0.0504	362.1	6.517	13.48	5.59	1.60
	5.49	29.90	67.70	-0.00	0.0615	10.67	469.3	396.98	0.0501	362.4	6.524	13.49	5.60	1.60
	6.49	29.92	67.70	-0.00	0.0611	10.64	468.2	396.02	0.0501	357.5	6.436	13.31	5.40	1.60
	7.50	29.85	67.70	0.00	0.0614	10.70	470.8	398.19	0.0502	361.5	6.508	13.45	5.56	1.60
	8.56	29.87	67.70	0.00	0.0615	10.72	471.5	398.78	0.0506	367.4	6.613	13.67	5.79	1.60
	9.50	29.85	67.70	0.00	0.0615	10.70	470.9	398.29	0.0508	365.7	6.583	13.61	5.73	1.60
	10.48	29.85	67.72	0.00	0.0614	10.70	470.6	397.84	0.0503	359.3	6.468	13.37	5.47	1.60
	11.48	29.82	67.68	0.00	0.0613	10.67	469.5	397.17	0.0504	360.3	6.485	13.41	5.51	1.60
	12.56	29.81	67.70	-0.00	0.0612	10.66	468.9	396.48	0.0498	357.3	6.431	13.29	5.39	1.60
	13.49	29.81	67.70	-0.00	0.0613	10.65	468.6	396.24	0.0502	358.3	6.449	13.33	5.43	1.60
	14.49	29.83	67.68	-0.00	0.0613	10.64	468.2	396.10	0.0501	362.6	6.527	13.50	5.60	1.60
	15.49	29.83	67.68	-0.00	0.0613	10.66	468.9	396.60	0.0504	361.5	6.507	13.45	5.56	1.60
	16.49	29.87	67.65	0.00	0.0613	10.67	469.7	397.51	0.0505	365.6	6.581	13.61	5.72	1.60
	17.55	29.90	67.68	0.00	0.0611	10.62	467.4	395.48	0.0503	358.7	6.457	13.36	5.45	1.60
	18.49	29.99	67.68	0.00	0.0611	10.62	467.2	395.42	0.0502	361.7	6.510	13.47	5.57	1.60
	19.48	29.97	67.68	0.00	0.0611	10.62	467.1	395.29	0.0504	361.8	6.512	13.47	5.58	1.60
	20.48	29.90	67.70	0.00	0.0611	10.62	467.3	395.27	0.0504	361.5	6.508	13.46	5.56	1.60
	21.56	29.93	67.70	0.00	0.0610	10.59	466.0	394.14	0.0503	360.2	6.484	13.41	5.51	1.60
	22.50	29.87	67.68	-0.00	0.0611	10.60	466.5	394.70	0.0504	362.3	6.522	13.49	5.59	1.60
	23.48	29.83	67.68	0.00	0.0611	10.62	467.2	395.18	0.0504	362.0	6.516	13.47	5.58	1.60
	24.48	29.83	67.70	0.00	0.0611	10.60	466.6	394.51	0.0504	362.2	6.520	13.48	5.59	1.60
	25.48	29.88	67.72	-0.00	0.0612	10.62	467.5	395.25	0.0506	364.4	6.558	13.55	5.68	1.60
	26.49	29.87	67.70	-0.00	0.0612	10.62	467.3	395.23	0.0506	364.0	6.552	13.55	5.66	1.60
	27.49	29.91	67.72	-0.00	0.0611	10.62	467.4	395.23	0.0504	362.8	6.531	13.50	5.62	1.60
	28.49	29.91	67.70	0.00	0.0612	10.62	467.5	395.41	0.0505	362.3	6.521	13.48	5.60	1.60
	29.50	29.91	67.68	-0.00	0.0611	10.62	467.1	395.22	0.0503	361.1	6.500	13.44	5.55	1.60
	30.50	29.91	67.72	-0.00	0.0607	10.53	463.2	391.70	0.0503	362.4	6.524	13.48	5.60	1.60
	31.50	29.92	67.68	-0.00	0.0609	10.56	464.7	393.24	0.0503	360.3	6.485	13.41	5.51	1.60
	32.48	29.91	67.68	0.00	0.0610	10.61	466.7	394.88	0.0504	363.7	6.546	13.54	5.65	1.60
	33.49	29.85	67.65	0.00	0.0611	10.61	466.8	395.04	0.0509	367.3	6.611	13.68	5.79	1.60
	34.49	29.85	67.70	-0.00	0.0609	10.60	466.4	394.41	0.0513	371.4	6.685	13.82	5.95	1.60
	35.49	29.90	67.70	0.00	0.0609	10.57	465.1	393.41	0.0515	371.7	6.690	13.83	5.96	1.60
	36.47	29.93	67.70	0.00	0.0609	10.58	465.7	393.97	0.0512	371.0	6.678	13.81	5.94	1.60
	37.49	29.99	67.68	-0.00	0.0610	10.58	465.7	394.11	0.0511	369.4	6.650	13.76	5.88	1.60
	38.47	29.96	67.70	0.00	0.0610	10.59	466.0	394.19	0.0512	370.3	6.665	13.78	5.91	1.60
	39.47	29.98	67.68	0.00	0.0610	10.58	465.7	394.15	0.0513	370.1	6.662	13.78	5.91	1.60
	40.56	29.97	67.68	0.00	0.0610	10.59	466.0	394.38	0.0510	369.4	6.649	13.75	5.88	1.60
	41.48	29.98	67.70	0.00	0.0609	10.57	465.0	393.39	0.0506	366.4	6.595	13.64	5.76	1.60
	42.57	29.98	67.70	-0.00	0.0610	10.60	466.6	394.75	0.0510	368.2	6.627	13.71	5.83	1.60
	43.48	30.00	67.68	0.00	0.0611	10.61	466.8	395.10	0.0510	368.5	6.634	13.72	5.85	1.60
	44.48	30.01	67.70	0.00	0.0610	10.59	466.0	394.27	0.0510	368.3	6.629	13.71	5.84	1.60
	45.49	30.01	67.72	0.00	0.0611	10.61	466.7	394.77	0.0509	367.5	6.615	13.68	5.81	1.60
	46.47	30.03	67.70	0.00	0.0611	10.61	466.9	395.07	0.0512	368.7	6.636	13.73	5.85	1.60
	47.49	30.03	67.68	0.00	0.0611	10.61	466.8	395.15	0.0512	370.5	6.670	13.80	5.93	1.60
	48.47	30.01	67.68	0.00	0.0610	10.58	465.7	394.21	0.0513	372.0	6.697	13.86	5.98	1.60
	49.48	30.03	67.67	-0.00	0.0611	10.62	467.2	395.47	0.0511	371.4	6.684	13.83	5.96	1.60
	50.48	29.98	67.70	-0.00	0.0612	10.63	467.8	395.82	0.0517	375.0	6.751	13.96	6.10	1.60
	51.56	29.99	67.68	-0.00	0.0611	10.62	467.2	395.46	0.0519	376.1	6.770	14.01	6.14	1.60
	52.49	29.99	67.70	-0.00	0.0611	10.60	466.4	394.66	0.0519	377.6	6.798	14.06	6.20	1.60
	53.51	29.99	67.70	-0.00	0.0613	10.64	468.0	395.95	0.0520	378.9	6.819	14.10	6.24	1.60
	54.49	29.96	67.68	-0.00	0.0611	10.62	467.1	395.31	0.0517	376.2	6.771	14.01	6.14	1.60
	55.51	29.97	67.68	-0.00	0.0610	10.59	466.0	394.38	0.0515	374.0	6.732	13.93	6.06	1.60
	56.49	29.91	67.68	0.00	0.0609	10.59	466.1	394.40	0.0513	372.2	6.699	13.86	5.98	1.60
	57.49	29.93	67.70	0.00	0.0610	10.59	466.1	394.29	0.0514	372.0	6.696	13.85	5.98	1.60
	58.48	29.96	67.68	-0.00	0.0612	10.63	467.6	395.75	0.0520	377.0	6.786	14.04	6.17	1.60
	59.48	29.93	67.70	0.00	0.0613	10.65	468.7	396.42	0.0524	381.8	6.872	14.21	6.35	1.60
	60.48	29.90	67.70	0.00	0.0614	10.65	468.7	396.48	0.0529	385.2	6.934	14.34	6.48	1.60
	61.47	29.93	67.70	0.00	0.0612	10.62	467.4	395.37	0.0525	382.2	6.879	14.23	6.37	1.60
	62.48	29.93	67.68	0.00	0.0611	10.61	466.8	395.02	0.0521	379.8	6.837	14.14	6.28	1.60
	63.54	29.93	67.68	0.00	0.0612	10.62	467.4	395.51	0.0521	378.6	6.814	14.10	6.23	1.60
	64.51	29.92	67.70	-0.00	0.0612	10.64	468.1	395.96	0.0522	381.1	6.860	14.18	6.33	1.60
	65.49	29.93	67.70	-0.00	0.0611	10.62	467.4	395.35	0.0521	379.5	6.831	14.13	6.27	1.60
	66.49	29.94	67.66	0.00	0.0612	10.63	467.7	395.88	0.0522	380.2	6.843	14.16	6.29	1.60
	67.56	29.94	67.70	-0.00	0.0613	10.63	467.9	395.86	0.0523	380.6	6.851	14.17	6.31	1.60
	68.56	29.95	67.70	0.00	0.0612	10.62	467.2	395.27	0.0522	380.1	6.841	14.15	6.29	1.60
	69.48	29.97	67.68	0.00	0.0610	10.62	467.3	395.45	0.0520	379.8	6.837	14.14	6.28	1.60
	70.48	29.93	67.68	-0.00	0.0612	10.63	467.9	395.95	0.0524	381.6	6.868	14.21	6.35	1.60
	71.48	29.93	67.68	0.00	0.0612	10.63	467.6	395.71	0.0524	383.2	6.898	14.27	6.41	1.60
	72.48	29.92	67.70	0.00	0.0611	10.62	467.2	395.14	0.0524	382.2	6.880	14.23	6.37	1.60
	73.48	29.89	67.70	0.00	0.0613	10.65	468.4	396.22	0.0532	389.7	7.014	14.50	6.65	1.60
	74.47	29.87	67.70	0.00	0.0614	10.67	469.7	397.24	0.0537	394.3	7.098	14.67	6.82	1.60
	75.47	29.87	67.70	0.00	0.0614	10.69	470.2	397.66	0.0539	399.7	7.194	14.87	7.02	1.61
	76.49	29.88	67.70	0.00	0.0613	10.67	469.6	397.13	0.0533	394.6	7.102	14.68	6.83	1.60
	77.49	29.85	67.68	-0.00	0.0612	10.63	467.9	395.86	0.0527	386.0	6.948	14.37	6.51	1.60
	78.48	29.85	67.70	0.00	0.0611	10.62	467.2	395.10	0.0527	386.7	6.961	14.39	6.54	1.60
	79.48	29.85	67.68	-0.00	0.0612	10.65	468.4	396.24	0.0530	388.1	6.985	14.44	6.59	1.60
	80.50	29.85	67.65	-0.00	0.0612	10.64	468.3	396.36	0.0531	388.8	6.998	14.48	6.61	1.60
	81.48	29.85	67.70	-0.00	0.0612	10.63	467.8	395.64	0.0530	388.3	6.989	14.45	6.59	1.61
	82.48	29.88	67.67	0.00	0.0612	10.61	466.8	394.95	0.0529	387.4	6.974	14.42	6.56	1.61
	83.48	29.81	67.70	0.00	0.0613	10.65	468.4	396.10	0.0531	390.4	7.026	14.52	6.67	1.61
	84.49	29.88	67.68	0.00	0.0612	10.63	467.6	395.65	0.0529	388.4	6.992	14.46	6.60	1.61
	85.50	29.83	67.68	-0.00	0.0611	10.63	467.7	395.66	0.0531	389.3	7.008	14.49	6.63	1.60
	86.47	29.83	67.70	0.00	0.0612	10.63	467.8	395.54	0.0533	391.8	7.052	14.58	6.72	1.61
	87.50	29.87	67.70	-0.00	0.0611	10.60	466.5	394.53	0.0532	390.8	7.034	14.54	6.69	1.61
	88.48	29.83	67.68	0.00	0.0612	10.63	467.6	395.60	0.0535	392.5	7.066	14.61	6.75	1.61
	89.48	29.83	67.62	0.00	0.0613	10.66	469.1	397.10	0.0537	394.2	7.095	14.68	6.81	1.61
	90.50	29.81	67.68	-0.00	0.0613	10.66	468.9	396.68	0.0537	396.4	7.134	14.75	6.89	1.61
	91.50	29.81	67.68	-0.00	0.0614	10.67	469.5	397.11	0.0539	396.8	7.143	14.77	6.91	1.61
	92.48	29.79	67.68	0.00	0.0614	10.67	469.7	397.25	0.0539	397.3	7.151	14.78	6.92	1.61
	93.49	29.84	67.70	-0.00	0.0615	10.68	469.7	397.23	0.0540	396.8	7.143	14.77	6.91	1.61
	94.49	29.81	67.68	-0.00	0.0614	10.67	469.5	397.16	0.0542	400.6	7.211	14.91	7.05	1.61
	95.49	29.83	67.65	-0.00	0.0614	10.67	469.5	397.31	0.0541	399.9	7.197	14.89	7.02	1.61
	96.47	29.81	67.68	0.00	0.0615	10.70	470.9	398.34	0.0544	403.0	7.255	15.00	7.14	1.61
	97.48	29.83	67.70	0.00	0.0615	10.70	470.8	398.15	0.0544	402.4	7.243	14.97	7.11	1.61
	98.48	29.87	67.68	0.00	0.0613	10.65	468.4	396.30	0.0539	397.6	7.157	14.80	6.94	1.61
	99.48	29.85	67.68	0.00	0.0614	10.66	469.3	396.99	0.0542	400.8	7.215	14.92	7.06	1.61
	100.56	29.85	67.68	0.00	0.0613	10.65	468.7	396.56	0.0541	400.9	7.216	14.92	7.06	1.61
	101.50	29.87	67.70	0.00	0.0613	10.66	469.0	396.66	0.0544	402.7	7.249	14.99	7.13	1.61
	102.49	29.91	67.70	0.00	0.0613	10.66	469.1	396.84	0.0544	402.8	7.251	14.99	7.13	1.61
	103.49	29.91	67.68	0.00	0.0614	10.66	469.1	396.91	0.0548	405.9	7.307	15.11	7.25	1.61
	104.49	29.92	67.70	-0.00	0.0614	10.66	469.1	396.79	0.0549	406.7	7.321	15.14	7.27	1.61
	105.47	29.88	67.68	0.00	0.0613	10.66	468.9	396.74	0.0546	405.9	7.307	15.11	7.24	1.61
	106.56	29.91	67.68	0.00	0.0613	10.64	468.2	396.18	0.0546	404.6	7.282	15.06	7.20	1.61
	107.48	29.87	67.70	-0.00	0.0613	10.64	468.1	395.85	0.0548	405.6	7.301	15.09	7.23	1.61
	108.47	29.90	67.70	0.00	0.0613	10.66	469.1	396.81	0.0548	407.1	7.328	15.15	7.29	1.61
	109.47	29.85	67.68	0.00	0.0613	10.67	469.6	397.32	0.0544	404.5	7.281	15.06	7.19	1.61
	110.48	29.86	67.70	-0.00	0.0613	10.64	468.2	395.94	0.0548	405.6	7.301	15.09	7.23	1.61
	111.49	29.83	67.70	0.00	0.0615	10.69	470.2	397.66	0.0553	412.2	7.420	15.34	7.47	1.61
	112.48	29.87	67.68	0.00	0.0613	10.68	470.0	397.59	0.0551	411.6	7.409	15.32	7.45	1.61
	113.49	29.88	67.68	0.00	0.0614	10.68	470.1	397.72	0.0554	413.4	7.441	15.39	7.51	1.61
	114.47	29.83	67.70	0.00	0.0615	10.70	470.7	398.07	0.0556	415.7	7.482	15.47	7.59	1.61
	115.49	29.86	67.68	0.00	0.0615	10.70	471.0	398.43	0.0557	416.8	7.503	15.52	7.63	1.61
	116.47	29.81	67.70	0.00	0.0616	10.72	471.7	398.90	0.0558	417.4	7.513	15.53	7.65	1.61
	117.48	29.80	67.68	0.00	0.0616	10.70	470.9	398.34	0.0558	417.0	7.506	15.52	7.63	1.61
	118.48	29.79	67.68	-0.00	0.0616	10.70	470.8	398.25	0.0559	416.9	7.505	15.52	7.63	1.61
	119.48	29.81	67.68	0.00	0.0614	10.67	469.7	397.30	0.0556	416.1	7.490	15.49	7.60	1.61
	120.48	29.81	67.70	0.00	0.0614	10.68	470.0	397.38	0.0556	415.3	7.476	15.45	7.58	1.61
