Jul 28 2015 at 12:32:37
Frequency: 1.00Hz.
CO2
Zero:  Value:0.95  Date:18 Mar 2005	 at 07:22:33	
Span:  Value:1.00  Date:18 Mar 2005	 at 07:25:09	
H2O
Zero:  Value:0.71  Date:18 Mar 2005	 at 07:52:31	
Span:  Value:0.99  Date:18 Mar 2005	 at 11:44:01	
	Relative Time	Temperature	Pressure	Aux Input	CO2 Absorptance	CO2 mmol/m3	CO2 mg/m3	CO2 umol/mol	H2O Absorptance	H2O mmol/m3	H2O g/m3	H2O mmol/mol	H2O(°C)	Cooler Voltage
	0.11	30.26	67.68	0.00	0.0620	10.82	476.1	403.30	0.0445	308.1	5.546	11.48	3.30	1.60
	1.19	30.29	67.68	-0.00	0.0618	10.77	474.0	401.56	0.0450	311.3	5.603	11.60	3.44	1.60
	2.12	30.29	67.68	-0.00	0.0617	10.75	473.2	400.90	0.0451	313.0	5.633	11.67	3.52	1.60
	3.14	30.27	67.70	-0.00	0.0617	10.74	472.8	400.34	0.0459	318.4	5.732	11.87	3.77	1.60
	4.12	30.28	67.70	0.00	0.0614	10.69	470.4	398.37	0.0460	317.6	5.716	11.83	3.73	1.60
	5.12	30.24	67.68	0.00	0.0609	10.60	466.5	395.13	0.0498	355.4	6.396	13.24	5.33	1.60
	6.12	30.24	67.68	-0.00	0.0609	10.55	464.3	393.30	0.0515	376.8	6.783	14.05	6.18	1.61
	7.11	30.27	67.72	0.00	0.0611	10.60	466.3	394.77	0.0507	365.5	6.579	13.61	5.74	1.60
	8.11	30.22	67.68	0.00	0.0610	10.58	465.4	394.14	0.0504	363.9	6.550	13.56	5.67	1.60
	9.11	30.22	67.68	0.00	0.0611	10.61	466.8	395.39	0.0501	358.6	6.455	13.37	5.46	1.60
	10.11	30.20	67.72	0.00	0.0612	10.63	467.7	395.83	0.0496	354.8	6.386	13.21	5.31	1.60
	11.12	30.20	67.70	-0.00	0.0613	10.62	467.2	395.56	0.0486	351.6	6.329	13.10	5.18	1.60
	12.12	30.22	67.68	0.00	0.0611	10.60	466.4	395.07	0.0497	357.7	6.438	13.33	5.43	1.61
	13.12	30.27	67.70	-0.00	0.0610	10.59	466.1	394.74	0.0494	352.6	6.347	13.14	5.22	1.60
	14.12	30.20	67.68	0.00	0.0611	10.61	467.0	395.58	0.0493	351.9	6.334	13.11	5.19	1.60
	15.12	30.18	67.68	0.00	0.0610	10.59	465.9	394.62	0.0495	353.4	6.361	13.17	5.25	1.60
	16.11	30.21	67.68	-0.00	0.0610	10.59	465.8	394.56	0.0496	353.3	6.360	13.17	5.25	1.60
	17.11	30.18	67.72	-0.00	0.0611	10.58	465.5	394.00	0.0493	353.1	6.356	13.15	5.24	1.60
	18.13	30.20	67.68	-0.00	0.0611	10.64	468.3	396.64	0.0489	345.5	6.219	12.88	4.93	1.60
	19.13	30.16	67.70	0.00	0.0612	10.65	468.5	396.65	0.0487	344.6	6.202	12.84	4.89	1.60
	20.12	30.15	67.68	-0.00	0.0611	10.62	467.3	395.68	0.0485	343.6	6.186	12.80	4.85	1.60
	21.14	30.14	67.68	-0.00	0.0613	10.66	469.0	397.15	0.0489	347.6	6.257	12.95	5.01	1.60
	22.18	30.15	67.70	0.00	0.0611	10.62	467.2	395.50	0.0482	342.4	6.163	12.75	4.79	1.60
	23.12	30.06	67.68	0.00	0.0613	10.66	469.1	397.14	0.0485	344.7	6.205	12.84	4.89	1.60
	24.12	30.05	67.65	0.00	0.0614	10.67	469.5	397.56	0.0486	344.7	6.204	12.84	4.88	1.60
	25.13	30.07	67.65	-0.00	0.0613	10.66	468.9	397.08	0.0486	344.4	6.199	12.83	4.87	1.60
	26.11	30.08	67.70	0.00	0.0614	10.65	468.4	396.41	0.0491	345.5	6.218	12.86	4.92	1.60
	27.10	30.10	67.68	0.00	0.0615	10.69	470.2	398.14	0.0497	354.9	6.389	13.22	5.31	1.60
	28.11	30.08	67.75	0.00	0.0615	10.69	470.3	397.76	0.0497	355.9	6.406	13.24	5.35	1.60
	29.09	30.13	67.70	0.00	0.0615	10.69	470.4	398.15	0.0491	352.3	6.342	13.12	5.20	1.60
	30.11	30.13	67.70	0.00	0.0616	10.70	471.0	398.70	0.0491	350.0	6.300	13.04	5.11	1.61
	31.11	30.14	67.70	0.00	0.0615	10.70	470.9	398.65	0.0491	349.7	6.295	13.02	5.10	1.60
	32.14	30.20	67.70	-0.00	0.0615	10.70	470.6	398.45	0.0492	350.8	6.314	13.07	5.14	1.60
	33.12	30.20	67.68	0.00	0.0615	10.71	471.1	399.03	0.0493	351.0	6.317	13.08	5.15	1.60
	34.12	30.24	67.70	0.00	0.0615	10.70	470.6	398.53	0.0492	350.6	6.311	13.06	5.14	1.60
	35.13	30.30	67.70	-0.00	0.0615	10.71	471.4	399.24	0.0492	351.8	6.333	13.11	5.19	1.60
	36.11	30.28	67.68	0.00	0.0615	10.70	470.7	398.77	0.0485	345.8	6.225	12.89	4.94	1.60
	37.11	30.31	67.70	0.00	0.0614	10.67	469.6	397.72	0.0483	340.1	6.122	12.67	4.71	1.60
	38.13	30.32	67.68	-0.00	0.0615	10.71	471.3	399.34	0.0488	347.1	6.249	12.94	5.00	1.60
	39.11	30.31	67.65	0.00	0.0615	10.67	469.3	397.78	0.0486	339.6	6.113	12.67	4.69	1.60
	40.12	30.33	67.70	0.00	0.0614	10.69	470.2	398.22	0.0485	343.7	6.186	12.81	4.86	1.60
	41.12	30.34	67.70	-0.00	0.0615	10.70	470.6	398.63	0.0487	346.8	6.242	12.92	4.99	1.61
	42.14	30.34	67.68	0.00	0.0615	10.71	471.1	399.17	0.0487	348.3	6.269	12.98	5.05	1.60
	43.12	30.30	67.70	-0.00	0.0615	10.70	470.9	398.83	0.0489	347.7	6.259	12.96	5.02	1.60
	44.10	30.24	67.70	0.00	0.0615	10.69	470.3	398.21	0.0489	346.9	6.244	12.93	4.99	1.60
	45.18	30.22	67.70	0.00	0.0615	10.69	470.2	398.11	0.0490	347.0	6.247	12.93	4.99	1.60
	46.11	30.18	67.70	0.00	0.0615	10.70	470.9	398.71	0.0492	351.5	6.328	13.10	5.17	1.61
	47.21	30.14	67.68	-0.00	0.0614	10.68	470.0	397.99	0.0493	351.1	6.320	13.08	5.15	1.60
	48.11	30.18	67.70	0.00	0.0614	10.62	467.3	395.63	0.0495	348.7	6.277	12.99	5.06	1.60
	49.11	30.18	67.70	0.00	0.0614	10.68	470.1	397.97	0.0498	355.4	6.398	13.24	5.33	1.60
	50.12	30.18	67.70	-0.00	0.0614	10.69	470.4	398.23	0.0500	357.8	6.441	13.33	5.43	1.60
	51.11	30.21	67.70	0.00	0.0614	10.66	469.0	397.06	0.0495	351.6	6.329	13.10	5.18	1.61
	52.12	30.20	67.70	-0.00	0.0614	10.67	469.5	397.46	0.0496	355.1	6.392	13.23	5.32	1.61
	53.12	30.26	67.70	-0.00	0.0613	10.67	469.5	397.55	0.0493	352.0	6.336	13.12	5.20	1.60
	54.12	30.30	67.70	-0.00	0.0613	10.67	469.3	397.43	0.0490	349.6	6.293	13.03	5.10	1.60
	55.12	30.33	67.70	-0.00	0.0613	10.66	469.1	397.37	0.0491	351.0	6.318	13.08	5.16	1.60
	56.21	30.34	67.72	-0.00	0.0614	10.67	469.3	397.41	0.0494	351.8	6.332	13.11	5.19	1.61
	57.13	30.32	67.70	-0.00	0.0615	10.68	470.0	398.08	0.0494	351.8	6.333	13.11	5.19	1.60
	58.13	30.30	67.70	0.00	0.0614	10.67	469.4	397.51	0.0494	351.3	6.323	13.09	5.17	1.60
	59.19	30.24	67.70	0.00	0.0613	10.69	470.3	398.20	0.0497	359.5	6.471	13.39	5.50	1.61
	60.12	30.26	67.70	0.00	0.0614	10.68	469.8	397.78	0.0500	357.2	6.430	13.31	5.41	1.60
	61.12	30.27	67.72	0.00	0.0615	10.71	471.1	398.83	0.0500	358.8	6.459	13.37	5.47	1.60
	62.12	30.25	67.68	0.00	0.0613	10.68	469.9	398.08	0.0495	354.4	6.379	13.21	5.29	1.60
	63.12	30.26	67.70	0.00	0.0614	10.67	469.7	397.73	0.0495	354.3	6.378	13.20	5.29	1.61
	64.10	30.31	67.70	0.00	0.0615	10.69	470.3	398.29	0.0497	355.2	6.394	13.24	5.33	1.61
	65.11	30.27	67.70	0.00	0.0613	10.64	468.3	396.58	0.0494	351.7	6.331	13.10	5.18	1.61
	66.10	30.25	67.70	0.00	0.0614	10.67	469.6	397.66	0.0494	353.2	6.358	13.16	5.25	1.61
	67.13	30.21	67.70	-0.00	0.0614	10.67	469.5	397.54	0.0495	352.7	6.349	13.14	5.22	1.61
	68.11	30.21	67.70	-0.00	0.0614	10.68	469.8	397.76	0.0495	352.7	6.348	13.14	5.22	1.61
	69.12	30.21	67.73	-0.00	0.0614	10.68	469.9	397.70	0.0493	351.4	6.324	13.08	5.17	1.61
	70.12	30.18	67.68	-0.00	0.0612	10.67	469.4	397.52	0.0486	349.1	6.284	13.01	5.07	1.61
	71.14	30.21	67.72	-0.00	0.0613	10.65	468.4	396.46	0.0491	348.2	6.268	12.97	5.04	1.61
	72.20	30.21	67.70	-0.00	0.0614	10.68	470.0	397.98	0.0495	352.2	6.340	13.12	5.20	1.61
	73.10	30.19	67.70	0.00	0.0614	10.68	469.8	397.72	0.0494	353.3	6.360	13.16	5.25	1.61
	74.12	30.10	67.70	0.00	0.0614	10.66	469.1	397.08	0.0494	352.1	6.338	13.11	5.19	1.61
	75.11	30.06	67.68	-0.00	0.0614	10.67	469.6	397.54	0.0494	353.0	6.354	13.15	5.23	1.61
	76.13	30.02	67.70	-0.00	0.0612	10.62	467.2	395.34	0.0492	349.5	6.291	13.01	5.08	1.61
	77.11	30.03	67.70	0.00	0.0614	10.68	469.9	397.59	0.0498	357.2	6.430	13.30	5.40	1.61
	78.09	30.05	67.68	0.00	0.0613	10.63	467.9	396.10	0.0499	354.8	6.387	13.22	5.30	1.61
	79.12	30.06	67.68	0.00	0.0615	10.69	470.2	398.07	0.0502	359.6	6.473	13.40	5.50	1.61
	80.11	30.10	67.70	0.00	0.0613	10.66	469.0	396.99	0.0501	358.9	6.460	13.37	5.47	1.61
	81.14	30.10	67.70	-0.00	0.0613	10.69	470.2	398.00	0.0502	362.3	6.521	13.49	5.60	1.61
	82.10	30.12	67.68	0.00	0.0611	10.62	467.3	395.69	0.0493	354.9	6.389	13.22	5.31	1.61
	83.10	30.14	67.68	0.00	0.0612	10.61	467.0	395.50	0.0497	354.4	6.379	13.20	5.29	1.61
	84.12	30.15	67.70	-0.00	0.0613	10.68	469.8	397.68	0.0502	363.6	6.545	13.54	5.66	1.61
	85.10	30.18	67.70	0.00	0.0613	10.65	468.4	396.56	0.0501	359.7	6.475	13.40	5.51	1.61
	86.13	30.21	67.70	-0.00	0.0613	10.63	467.6	395.90	0.0502	356.7	6.421	13.29	5.39	1.61
	87.11	30.14	67.68	0.00	0.0613	10.65	468.7	396.86	0.0503	361.8	6.513	13.48	5.59	1.61
	88.12	30.17	67.70	0.00	0.0611	10.61	466.9	395.24	0.0491	352.6	6.347	13.13	5.22	1.61
	89.12	30.19	67.70	-0.00	0.0613	10.65	468.6	396.75	0.0505	364.2	6.555	13.57	5.68	1.61
	90.11	30.18	67.70	0.00	0.0611	10.61	466.7	395.16	0.0494	353.2	6.358	13.16	5.24	1.61
	91.12	30.24	67.70	0.00	0.0612	10.63	467.6	395.89	0.0499	355.4	6.397	13.24	5.33	1.61
	92.10	30.25	67.68	0.00	0.0613	10.64	468.4	396.74	0.0505	357.0	6.427	13.31	5.40	1.61
	93.12	30.26	67.70	0.00	0.0612	10.66	469.2	397.32	0.0501	363.9	6.550	13.56	5.67	1.61
	94.12	30.25	67.68	-0.00	0.0611	10.62	467.5	395.98	0.0488	348.7	6.277	13.00	5.06	1.61
	95.13	30.15	67.70	-0.00	0.0610	10.62	467.3	395.53	0.0490	354.9	6.387	13.22	5.31	1.61
	96.11	30.06	67.70	0.00	0.0613	10.63	467.8	395.90	0.0501	352.0	6.336	13.11	5.19	1.61
	97.13	30.06	67.70	-0.00	0.0613	10.64	468.3	396.31	0.0503	360.7	6.492	13.43	5.54	1.61
	98.11	30.06	67.70	0.00	0.0613	10.64	468.2	396.24	0.0504	361.3	6.503	13.45	5.56	1.61
	99.11	30.05	67.68	0.00	0.0614	10.67	469.4	397.33	0.0502	360.9	6.497	13.44	5.55	1.61
	100.12	30.07	67.70	0.00	0.0613	10.66	468.9	396.84	0.0499	358.1	6.446	13.34	5.44	1.61
	101.10	30.09	67.72	0.00	0.0614	10.65	468.7	396.54	0.0496	352.1	6.337	13.11	5.19	1.61
	102.10	30.13	67.68	0.00	0.0614	10.68	469.9	397.90	0.0502	359.6	6.472	13.40	5.50	1.61
	103.12	30.14	67.70	-0.00	0.0613	10.66	469.2	397.20	0.0499	358.0	6.444	13.33	5.43	1.61
	104.11	30.15	67.68	-0.00	0.0613	10.66	468.9	397.08	0.0501	359.3	6.467	13.39	5.49	1.61
	105.18	30.12	67.68	0.00	0.0612	10.63	467.7	396.01	0.0496	354.5	6.380	13.21	5.29	1.61
	106.10	30.14	67.68	0.00	0.0612	10.65	468.7	396.85	0.0497	356.9	6.423	13.30	5.39	1.61
	107.13	30.12	67.68	-0.00	0.0613	10.66	469.2	397.30	0.0497	359.5	6.471	13.39	5.49	1.61
	108.12	30.15	67.70	-0.00	0.0612	10.63	467.8	396.02	0.0496	354.8	6.386	13.21	5.30	1.61
	109.12	30.10	67.70	-0.00	0.0613	10.66	468.8	396.80	0.0505	362.0	6.516	13.48	5.59	1.61
	110.11	30.20	67.70	0.00	0.0614	10.67	469.3	397.34	0.0505	363.5	6.543	13.54	5.66	1.61
	111.14	30.22	67.72	-0.00	0.0613	10.65	468.8	396.76	0.0504	362.1	6.518	13.49	5.60	1.61
	112.12	30.16	67.70	-0.00	0.0612	10.64	468.0	396.22	0.0501	360.2	6.484	13.42	5.52	1.61
	113.12	30.10	67.67	0.00	0.0613	10.64	468.4	396.58	0.0505	362.3	6.522	13.50	5.61	1.61
	114.10	30.10	67.70	0.00	0.0612	10.64	468.0	396.12	0.0504	361.0	6.497	13.44	5.55	1.61
	115.11	30.08	67.70	0.00	0.0612	10.62	467.4	395.58	0.0503	361.0	6.497	13.44	5.55	1.61
	116.11	30.09	67.68	0.00	0.0613	10.63	467.7	395.99	0.0508	363.3	6.540	13.54	5.65	1.61
	117.11	30.10	67.72	0.00	0.0613	10.66	468.9	396.73	0.0512	368.9	6.641	13.73	5.87	1.61
	118.19	30.14	67.68	-0.00	0.0614	10.64	468.2	396.48	0.0511	366.6	6.598	13.66	5.78	1.61
	119.12	30.18	67.73	-0.00	0.0614	10.69	470.5	398.18	0.0513	373.2	6.717	13.90	6.04	1.61
