Jul 28 2015 at 11:57:38
Frequency: 1.00Hz.
CO2
Zero:  Value:0.95  Date:18 Mar 2005	 at 07:22:33	
Span:  Value:1.00  Date:18 Mar 2005	 at 07:25:09	
H2O
Zero:  Value:0.71  Date:18 Mar 2005	 at 07:52:31	
Span:  Value:0.99  Date:18 Mar 2005	 at 11:44:01	
	Relative Time	Temperature	Pressure	Aux Input	CO2 Absorptance	CO2 mmol/m3	CO2 mg/m3	CO2 umol/mol	H2O Absorptance	H2O mmol/m3	H2O g/m3	H2O mmol/mol	H2O(°C)	Cooler Voltage
	0.70	29.43	67.68	0.00	0.0617	10.74	472.4	399.10	0.0437	301.7	5.430	11.21	2.96	1.60
	1.70	29.44	67.65	0.00	0.0618	10.77	474.0	400.57	0.0436	296.8	5.343	11.04	2.73	1.59
	2.71	29.43	67.70	-0.00	0.0617	10.76	473.5	399.87	0.0434	295.9	5.327	11.00	2.69	1.60
	3.77	29.43	67.65	0.00	0.0616	10.75	473.2	399.87	0.0445	301.7	5.431	11.22	2.96	1.60
	4.71	29.41	67.68	-0.00	0.0616	10.72	471.7	398.44	0.0459	316.7	5.701	11.77	3.65	1.59
	5.71	29.39	67.68	-0.00	0.0616	10.72	471.6	398.39	0.0459	319.8	5.756	11.88	3.78	1.60
	6.69	29.36	67.70	0.00	0.0615	10.71	471.1	397.73	0.0466	330.4	5.947	12.27	4.25	1.60
	7.72	29.32	67.70	-0.00	0.0616	10.70	470.9	397.56	0.0456	316.0	5.687	11.74	3.61	1.59
	8.71	29.33	67.70	0.00	0.0615	10.69	470.2	396.93	0.0455	314.1	5.653	11.67	3.53	1.59
	9.80	29.32	67.68	-0.00	0.0614	10.69	470.2	397.06	0.0461	314.7	5.665	11.69	3.55	1.59
	10.72	29.34	67.68	0.00	0.0615	10.68	469.9	396.82	0.0464	322.0	5.796	11.97	3.88	1.59
	11.72	29.35	67.70	-0.00	0.0614	10.69	470.3	397.09	0.0463	321.6	5.790	11.95	3.87	1.59
	12.70	29.36	67.70	0.00	0.0611	10.64	468.1	395.24	0.0499	343.4	6.182	12.76	4.80	1.59
	13.70	29.34	67.68	0.00	0.0612	10.62	467.5	394.83	0.0487	346.7	6.240	12.88	4.93	1.59
	14.71	29.39	67.70	0.00	0.0611	10.62	467.2	394.49	0.0480	342.4	6.164	12.72	4.76	1.59
	15.69	29.41	67.68	0.00	0.0614	10.67	469.7	396.75	0.0466	325.7	5.862	12.10	4.04	1.59
	16.71	29.41	67.68	0.00	0.0612	10.61	466.9	394.41	0.0495	357.9	6.442	13.30	5.39	1.59
	17.71	29.41	67.70	-0.00	0.0611	10.60	466.6	393.97	0.0495	357.4	6.434	13.28	5.38	1.59
	18.72	29.37	67.65	-0.00	0.0610	10.60	466.5	394.18	0.0504	354.9	6.388	13.19	5.27	1.59
	19.70	29.37	67.70	-0.00	0.0611	10.64	468.1	395.20	0.0497	349.9	6.298	13.00	5.07	1.59
	20.70	29.35	67.68	0.00	0.0609	10.60	466.5	393.99	0.0517	354.0	6.372	13.16	5.24	1.59
	21.76	29.37	67.68	0.00	0.0612	10.61	466.9	394.33	0.0490	354.3	6.378	13.17	5.25	1.59
	22.70	29.39	67.68	0.00	0.0610	10.64	468.2	395.47	0.0502	355.2	6.394	13.20	5.29	1.59
	23.71	29.46	67.68	-0.00	0.0608	10.55	464.4	392.32	0.0523	378.9	6.820	14.09	6.22	1.59
	24.71	29.48	67.68	-0.00	0.0614	10.56	464.8	392.75	0.0488	369.9	6.658	13.75	5.87	1.59
	25.71	29.48	67.65	0.00	0.0611	10.61	466.9	394.63	0.0506	360.7	6.492	13.41	5.51	1.59
	26.71	29.40	67.68	-0.00	0.0610	10.59	465.9	393.55	0.0516	377.3	6.791	14.02	6.16	1.59
	27.71	29.41	67.68	0.00	0.0607	10.52	462.9	390.98	0.0533	390.7	7.032	14.52	6.66	1.59
	28.69	29.43	67.68	0.00	0.0607	10.52	462.8	390.99	0.0535	393.2	7.078	14.62	6.76	1.59
	29.72	29.46	67.68	-0.00	0.0606	10.54	463.6	391.69	0.0520	381.8	6.872	14.19	6.33	1.59
	30.70	29.53	67.70	0.00	0.0608	10.52	463.0	391.14	0.0514	372.7	6.709	13.85	5.99	1.59
	31.70	29.54	67.68	-0.00	0.0611	10.55	464.0	392.16	0.0497	377.1	6.787	14.02	6.15	1.59
	32.71	29.54	67.70	0.00	0.0609	10.59	466.1	393.76	0.0520	372.2	6.700	13.84	5.97	1.59
	33.71	29.48	67.70	0.00	0.0611	10.63	467.9	395.19	0.0503	356.1	6.410	13.24	5.33	1.59
	34.71	29.43	67.68	0.00	0.0609	10.59	466.1	393.71	0.0522	372.6	6.706	13.85	5.98	1.59
	35.71	29.45	67.68	-0.00	0.0615	10.70	470.6	397.59	0.0471	337.3	6.072	12.54	4.55	1.59
	36.71	29.41	67.70	0.00	0.0614	10.65	468.7	395.79	0.0489	354.7	6.384	13.18	5.26	1.59
	37.71	29.45	67.68	-0.00	0.0613	10.66	468.9	396.17	0.0499	351.3	6.323	13.06	5.13	1.59
	38.70	29.42	67.65	0.00	0.0606	10.56	464.7	392.72	0.0544	392.0	7.057	14.58	6.71	1.59
	39.70	29.48	67.65	0.00	0.0608	10.46	460.3	389.09	0.0541	418.3	7.529	15.56	7.66	1.59
	40.70	29.41	67.68	0.00	0.0607	10.55	464.4	392.27	0.0540	388.6	6.995	14.44	6.59	1.59
	41.70	29.43	67.68	0.00	0.0603	10.42	458.5	387.34	0.0571	430.3	7.745	15.99	8.08	1.59
	42.70	29.35	67.68	0.00	0.0602	10.43	459.0	387.66	0.0567	424.6	7.643	15.78	7.88	1.59
	43.70	29.33	67.65	0.00	0.0603	10.43	458.9	387.74	0.0571	427.1	7.687	15.88	7.96	1.59
	44.71	29.31	67.68	0.00	0.0605	10.49	461.4	389.60	0.0549	401.8	7.232	14.93	7.07	1.59
	45.71	29.29	67.68	-0.00	0.0605	10.46	460.2	388.60	0.0543	405.6	7.301	15.07	7.20	1.59
	46.71	29.27	67.68	-0.00	0.0602	10.43	458.7	387.31	0.0576	427.6	7.697	15.89	7.98	1.59
	47.72	29.32	67.68	-0.00	0.0602	10.42	458.3	387.00	0.0574	434.8	7.826	16.15	8.22	1.59
	48.70	29.32	67.70	-0.00	0.0603	10.42	458.6	387.11	0.0577	436.1	7.850	16.20	8.27	1.59
	49.72	29.34	67.68	-0.00	0.0603	10.42	458.3	387.06	0.0573	431.2	7.761	16.02	8.10	1.59
	50.72	29.32	67.68	-0.00	0.0602	10.41	458.2	386.93	0.0561	422.6	7.607	15.70	7.81	1.59
	51.70	29.33	67.68	0.00	0.0601	10.41	457.9	386.70	0.0571	428.5	7.712	15.92	8.01	1.59
	52.71	29.35	67.67	-0.00	0.0601	10.38	456.7	385.71	0.0573	434.0	7.812	16.13	8.20	1.59
	53.77	29.35	67.65	0.00	0.0601	10.39	457.3	386.39	0.0573	433.6	7.805	16.12	8.19	1.59
	54.69	29.35	67.65	0.00	0.0609	10.46	460.3	388.90	0.0524	410.9	7.396	15.28	7.40	1.59
	55.71	29.35	67.65	-0.00	0.0601	10.39	457.1	386.23	0.0567	430.7	7.753	16.01	8.09	1.59
	56.72	29.35	67.68	-0.00	0.0610	10.54	463.8	391.69	0.0521	392.7	7.068	14.59	6.73	1.59
	57.70	29.34	67.68	0.00	0.0605	10.50	462.1	390.26	0.0554	400.9	7.217	14.90	7.04	1.59
	58.72	29.34	67.65	-0.00	0.0602	10.42	458.6	387.44	0.0568	426.1	7.669	15.84	7.93	1.59
	59.70	29.37	67.68	0.00	0.0609	10.45	459.8	388.33	0.0522	417.6	7.516	15.52	7.63	1.59
	60.72	29.36	67.67	-0.00	0.0607	10.54	463.8	391.76	0.0526	382.2	6.879	14.20	6.34	1.59
	61.71	29.35	67.65	-0.00	0.0608	10.59	465.8	393.54	0.0528	372.1	6.697	13.83	5.95	1.59
	62.71	29.37	67.67	-0.00	0.0603	10.45	459.7	388.32	0.0567	421.8	7.593	15.68	7.78	1.59
	63.71	29.36	67.65	-0.00	0.0603	10.42	458.5	387.39	0.0565	426.7	7.680	15.86	7.95	1.59
	64.69	29.39	67.65	0.00	0.0607	10.52	462.9	391.17	0.0533	394.5	7.102	14.67	6.81	1.59
	65.69	29.41	67.68	0.00	0.0604	10.48	461.3	389.72	0.0560	408.0	7.344	15.17	7.30	1.59
	66.69	29.45	67.70	0.00	0.0606	10.50	462.2	390.36	0.0543	407.1	7.328	15.13	7.27	1.59
	67.69	29.48	67.65	0.00	0.0604	10.43	459.0	387.97	0.0565	431.8	7.773	16.06	8.13	1.59
	68.70	29.53	67.70	0.00	0.0600	10.38	456.6	385.70	0.0582	442.0	7.955	16.43	8.48	1.59
	69.78	29.55	67.68	0.00	0.0600	10.37	456.1	385.47	0.0586	450.5	8.109	16.75	8.76	1.59
	70.72	29.50	67.68	-0.00	0.0602	10.44	459.3	388.08	0.0571	427.6	7.697	15.90	7.99	1.59
	71.70	29.50	67.68	0.00	0.0597	10.32	454.3	383.86	0.0600	464.7	8.364	17.28	9.22	1.59
	72.71	29.50	67.68	-0.00	0.0597	10.31	453.4	383.18	0.0600	464.5	8.362	17.27	9.21	1.59
	73.71	29.48	67.68	-0.00	0.0596	10.28	452.3	382.15	0.0616	479.4	8.629	17.82	9.68	1.59
	74.71	29.48	67.68	-0.00	0.0596	10.29	452.8	382.57	0.0610	473.6	8.525	17.61	9.50	1.59
	75.69	29.48	67.68	0.00	0.0596	10.27	452.1	381.99	0.0629	493.1	8.876	18.33	10.10	1.59
	76.69	29.46	67.68	0.00	0.0606	10.52	462.7	390.90	0.0540	401.7	7.231	14.93	7.07	1.59
	77.70	29.48	67.68	-0.00	0.0604	10.48	461.2	389.69	0.0566	410.9	7.397	15.28	7.40	1.59
	78.80	29.46	67.68	-0.00	0.0608	10.47	460.8	389.29	0.0535	417.6	7.516	15.52	7.64	1.59
	79.70	29.46	67.68	0.00	0.0606	10.51	462.4	390.71	0.0547	404.4	7.279	15.03	7.17	1.59
	80.72	29.46	67.68	0.00	0.0604	10.49	461.6	390.02	0.0563	405.7	7.302	15.08	7.22	1.59
	81.70	29.53	67.68	0.00	0.0598	10.36	455.9	385.33	0.0602	446.8	8.042	16.61	8.64	1.59
	82.71	29.48	67.68	0.00	0.0604	10.49	461.6	390.07	0.0569	414.2	7.455	15.40	7.52	1.59
	83.71	29.50	67.68	0.00	0.0605	10.48	461.2	389.74	0.0564	411.7	7.411	15.31	7.43	1.59
	84.71	29.50	67.68	-0.00	0.0601	10.46	460.2	388.90	0.0577	418.8	7.539	15.57	7.68	1.59
	85.71	29.56	67.68	-0.00	0.0603	10.43	458.7	387.69	0.0564	429.5	7.730	15.97	8.05	1.59
	86.69	29.58	67.68	0.00	0.0599	10.36	455.6	385.11	0.0581	441.7	7.950	16.43	8.47	1.59
	87.70	29.64	67.66	-0.00	0.0600	10.36	456.0	385.65	0.0589	447.1	8.047	16.63	8.65	1.59
	88.70	29.60	67.68	-0.00	0.0598	10.35	455.2	384.77	0.0586	449.5	8.090	16.72	8.73	1.59
	89.72	29.58	67.68	-0.00	0.0602	10.45	459.7	388.52	0.0572	428.3	7.710	15.93	8.02	1.59
	90.70	29.58	67.68	0.00	0.0600	10.35	455.6	385.09	0.0587	450.5	8.108	16.75	8.76	1.59
	91.71	29.60	67.68	0.00	0.0602	10.39	457.2	386.46	0.0577	439.4	7.909	16.34	8.39	1.59
	92.77	29.64	67.65	0.00	0.0600	10.39	457.0	386.50	0.0580	435.4	7.836	16.20	8.26	1.59
	93.69	29.61	67.68	0.00	0.0598	10.39	457.3	386.59	0.0599	439.4	7.909	16.34	8.39	1.59
	94.71	29.68	67.68	-0.00	0.0598	10.35	455.5	385.14	0.0606	460.2	8.283	17.12	9.08	1.59
	95.69	29.64	67.68	0.00	0.0596	10.27	451.9	382.03	0.0621	484.2	8.716	18.01	9.84	1.59
	96.70	29.63	67.68	0.00	0.0596	10.31	453.6	383.51	0.0623	487.3	8.772	18.13	9.93	1.59
	97.70	29.64	67.68	-0.00	0.0595	10.28	452.5	382.51	0.0628	491.4	8.846	18.28	10.06	1.59
	98.72	29.64	67.72	0.00	0.0595	10.22	449.7	379.94	0.0627	496.9	8.944	18.47	10.22	1.59
	99.69	29.64	67.68	0.00	0.0594	10.21	449.2	379.72	0.0628	496.6	8.939	18.47	10.21	1.59
	100.70	29.63	67.68	0.00	0.0593	10.21	449.3	379.80	0.0637	502.9	9.053	18.71	10.40	1.59
	101.70	29.62	67.70	-0.00	0.0594	10.21	449.0	379.47	0.0636	503.8	9.068	18.73	10.43	1.59
	102.71	29.62	67.68	-0.00	0.0593	10.20	449.0	379.54	0.0635	502.0	9.036	18.67	10.37	1.59
	103.69	29.62	67.65	0.00	0.0592	10.19	448.5	379.28	0.0635	502.8	9.050	18.71	10.40	1.59
	104.69	29.60	67.68	0.00	0.0594	10.23	449.9	380.31	0.0637	503.3	9.059	18.72	10.41	1.59
	105.77	29.60	67.68	0.00	0.0593	10.22	449.8	380.22	0.0633	503.7	9.067	18.74	10.42	1.59
	106.70	29.58	67.65	-0.00	0.0593	10.22	449.6	380.21	0.0636	507.4	9.133	18.88	10.53	1.59
	107.72	29.58	67.68	0.00	0.0594	10.24	450.7	380.98	0.0625	490.5	8.830	18.24	10.03	1.59
	108.72	29.60	67.68	-0.00	0.0594	10.23	450.1	380.43	0.0631	498.0	8.964	18.52	10.25	1.59
	109.72	29.62	67.65	-0.00	0.0594	10.23	449.9	380.47	0.0631	495.8	8.924	18.45	10.19	1.59
	110.71	29.58	67.70	-0.00	0.0593	10.21	449.1	379.43	0.0632	497.6	8.957	18.50	10.24	1.59
	111.70	29.57	67.70	0.00	0.0593	10.21	449.4	379.70	0.0638	505.2	9.093	18.78	10.47	1.59
	112.79	29.56	67.68	-0.00	0.0594	10.20	449.0	379.50	0.0641	505.7	9.102	18.80	10.48	1.59
	113.69	29.56	67.68	0.00	0.0592	10.19	448.3	378.90	0.0643	516.8	9.303	19.22	10.81	1.59
	114.71	29.56	67.68	0.00	0.0592	10.17	447.7	378.37	0.0640	511.3	9.204	19.01	10.65	1.59
	115.71	29.58	67.68	0.00	0.0593	10.20	448.9	379.43	0.0639	504.6	9.083	18.77	10.45	1.59
	116.72	29.56	67.70	-0.00	0.0592	10.18	448.0	378.50	0.0645	515.8	9.284	19.17	10.78	1.59
	117.77	29.56	67.70	0.00	0.0592	10.18	448.0	378.50	0.0642	514.2	9.256	19.12	10.73	1.59
	118.69	29.56	67.68	0.00	0.0591	10.17	447.6	378.32	0.0635	504.4	9.079	18.76	10.44	1.59
	119.70	29.61	67.72	0.00	0.0591	10.16	447.1	377.64	0.0643	507.5	9.135	18.86	10.54	1.59
