Jul 28 2015 at 12:23:14
Frequency: 1.00Hz.
CO2
Zero:  Value:0.95  Date:18 Mar 2005	 at 07:22:33	
Span:  Value:1.00  Date:18 Mar 2005	 at 07:25:09	
H2O
Zero:  Value:0.71  Date:18 Mar 2005	 at 07:52:31	
Span:  Value:0.99  Date:18 Mar 2005	 at 11:44:01	
	Relative Time	Temperature	Pressure	Aux Input	CO2 Absorptance	CO2 mmol/m3	CO2 mg/m3	CO2 umol/mol	H2O Absorptance	H2O mmol/m3	H2O g/m3	H2O mmol/mol	H2O(°C)	Cooler Voltage
	0.31	29.79	67.68	0.00	0.0625	10.94	481.5	407.25	0.0370	226.3	4.074	8.42	-1.01	1.58
	1.31	29.79	67.68	-0.00	0.0625	10.92	480.4	406.35	0.0367	231.5	4.167	8.62	-0.70	1.58
	2.39	29.81	67.70	0.00	0.0622	10.90	479.6	405.58	0.0389	246.0	4.429	9.15	0.14	1.58
	3.29	29.81	67.68	0.00	0.0621	10.85	477.5	403.88	0.0409	272.9	4.912	10.16	1.57	1.58
	4.32	29.81	67.68	-0.00	0.0621	10.83	476.5	403.06	0.0415	278.2	5.008	10.35	1.84	1.58
	5.30	29.81	67.68	0.00	0.0621	10.82	476.3	402.86	0.0405	268.5	4.832	9.99	1.34	1.58
	6.32	29.79	67.68	0.00	0.0622	10.86	477.8	404.14	0.0400	265.2	4.774	9.87	1.17	1.58
	7.32	29.79	67.68	0.00	0.0620	10.83	476.7	403.19	0.0422	280.6	5.052	10.44	1.96	1.58
	8.31	29.77	67.70	0.00	0.0619	10.80	475.3	401.88	0.0436	290.3	5.226	10.80	2.44	1.58
	9.31	29.79	67.73	0.00	0.0618	10.77	474.0	400.62	0.0440	300.8	5.415	11.19	2.94	1.58
	10.33	29.73	67.70	-0.00	0.0619	10.78	474.2	400.83	0.0433	295.0	5.309	10.97	2.66	1.58
	11.33	29.72	67.70	-0.00	0.0618	10.81	475.5	401.96	0.0424	287.4	5.173	10.69	2.29	1.58
	12.29	29.73	67.68	0.00	0.0618	10.77	474.0	400.81	0.0421	285.8	5.145	10.64	2.22	1.58
	13.32	29.71	67.65	-0.00	0.0619	10.79	474.8	401.66	0.0410	275.4	4.957	10.25	1.70	1.58
	14.31	29.72	67.68	0.00	0.0619	10.80	475.2	401.81	0.0413	276.4	4.976	10.29	1.75	1.58
	15.32	29.72	67.68	-0.00	0.0619	10.80	475.3	401.91	0.0413	277.0	4.986	10.31	1.78	1.58
	16.30	29.75	67.70	-0.00	0.0619	10.78	474.1	400.83	0.0412	277.5	4.994	10.32	1.80	1.58
	17.32	29.77	67.68	0.00	0.0620	10.81	475.6	402.28	0.0418	282.5	5.085	10.51	2.05	1.58
	18.30	29.84	67.68	0.00	0.0620	10.79	474.6	401.49	0.0421	281.7	5.071	10.49	2.02	1.58
	19.30	29.83	67.65	0.00	0.0620	10.81	475.7	402.60	0.0438	295.1	5.312	10.99	2.67	1.58
	20.33	29.83	67.68	-0.00	0.0620	10.82	476.1	402.78	0.0465	321.6	5.789	11.97	3.89	1.58
	21.33	29.86	67.68	-0.00	0.0619	10.79	475.0	401.83	0.0479	335.6	6.040	12.49	4.49	1.58
	22.32	29.85	67.70	-0.00	0.0619	10.79	474.7	401.45	0.0457	318.2	5.728	11.84	3.74	1.58
	23.32	29.85	67.70	0.00	0.0619	10.79	474.6	401.38	0.0472	329.5	5.931	12.26	4.23	1.58
	24.30	29.83	67.65	0.00	0.0618	10.77	474.0	401.08	0.0502	359.3	6.467	13.38	5.47	1.58
	25.30	29.83	67.70	0.00	0.0618	10.76	473.5	400.44	0.0482	345.8	6.224	12.87	4.92	1.58
	26.32	29.81	67.70	0.00	0.0618	10.77	473.8	400.63	0.0468	331.7	5.971	12.34	4.33	1.58
	27.32	29.77	67.68	-0.00	0.0616	10.74	472.7	399.81	0.0449	312.5	5.625	11.63	3.48	1.58
	28.30	29.77	67.68	0.00	0.0616	10.73	472.0	399.25	0.0443	304.5	5.482	11.33	3.11	1.58
	29.31	29.79	67.70	0.00	0.0615	10.70	470.8	398.11	0.0457	318.2	5.727	11.84	3.73	1.58
	30.31	29.77	67.68	-0.00	0.0617	10.74	472.6	399.73	0.0461	321.0	5.778	11.95	3.86	1.58
	31.32	29.79	67.70	-0.00	0.0616	10.71	471.3	398.52	0.0464	321.2	5.782	11.95	3.87	1.58
	32.31	29.77	67.68	-0.00	0.0617	10.74	472.6	399.74	0.0458	319.8	5.756	11.90	3.80	1.58
	33.32	29.81	67.68	-0.00	0.0616	10.73	472.2	399.41	0.0458	318.1	5.726	11.84	3.73	1.58
	34.30	29.81	67.65	0.00	0.0616	10.71	471.1	398.62	0.0460	319.1	5.744	11.88	3.78	1.58
	35.30	29.86	67.68	-0.00	0.0616	10.74	472.4	399.69	0.0462	321.5	5.787	11.97	3.88	1.58
	36.32	29.86	67.68	-0.00	0.0616	10.72	471.7	399.07	0.0458	318.0	5.725	11.84	3.73	1.58
	37.38	29.81	67.68	0.00	0.0614	10.66	469.1	396.84	0.0461	320.2	5.763	11.92	3.82	1.58
	38.31	29.82	67.68	0.00	0.0614	10.70	470.6	398.07	0.0474	331.1	5.960	12.32	4.30	1.58
	39.31	29.82	67.67	-0.00	0.0614	10.68	470.0	397.56	0.0486	342.1	6.157	12.73	4.76	1.58
	40.31	29.77	67.68	0.00	0.0614	10.70	470.6	398.02	0.0495	355.1	6.392	13.21	5.30	1.58
	41.31	29.73	67.68	0.00	0.0613	10.67	469.6	397.09	0.0491	352.5	6.344	13.12	5.19	1.58
	42.31	29.71	67.65	-0.00	0.0615	10.70	470.9	398.34	0.0504	363.9	6.551	13.55	5.65	1.58
	43.31	29.73	67.68	0.00	0.0615	10.69	470.4	397.81	0.0494	352.7	6.349	13.13	5.20	1.58
	44.29	29.75	67.68	0.00	0.0615	10.68	470.0	397.47	0.0491	347.1	6.249	12.92	4.97	1.58
	45.30	29.77	67.68	0.00	0.0614	10.69	470.2	397.66	0.0482	341.5	6.147	12.71	4.74	1.58
	46.30	29.79	67.68	0.00	0.0614	10.69	470.3	397.77	0.0480	339.3	6.108	12.63	4.65	1.58
	47.31	29.77	67.68	-0.00	0.0614	10.69	470.2	397.69	0.0487	346.5	6.237	12.89	4.95	1.58
	48.33	29.74	67.70	-0.00	0.0613	10.67	469.4	396.85	0.0490	349.8	6.297	13.01	5.08	1.58
	49.33	29.66	67.68	-0.00	0.0614	10.68	469.9	397.24	0.0488	347.0	6.247	12.91	4.96	1.58
	50.33	29.66	67.68	0.00	0.0613	10.68	469.8	397.24	0.0505	351.4	6.325	13.07	5.14	1.58
	51.31	29.63	67.68	0.00	0.0613	10.66	469.2	396.62	0.0500	360.4	6.488	13.41	5.51	1.58
	52.32	29.66	67.68	-0.00	0.0612	10.64	468.0	395.67	0.0501	358.3	6.450	13.33	5.42	1.58
	53.32	29.68	67.68	-0.00	0.0612	10.61	467.0	394.86	0.0502	361.9	6.513	13.46	5.57	1.58
	54.30	29.68	67.65	0.00	0.0612	10.64	468.0	395.85	0.0499	355.6	6.401	13.23	5.32	1.58
	55.40	29.66	67.68	-0.00	0.0611	10.64	468.1	395.73	0.0511	364.4	6.560	13.56	5.67	1.58
	56.30	29.66	67.70	0.00	0.0609	10.59	465.8	393.67	0.0514	374.9	6.748	13.94	6.08	1.58
	57.31	29.68	67.68	0.00	0.0611	10.60	466.4	394.33	0.0500	360.2	6.484	13.40	5.50	1.58
	58.30	29.66	67.68	0.00	0.0609	10.56	464.8	393.00	0.0519	378.9	6.821	14.10	6.23	1.58
	59.33	29.57	67.66	-0.00	0.0608	10.54	463.6	391.92	0.0530	381.6	6.868	14.20	6.33	1.58
	60.31	29.64	67.68	0.00	0.0610	10.58	465.4	393.44	0.0524	384.1	6.913	14.29	6.43	1.58
	61.32	29.70	67.70	-0.00	0.0608	10.55	464.1	392.30	0.0515	370.3	6.666	13.77	5.90	1.58
	62.31	29.70	67.68	-0.00	0.0607	10.52	462.8	391.31	0.0545	405.9	7.306	15.10	7.23	1.58
	63.29	29.70	67.68	0.00	0.0609	10.55	464.0	392.35	0.0547	402.5	7.245	14.98	7.11	1.58
	64.38	29.73	67.68	-0.00	0.0610	10.58	465.7	393.84	0.0550	407.4	7.333	15.16	7.29	1.58
	65.30	29.73	67.70	0.00	0.0609	10.55	464.3	392.49	0.0550	409.6	7.372	15.23	7.37	1.58
	66.32	29.73	67.68	0.00	0.0609	10.55	464.3	392.63	0.0552	411.0	7.398	15.29	7.42	1.58
	67.31	29.75	67.68	-0.00	0.0610	10.58	465.5	393.70	0.0550	411.4	7.405	15.31	7.43	1.58
	68.31	29.77	67.70	0.00	0.0610	10.58	465.5	393.59	0.0552	411.0	7.398	15.29	7.42	1.58
	69.31	29.84	67.70	0.00	0.0610	10.58	465.4	393.59	0.0551	409.5	7.372	15.24	7.37	1.58
	70.31	29.82	67.68	0.00	0.0609	10.58	465.4	393.69	0.0545	405.2	7.294	15.08	7.22	1.58
	71.31	29.81	67.68	0.00	0.0610	10.57	464.9	393.22	0.0544	402.6	7.247	14.98	7.12	1.58
	72.29	29.88	67.68	0.00	0.0608	10.55	464.1	392.65	0.0557	413.0	7.434	15.37	7.50	1.58
	73.32	29.85	67.70	-0.00	0.0607	10.54	463.7	392.17	0.0570	425.6	7.661	15.84	7.94	1.58
	74.30	29.85	67.68	-0.00	0.0603	10.45	459.6	388.85	0.0595	463.7	8.347	17.26	9.20	1.58
	75.32	29.89	67.68	0.00	0.0605	10.49	461.8	390.67	0.0572	435.3	7.835	16.20	8.27	1.58
	76.38	29.90	67.68	0.00	0.0607	10.52	462.8	391.59	0.0570	425.5	7.659	15.84	7.93	1.58
	77.31	29.89	67.68	0.00	0.0605	10.49	461.4	390.35	0.0587	445.5	8.020	16.59	8.61	1.58
	78.31	29.89	67.68	-0.00	0.0605	10.47	460.9	389.94	0.0584	444.4	7.999	16.54	8.57	1.58
	79.33	29.89	67.70	-0.00	0.0604	10.47	460.6	389.56	0.0567	427.6	7.697	15.91	8.01	1.58
	80.31	29.89	67.68	0.00	0.0606	10.49	461.8	390.71	0.0560	418.3	7.530	15.57	7.68	1.58
	81.29	29.89	67.65	0.00	0.0605	10.48	461.1	390.27	0.0559	417.7	7.518	15.55	7.66	1.58
	82.31	29.89	67.65	0.00	0.0605	10.47	460.5	389.81	0.0559	419.3	7.548	15.62	7.72	1.58
	83.29	29.89	67.70	0.00	0.0604	10.47	460.6	389.56	0.0564	429.3	7.727	15.98	8.06	1.58
	84.30	29.91	67.68	0.00	0.0606	10.48	461.3	390.29	0.0561	421.6	7.589	15.70	7.80	1.58
	85.30	29.89	67.70	0.00	0.0607	10.51	462.4	391.08	0.0563	422.2	7.599	15.71	7.82	1.58
	86.32	29.93	67.68	0.00	0.0605	10.48	461.2	390.28	0.0569	427.6	7.697	15.92	8.01	1.58
	87.38	29.91	67.68	-0.00	0.0605	10.48	461.1	390.10	0.0578	435.6	7.841	16.22	8.28	1.58
	88.30	29.93	67.68	0.00	0.0605	10.48	461.0	390.06	0.0578	442.2	7.960	16.47	8.50	1.58
	89.33	29.95	67.68	-0.00	0.0604	10.47	460.6	389.78	0.0574	436.3	7.854	16.25	8.31	1.58
	90.33	29.92	67.68	-0.00	0.0605	10.46	460.2	389.44	0.0572	433.3	7.799	16.13	8.20	1.58
	91.31	29.97	67.68	0.00	0.0605	10.48	460.9	390.11	0.0571	429.7	7.735	16.00	8.08	1.58
	92.31	29.95	67.68	-0.00	0.0605	10.45	459.9	389.21	0.0578	435.2	7.834	16.21	8.27	1.58
	93.31	29.93	67.65	0.00	0.0602	10.40	457.7	387.49	0.0586	447.3	8.051	16.66	8.67	1.58
	94.33	29.95	67.75	-0.00	0.0604	10.44	459.3	388.24	0.0588	447.2	8.049	16.63	8.67	1.58
	95.30	29.97	67.70	0.00	0.0604	10.46	460.2	389.35	0.0586	448.6	8.076	16.70	8.72	1.58
	96.30	29.99	67.70	0.00	0.0603	10.43	459.1	388.41	0.0587	449.7	8.094	16.74	8.75	1.58
	97.31	29.99	67.68	-0.00	0.0603	10.43	458.8	388.31	0.0596	455.0	8.190	16.94	8.93	1.58
	98.30	30.01	67.68	0.00	0.0600	10.36	455.9	385.90	0.0607	467.5	8.415	17.41	9.33	1.58
	99.37	30.03	67.68	0.00	0.0600	10.36	455.8	385.81	0.0615	476.4	8.575	17.74	9.61	1.58
	100.31	30.05	67.70	-0.00	0.0599	10.35	455.5	385.46	0.0628	486.3	8.753	18.11	9.92	1.58
	101.31	29.98	67.70	0.00	0.0598	10.32	454.1	384.21	0.0627	497.7	8.959	18.53	10.26	1.58
	102.29	29.99	67.68	0.00	0.0597	10.29	452.8	383.21	0.0635	499.9	8.998	18.62	10.33	1.58
	103.30	29.99	67.68	0.00	0.0594	10.22	449.7	380.62	0.0650	517.1	9.308	19.26	10.84	1.58
	104.29	29.97	67.68	0.00	0.0595	10.26	451.5	382.13	0.0648	516.6	9.299	19.24	10.82	1.58
	105.32	29.95	67.68	0.00	0.0594	10.24	450.6	381.33	0.0647	518.0	9.324	19.29	10.86	1.58
	106.31	29.96	67.68	-0.00	0.0595	10.24	450.7	381.46	0.0646	513.1	9.236	19.11	10.72	1.58
	107.33	29.95	67.72	-0.00	0.0596	10.27	451.7	382.01	0.0644	511.1	9.199	19.02	10.66	1.58
	108.31	29.93	67.68	0.00	0.0595	10.25	450.8	381.46	0.0649	518.3	9.329	19.30	10.87	1.58
	109.33	29.91	67.70	-0.00	0.0595	10.25	450.9	381.41	0.0649	519.9	9.357	19.35	10.91	1.58
	110.39	29.91	67.68	-0.00	0.0597	10.27	452.1	382.54	0.0644	512.9	9.232	19.10	10.71	1.58
	111.29	29.90	67.68	0.00	0.0597	10.29	452.8	383.15	0.0641	510.5	9.189	19.01	10.64	1.58
	112.32	29.89	67.68	-0.00	0.0596	10.28	452.2	382.57	0.0647	515.8	9.284	19.20	10.79	1.58
	113.30	29.89	67.68	0.00	0.0594	10.24	450.4	381.07	0.0656	527.4	9.494	19.64	11.13	1.58
	114.30	29.85	67.68	0.00	0.0595	10.24	450.5	381.12	0.0656	525.6	9.462	19.57	11.08	1.58
	115.30	29.79	67.68	0.00	0.0594	10.23	450.3	380.86	0.0657	524.8	9.447	19.53	11.05	1.58
	116.30	29.75	67.68	0.00	0.0593	10.20	449.0	379.71	0.0672	544.8	9.806	20.27	11.61	1.58
	117.30	29.80	67.68	0.00	0.0593	10.20	448.9	379.73	0.0670	542.0	9.755	20.17	11.53	1.59
	118.31	29.79	67.68	-0.00	0.0592	10.19	448.2	379.12	0.0677	548.6	9.875	20.42	11.72	1.58
	119.31	29.81	67.68	0.00	0.0593	10.18	447.8	378.77	0.0676	554.0	9.972	20.62	11.87	1.58
	120.32	29.81	67.68	-0.00	0.0592	10.18	448.1	379.00	0.0663	534.9	9.629	19.91	11.34	1.58
	121.31	29.85	67.68	0.00	0.0593	10.21	449.4	380.15	0.0658	522.2	9.399	19.44	10.98	1.58
	122.38	29.85	67.68	0.00	0.0593	10.20	448.8	379.65	0.0658	528.4	9.512	19.67	11.16	1.58
	123.32	29.89	67.68	-0.00	0.0593	10.19	448.5	379.44	0.0661	530.5	9.550	19.75	11.22	1.58
