Jul 28 2015 at 14:46:59
Frequency: 1.00Hz.
CO2
Zero:  Value:0.95  Date:18 Mar 2005	 at 07:22:33	
Span:  Value:1.00  Date:18 Mar 2005	 at 07:25:09	
H2O
Zero:  Value:0.71  Date:18 Mar 2005	 at 07:52:31	
Span:  Value:0.99  Date:18 Mar 2005	 at 11:44:01	
	Relative Time	Temperature	Pressure	Aux Input	CO2 Absorptance	CO2 mmol/m3	CO2 mg/m3	CO2 umol/mol	H2O Absorptance	H2O mmol/m3	H2O g/m3	H2O mmol/mol	H2O(°C)	Cooler Voltage
	0.50	33.44	67.73	0.00	0.0625	10.90	479.5	410.15	0.0369	243.7	4.386	9.17	0.17	1.60
	1.50	33.45	67.75	0.00	0.0624	10.91	479.9	410.39	0.0371	237.3	4.271	8.93	-0.20	1.60
	2.50	33.45	67.73	0.00	0.0622	10.87	478.3	409.11	0.0390	253.5	4.562	9.54	0.71	1.60
	3.49	33.43	67.72	0.00	0.0621	10.82	475.9	407.09	0.0398	257.7	4.638	9.70	0.94	1.60
	4.60	33.46	67.75	-0.00	0.0625	10.84	476.8	407.68	0.0415	270.0	4.860	10.16	1.59	1.60
	5.52	33.46	67.78	-0.00	0.0626	10.88	478.9	409.37	0.0442	307.0	5.526	11.55	3.39	1.60
	6.52	33.43	67.75	0.00	0.0629	11.03	485.2	414.85	0.0444	305.6	5.502	11.50	3.33	1.60
	7.50	33.43	67.73	0.00	0.0622	10.85	477.5	408.39	0.0464	321.2	5.781	12.09	4.04	1.60
	8.53	33.45	67.75	-0.00	0.0621	10.84	477.1	407.94	0.0471	329.9	5.939	12.41	4.42	1.60
	9.50	33.45	67.75	0.00	0.0621	10.82	476.1	407.14	0.0474	334.0	6.011	12.57	4.59	1.60
	10.51	33.47	67.75	0.00	0.0620	10.83	476.4	407.43	0.0481	341.4	6.144	12.84	4.91	1.60
	11.50	33.50	67.73	0.00	0.0621	10.84	476.9	407.99	0.0483	337.3	6.071	12.70	4.74	1.60
	12.51	33.43	67.73	0.00	0.0621	10.83	476.6	407.66	0.0493	351.6	6.329	13.23	5.33	1.60
	13.49	33.50	67.73	0.00	0.0621	10.82	476.3	407.47	0.0488	344.6	6.203	12.97	5.05	1.60
	14.51	33.52	67.75	0.00	0.0622	10.83	476.5	407.55	0.0492	353.8	6.368	13.31	5.42	1.60
	15.51	33.52	67.73	0.00	0.0621	10.83	476.6	407.74	0.0492	350.8	6.315	13.21	5.30	1.60
	16.50	33.54	67.75	0.00	0.0620	10.83	476.5	407.52	0.0498	356.6	6.419	13.42	5.54	1.60
	17.50	33.54	67.73	-0.00	0.0621	10.83	476.6	407.79	0.0516	381.0	6.857	14.34	6.49	1.60
	18.50	33.54	67.73	0.00	0.0618	10.78	474.5	405.98	0.0518	378.3	6.810	14.24	6.39	1.60
	19.52	33.47	67.76	-0.00	0.0616	10.73	472.3	403.83	0.0535	397.3	7.151	14.95	7.10	1.60
	20.51	33.41	67.73	-0.00	0.0620	10.78	474.2	405.53	0.0535	391.7	7.051	14.74	6.89	1.60
	21.50	33.35	67.75	0.00	0.0620	10.79	474.9	405.94	0.0512	370.6	6.671	13.94	6.09	1.60
	22.53	33.33	67.73	-0.00	0.0617	10.75	473.1	404.49	0.0501	358.6	6.454	13.49	5.61	1.60
	23.51	33.38	67.75	0.00	0.0617	10.73	472.3	403.73	0.0497	356.2	6.412	13.40	5.52	1.60
	24.52	33.29	67.75	-0.00	0.0618	10.75	473.2	404.41	0.0496	357.1	6.428	13.43	5.55	1.60
	25.51	33.34	67.75	0.00	0.0617	10.75	472.8	404.15	0.0498	358.4	6.451	13.48	5.60	1.60
	26.50	33.36	67.73	0.00	0.0619	10.79	474.9	406.09	0.0515	373.4	6.722	14.05	6.20	1.60
	27.50	33.41	67.73	0.00	0.0618	10.78	474.4	405.77	0.0519	377.3	6.791	14.20	6.35	1.60
	28.50	33.41	67.73	0.00	0.0619	10.80	475.1	406.32	0.0518	376.9	6.784	14.18	6.33	1.60
	29.52	33.44	67.73	-0.00	0.0618	10.74	472.8	404.37	0.0521	380.7	6.852	14.33	6.48	1.60
	30.51	33.46	67.75	-0.00	0.0619	10.75	473.0	404.46	0.0526	383.5	6.903	14.43	6.59	1.60
	31.50	33.43	67.73	-0.00	0.0617	10.72	471.8	403.55	0.0543	401.6	7.229	15.11	7.26	1.60
	32.51	33.49	67.77	0.00	0.0617	10.75	472.8	404.20	0.0544	402.6	7.246	15.14	7.30	1.60
	33.49	33.47	67.75	0.00	0.0617	10.72	471.9	403.55	0.0541	400.9	7.216	15.08	7.23	1.60
	34.51	33.47	67.75	0.00	0.0617	10.74	472.6	404.18	0.0551	409.8	7.377	15.42	7.56	1.60
	35.51	33.43	67.73	-0.00	0.0615	10.72	471.5	403.26	0.0557	414.7	7.465	15.61	7.73	1.60
	36.53	33.43	67.75	-0.00	0.0614	10.67	469.5	401.45	0.0556	416.3	7.494	15.66	7.78	1.60
	37.50	33.43	67.75	0.00	0.0610	10.62	467.5	399.71	0.0591	441.1	7.940	16.60	8.64	1.60
	38.53	33.42	67.75	-0.00	0.0610	10.59	466.0	398.39	0.0593	462.9	8.333	17.42	9.35	1.60
	39.50	33.42	67.73	0.00	0.0609	10.57	465.0	397.75	0.0593	454.4	8.179	17.10	9.07	1.60
	40.53	33.37	67.70	0.00	0.0611	10.60	466.4	398.99	0.0585	449.9	8.098	16.94	8.93	1.60
	41.51	33.39	67.75	0.00	0.0613	10.63	467.7	399.82	0.0584	448.9	8.080	16.89	8.89	1.60
	42.51	33.36	67.73	0.00	0.0614	10.70	470.6	402.43	0.0590	443.2	7.977	16.67	8.70	1.60
	43.57	33.37	67.73	0.00	0.0613	10.66	468.9	400.98	0.0592	452.2	8.140	17.02	9.00	1.60
	44.51	33.42	67.73	0.00	0.0613	10.65	468.5	400.73	0.0590	452.3	8.141	17.02	9.00	1.60
	45.57	33.39	67.73	0.00	0.0612	10.63	467.6	399.89	0.0593	455.8	8.204	17.15	9.12	1.60
	46.50	33.37	67.78	0.00	0.0613	10.63	467.8	399.75	0.0591	451.8	8.133	16.99	8.99	1.60
	47.50	33.39	67.73	0.00	0.0612	10.63	467.7	400.00	0.0593	454.6	8.183	17.11	9.08	1.60
	48.52	33.40	67.73	-0.00	0.0612	10.63	467.7	399.97	0.0593	453.7	8.166	17.07	9.05	1.60
	49.52	33.41	67.73	0.00	0.0611	10.61	466.7	399.19	0.0607	470.9	8.477	17.72	9.61	1.60
	50.53	33.40	67.73	-0.00	0.0611	10.60	466.6	399.04	0.0610	475.0	8.551	17.88	9.73	1.60
	51.51	33.43	67.73	0.00	0.0614	10.66	469.0	401.17	0.0592	451.3	8.123	16.98	8.97	1.60
	52.53	33.51	67.75	-0.00	0.0610	10.60	466.3	398.84	0.0604	466.4	8.396	17.55	9.47	1.60
	53.52	33.57	67.70	-0.00	0.0611	10.60	466.5	399.38	0.0600	464.1	8.354	17.48	9.40	1.60
	54.51	33.58	67.70	0.00	0.0612	10.62	467.4	400.13	0.0603	465.3	8.375	17.53	9.43	1.60
	55.51	33.60	67.72	0.00	0.0611	10.60	466.5	399.23	0.0605	466.9	8.405	17.58	9.49	1.60
	56.52	33.62	67.75	-0.00	0.0609	10.56	464.8	397.66	0.0626	488.1	8.787	18.38	10.15	1.60
	57.50	33.64	67.73	0.00	0.0607	10.52	463.0	396.28	0.0641	500.3	9.005	18.84	10.52	1.60
	58.52	33.66	67.75	-0.00	0.0606	10.49	461.7	395.04	0.0659	524.3	9.437	19.74	11.22	1.60
	59.51	33.68	67.73	-0.00	0.0608	10.55	464.2	397.32	0.0626	493.7	8.886	18.59	10.32	1.60
	60.51	33.67	67.73	-0.00	0.0609	10.55	464.3	397.44	0.0619	486.3	8.753	18.32	10.10	1.60
	61.50	33.61	67.73	0.00	0.0609	10.57	465.0	397.97	0.0624	486.7	8.761	18.33	10.11	1.60
	62.51	33.63	67.72	-0.00	0.0610	10.57	465.1	398.11	0.0629	493.1	8.876	18.57	10.30	1.60
	63.51	33.62	67.70	0.00	0.0608	10.55	464.1	397.40	0.0636	502.3	9.042	18.92	10.58	1.60
	64.52	33.60	67.75	-0.00	0.0606	10.50	461.8	395.06	0.0621	487.7	8.779	18.36	10.14	1.60
	65.50	33.60	67.70	0.00	0.0606	10.50	461.8	395.36	0.0641	498.2	8.968	18.77	10.46	1.60
	66.52	33.60	67.70	-0.00	0.0608	10.53	463.4	396.75	0.0643	507.3	9.131	19.11	10.73	1.60
	67.52	33.61	67.70	-0.00	0.0604	10.46	460.2	393.97	0.0645	519.9	9.357	19.58	11.10	1.60
	68.52	33.56	67.72	0.00	0.0605	10.46	460.0	393.66	0.0639	505.5	9.098	19.03	10.67	1.60
	69.50	33.54	67.68	0.00	0.0606	10.50	462.2	395.73	0.0637	507.7	9.138	19.13	10.74	1.60
	70.53	33.53	67.72	-0.00	0.0605	10.48	461.1	394.50	0.0648	512.0	9.217	19.28	10.86	1.60
	71.51	33.52	67.70	-0.00	0.0606	10.47	460.7	394.34	0.0658	538.8	9.698	20.29	11.63	1.60
	72.51	33.50	67.73	0.00	0.0606	10.49	461.7	395.00	0.0649	522.2	9.400	19.66	11.16	1.60
	73.51	33.46	67.72	-0.00	0.0607	10.52	462.7	395.86	0.0653	518.2	9.327	19.50	11.04	1.60
	74.52	33.38	67.73	-0.00	0.0606	10.51	462.3	395.32	0.0657	525.7	9.462	19.78	11.25	1.60
	75.49	33.22	67.75	0.00	0.0601	10.41	458.2	391.55	0.0671	538.5	9.693	20.25	11.61	1.60
	76.50	33.18	67.70	0.00	0.0602	10.43	458.9	392.39	0.0686	562.5	10.125	21.16	12.27	1.60
	77.50	33.21	67.75	-0.00	0.0604	10.43	458.8	391.99	0.0684	569.7	10.254	21.42	12.46	1.60
	78.50	33.20	67.75	0.00	0.0605	10.45	460.0	393.03	0.0680	557.5	10.034	20.96	12.13	1.60
	79.51	33.23	67.72	0.00	0.0603	10.44	459.2	392.54	0.0668	542.2	9.760	20.39	11.71	1.60
	80.51	33.25	67.72	0.00	0.0604	10.47	460.7	393.80	0.0666	539.9	9.719	20.31	11.65	1.60
	81.51	33.29	67.72	-0.00	0.0604	10.45	459.8	393.10	0.0672	544.3	9.798	20.48	11.77	1.60
	82.49	33.29	67.72	0.00	0.0603	10.41	458.1	391.68	0.0700	582.0	10.476	21.89	12.79	1.60
	83.51	33.33	67.70	0.00	0.0603	10.43	459.0	392.62	0.0701	586.3	10.553	22.06	12.91	1.60
	84.51	33.36	67.70	-0.00	0.0603	10.42	458.5	392.26	0.0700	576.6	10.379	21.70	12.65	1.60
	85.50	33.35	67.73	-0.00	0.0604	10.44	459.4	392.83	0.0703	579.0	10.422	21.78	12.72	1.60
	86.50	33.41	67.75	-0.00	0.0604	10.42	458.6	392.11	0.0698	580.5	10.448	21.84	12.76	1.60
	87.53	33.44	67.73	-0.00	0.0602	10.40	457.8	391.55	0.0687	563.0	10.134	21.19	12.29	1.60
	88.50	33.41	67.73	0.00	0.0600	10.36	456.0	390.03	0.0683	563.5	10.143	21.20	12.30	1.60
	89.51	33.39	67.73	0.00	0.0602	10.43	458.9	392.44	0.0682	556.1	10.011	20.93	12.10	1.60
	90.50	33.37	67.75	0.00	0.0603	10.41	458.1	391.63	0.0683	557.3	10.032	20.96	12.14	1.60
	91.51	33.31	67.73	0.00	0.0601	10.38	456.9	390.67	0.0690	563.0	10.134	21.18	12.29	1.60
	92.49	33.29	67.73	0.00	0.0603	10.44	459.2	392.57	0.0707	588.6	10.594	22.14	12.96	1.60
	93.51	33.29	67.70	0.00	0.0601	10.38	456.6	390.55	0.0724	610.4	10.988	22.97	13.52	1.60
	94.58	33.31	67.68	0.00	0.0600	10.39	457.0	391.03	0.0730	610.4	10.988	22.98	13.52	1.60
	95.50	33.33	67.70	0.00	0.0602	10.40	457.4	391.28	0.0713	596.2	10.731	22.44	13.16	1.60
	96.58	33.40	67.70	0.00	0.0602	10.39	457.1	391.06	0.0712	594.9	10.709	22.40	13.13	1.60
	97.52	33.37	67.73	-0.00	0.0603	10.42	458.6	392.17	0.0718	597.5	10.755	22.48	13.20	1.60
	98.50	33.33	67.70	0.00	0.0602	10.41	458.2	391.92	0.0713	595.4	10.717	22.41	13.14	1.60
	99.50	33.35	67.70	0.00	0.0602	10.41	458.2	391.91	0.0712	594.7	10.705	22.38	13.13	1.60
	100.51	33.31	67.75	0.00	0.0602	10.40	457.8	391.26	0.0713	595.4	10.718	22.39	13.14	1.60
	101.51	33.33	67.70	0.00	0.0599	10.38	456.6	390.51	0.0705	589.7	10.614	22.19	12.99	1.60
	102.51	33.36	67.73	-0.00	0.0601	10.35	455.4	389.42	0.0723	610.3	10.985	22.96	13.52	1.60
	103.51	33.33	67.70	0.00	0.0601	10.38	456.6	390.53	0.0723	612.6	11.026	23.05	13.58	1.60
	104.50	33.35	67.72	0.00	0.0599	10.34	455.2	389.24	0.0743	634.0	11.411	23.85	14.11	1.60
	105.50	33.39	67.73	0.00	0.0599	10.34	454.9	389.00	0.0754	643.8	11.588	24.22	14.35	1.61
	106.52	33.41	67.75	0.00	0.0598	10.33	454.3	388.42	0.0758	643.2	11.577	24.20	14.33	1.60
	107.50	33.47	67.70	0.00	0.0598	10.31	453.5	388.07	0.0755	646.5	11.637	24.34	14.42	1.60
	108.50	33.41	67.70	0.00	0.0598	10.32	454.2	388.60	0.0749	642.8	11.570	24.20	14.32	1.60
	109.51	33.41	67.73	0.00	0.0600	10.34	455.0	389.19	0.0746	638.1	11.486	24.01	14.21	1.60
	110.51	33.40	67.73	-0.00	0.0597	10.30	453.3	387.66	0.0779	662.9	11.931	24.94	14.80	1.60
	111.51	33.37	67.70	0.00	0.0596	10.28	452.2	386.88	0.0780	677.1	12.188	25.49	15.13	1.61
	112.51	33.37	67.73	0.00	0.0597	10.30	453.2	387.51	0.0774	677.6	12.197	25.50	15.14	1.60
	113.51	33.31	67.73	-0.00	0.0598	10.30	453.2	387.49	0.0763	664.6	11.962	25.00	14.83	1.60
	114.49	33.35	67.70	0.00	0.0598	10.33	454.5	388.80	0.0756	653.2	11.757	24.59	14.57	1.60
	115.50	33.36	67.73	-0.00	0.0598	10.32	453.9	388.14	0.0763	655.0	11.789	24.64	14.61	1.60
	116.50	33.34	67.72	-0.00	0.0598	10.30	453.3	387.63	0.0764	662.9	11.933	24.94	14.80	1.60
	117.52	33.37	67.70	0.00	0.0597	10.29	452.7	387.29	0.0766	667.3	12.012	25.12	14.90	1.61
	118.53	33.42	67.72	-0.00	0.0597	10.29	452.7	387.23	0.0765	661.7	11.911	24.90	14.77	1.60
	119.51	33.41	67.75	0.00	0.0597	10.30	453.2	387.47	0.0767	662.5	11.925	24.92	14.79	1.60
	120.50	33.41	67.73	0.00	0.0597	10.29	452.8	387.24	0.0768	666.5	11.996	25.08	14.88	1.60
	121.51	33.48	67.70	0.00	0.0596	10.27	452.0	386.84	0.0768	662.9	11.933	24.96	14.80	1.60
