Jul 28 2015 at 10:11:01
Frequency: 1.00Hz.
CO2
Zero:  Value:0.95  Date:18 Mar 2005	 at 07:22:33	
Span:  Value:1.00  Date:18 Mar 2005	 at 07:25:09	
H2O
Zero:  Value:0.71  Date:18 Mar 2005	 at 07:52:31	
Span:  Value:0.99  Date:18 Mar 2005	 at 11:44:01	
	Relative Time	Temperature	Pressure	Aux Input	CO2 Absorptance	CO2 mmol/m3	CO2 mg/m3	CO2 umol/mol	H2O Absorptance	H2O mmol/m3	H2O g/m3	H2O mmol/mol	H2O(°C)	Cooler Voltage
	0.17	21.11	67.62	-0.00	0.0622	10.86	477.8	392.87	0.0445	306.5	5.517	11.09	2.79	1.55
	1.17	21.11	67.62	-0.00	0.0622	10.86	477.6	392.72	0.0441	303.9	5.469	10.99	2.67	1.55
	2.15	21.13	67.62	0.00	0.0621	10.86	477.7	392.78	0.0444	305.2	5.494	11.04	2.73	1.55
	3.17	21.13	67.62	0.00	0.0620	10.82	475.9	391.36	0.0449	309.6	5.572	11.20	2.93	1.55
	4.17	21.14	67.63	-0.00	0.0620	10.80	475.4	390.87	0.0450	310.3	5.586	11.23	2.97	1.55
	5.18	21.14	67.62	-0.00	0.0619	10.79	474.6	390.24	0.0458	317.6	5.716	11.49	3.29	1.55
	6.16	21.16	67.62	0.00	0.0618	10.76	473.2	389.17	0.0455	313.5	5.643	11.34	3.11	1.55
	7.14	21.20	67.63	0.00	0.0617	10.75	473.0	389.01	0.0450	312.2	5.619	11.30	3.05	1.55
	8.16	21.19	67.63	0.00	0.0615	10.71	471.4	387.71	0.0463	322.7	5.809	11.68	3.52	1.55
	9.16	21.20	67.62	0.00	0.0616	10.72	471.6	387.84	0.0474	331.2	5.962	11.99	3.89	1.55
	10.17	21.21	67.65	0.00	0.0613	10.66	469.1	385.66	0.0488	353.6	6.365	12.79	4.83	1.55
	11.17	21.23	67.65	0.00	0.0616	10.71	471.0	387.28	0.0473	337.4	6.073	12.21	4.16	1.54
	12.17	21.23	67.63	0.00	0.0616	10.71	471.4	387.74	0.0475	329.0	5.922	11.91	3.80	1.55
	13.17	21.24	67.65	0.00	0.0613	10.69	470.2	386.68	0.0491	343.0	6.175	12.41	4.40	1.54
	14.18	21.25	67.62	-0.00	0.0611	10.62	467.3	384.39	0.0500	357.1	6.428	12.93	4.97	1.55
	15.16	21.25	67.63	0.00	0.0612	10.62	467.3	384.42	0.0507	363.8	6.548	13.17	5.24	1.55
	16.16	21.24	67.65	-0.00	0.0611	10.63	467.8	384.67	0.0509	369.0	6.642	13.35	5.44	1.55
	17.16	21.26	67.65	0.00	0.0612	10.64	468.0	384.84	0.0505	364.6	6.563	13.19	5.27	1.54
	18.14	21.28	67.62	0.00	0.0613	10.66	468.9	385.79	0.0499	357.3	6.432	12.94	4.98	1.54
	19.19	21.28	67.62	-0.00	0.0614	10.67	469.5	386.24	0.0491	352.1	6.337	12.74	4.77	1.54
	20.17	21.28	67.65	0.00	0.0612	10.65	468.6	385.38	0.0489	349.2	6.286	12.64	4.65	1.55
	21.15	21.30	67.65	0.00	0.0614	10.66	469.2	385.83	0.0493	352.3	6.341	12.75	4.78	1.55
	22.25	21.30	67.62	-0.00	0.0613	10.66	469.0	385.84	0.0488	348.1	6.266	12.60	4.61	1.54
	23.17	21.30	67.62	-0.00	0.0612	10.63	467.9	384.96	0.0489	350.6	6.310	12.69	4.71	1.54
	24.18	21.30	67.65	-0.00	0.0613	10.64	468.1	384.98	0.0488	347.2	6.250	12.56	4.57	1.54
	25.15	21.30	67.65	0.00	0.0611	10.63	467.7	384.67	0.0487	346.3	6.233	12.53	4.53	1.54
	26.16	21.30	67.65	0.00	0.0611	10.60	466.4	383.59	0.0496	353.9	6.370	12.81	4.84	1.55
	27.16	21.31	67.65	-0.00	0.0608	10.58	465.4	382.77	0.0511	368.3	6.629	13.33	5.42	1.55
	28.16	21.31	67.63	0.00	0.0608	10.56	464.4	382.13	0.0518	370.4	6.667	13.41	5.50	1.54
	29.16	21.30	67.65	0.00	0.0606	10.50	462.0	379.97	0.0536	392.8	7.071	14.22	6.35	1.54
	30.17	21.33	67.65	-0.00	0.0607	10.51	462.3	380.29	0.0533	393.0	7.075	14.22	6.36	1.54
	31.17	21.32	67.62	-0.00	0.0607	10.52	463.1	381.04	0.0521	376.8	6.783	13.64	5.75	1.54
	32.17	21.31	67.62	-0.00	0.0604	10.45	459.9	378.40	0.0551	409.0	7.361	14.81	6.93	1.55
	33.15	21.31	67.60	-0.00	0.0604	10.46	460.4	378.91	0.0546	404.3	7.278	14.64	6.77	1.54
	34.18	21.33	67.63	-0.00	0.0603	10.45	459.6	378.18	0.0549	410.7	7.392	14.87	7.00	1.54
	35.18	21.33	67.65	-0.00	0.0604	10.46	460.4	378.71	0.0545	400.8	7.214	14.50	6.64	1.54
	36.18	21.30	67.62	-0.00	0.0603	10.45	459.7	378.21	0.0546	404.4	7.279	14.64	6.77	1.54
	37.17	21.35	67.62	-0.00	0.0603	10.42	458.5	377.30	0.0552	410.6	7.391	14.87	6.99	1.54
	38.19	21.35	67.65	-0.00	0.0600	10.39	457.4	376.21	0.0557	414.8	7.467	15.01	7.14	1.55
	39.16	21.35	67.65	0.00	0.0600	10.38	456.7	375.65	0.0567	421.9	7.595	15.27	7.39	1.54
	40.19	21.33	67.65	-0.00	0.0601	10.38	456.5	375.52	0.0560	422.8	7.610	15.30	7.42	1.54
	41.17	21.35	67.65	-0.00	0.0600	10.37	456.5	375.48	0.0556	415.5	7.480	15.04	7.17	1.54
	42.15	21.35	67.60	0.00	0.0599	10.36	455.8	375.21	0.0569	426.6	7.679	15.45	7.55	1.54
	43.16	21.36	67.65	0.00	0.0600	10.36	455.7	374.85	0.0568	425.3	7.655	15.39	7.51	1.54
	44.16	21.37	67.63	0.00	0.0598	10.34	454.7	374.21	0.0566	426.2	7.672	15.43	7.54	1.55
	45.16	21.37	67.62	0.00	0.0598	10.30	453.3	373.04	0.0589	451.4	8.125	16.35	8.38	1.54
	46.15	21.35	67.62	0.00	0.0594	10.24	450.5	370.73	0.0607	473.3	8.520	17.14	9.08	1.54
	47.19	21.38	67.63	-0.00	0.0597	10.28	452.1	372.08	0.0595	462.5	8.324	16.75	8.74	1.54
	48.16	21.38	67.60	0.00	0.0598	10.30	453.2	373.14	0.0588	446.6	8.039	16.18	8.23	1.54
	49.16	21.40	67.68	0.00	0.0598	10.32	454.1	373.47	0.0584	441.2	7.942	15.96	8.05	1.54
	50.17	21.38	67.65	-0.00	0.0596	10.29	452.7	372.43	0.0589	451.9	8.134	16.36	8.40	1.55
	51.15	21.40	67.67	0.00	0.0597	10.29	452.7	372.32	0.0585	442.9	7.972	16.03	8.11	1.55
	52.17	21.40	67.65	-0.00	0.0597	10.29	452.8	372.52	0.0577	438.1	7.886	15.86	7.95	1.54
	53.16	21.42	67.65	-0.00	0.0596	10.29	452.9	372.60	0.0589	449.7	8.094	16.28	8.33	1.54
	54.15	21.40	67.65	-0.00	0.0597	10.29	452.6	372.33	0.0584	444.5	8.001	16.09	8.16	1.55
	55.16	21.40	67.65	0.00	0.0596	10.29	452.8	372.47	0.0581	442.8	7.970	16.03	8.10	1.55
	56.18	21.42	67.62	-0.00	0.0597	10.28	452.4	372.38	0.0585	443.5	7.983	16.06	8.13	1.55
	57.17	21.42	67.63	-0.00	0.0597	10.30	453.1	372.96	0.0581	442.2	7.960	16.01	8.08	1.55
	58.16	21.43	67.62	0.00	0.0595	10.25	451.1	371.29	0.0585	445.2	8.014	16.12	8.18	1.54
	59.17	21.43	67.60	0.00	0.0593	10.21	449.4	370.03	0.0590	450.9	8.116	16.34	8.37	1.55
	60.15	21.43	67.65	0.00	0.0594	10.23	450.1	370.38	0.0593	457.1	8.227	16.55	8.57	1.55
	61.25	21.43	67.65	-0.00	0.0595	10.27	451.7	371.67	0.0591	454.4	8.179	16.45	8.48	1.55
	62.17	21.45	67.62	0.00	0.0595	10.25	451.1	371.30	0.0593	455.6	8.201	16.50	8.52	1.55
	63.18	21.45	67.67	-0.00	0.0594	10.23	450.1	370.27	0.0598	460.1	8.282	16.65	8.67	1.54
	64.16	21.45	67.62	-0.00	0.0592	10.20	448.6	369.28	0.0616	480.4	8.648	17.40	9.31	1.54
	65.18	21.47	67.62	-0.00	0.0592	10.20	448.9	369.53	0.0624	483.1	8.696	17.50	9.39	1.54
	66.22	21.48	67.65	0.00	0.0589	10.13	445.5	366.63	0.0635	502.0	9.037	18.18	9.97	1.55
	67.16	21.47	67.63	0.00	0.0589	10.12	445.3	366.57	0.0636	507.7	9.139	18.39	10.14	1.55
	68.16	21.45	67.65	-0.00	0.0591	10.15	446.4	367.36	0.0629	496.8	8.942	17.99	9.81	1.54
	69.17	21.48	67.62	-0.00	0.0589	10.14	446.0	367.16	0.0630	498.4	8.971	18.05	9.86	1.55
	70.17	21.48	67.65	0.00	0.0591	10.17	447.3	368.12	0.0628	493.8	8.889	17.88	9.72	1.54
	71.15	21.50	67.62	0.00	0.0589	10.13	445.9	367.12	0.0636	503.1	9.057	18.23	10.00	1.55
	72.17	21.50	67.65	0.00	0.0590	10.14	446.4	367.37	0.0634	500.9	9.017	18.14	9.94	1.55
	73.16	21.50	67.62	-0.00	0.0589	10.13	445.8	367.06	0.0637	501.3	9.024	18.16	9.95	1.55
	74.16	21.50	67.62	0.00	0.0588	10.11	444.9	366.26	0.0642	509.5	9.170	18.46	10.19	1.55
	75.16	21.50	67.63	-0.00	0.0588	10.10	444.3	365.75	0.0644	512.5	9.225	18.56	10.28	1.55
	76.16	21.52	67.63	0.00	0.0587	10.08	443.7	365.29	0.0644	511.9	9.214	18.54	10.26	1.55
	77.16	21.52	67.65	0.00	0.0587	10.08	443.5	365.02	0.0644	513.8	9.248	18.60	10.31	1.54
	78.16	21.52	67.65	0.00	0.0586	10.07	442.9	364.55	0.0654	520.1	9.361	18.83	10.50	1.55
	79.16	21.52	67.63	0.00	0.0586	10.06	442.7	364.48	0.0654	525.5	9.460	19.04	10.65	1.55
	80.17	21.52	67.62	-0.00	0.0585	10.06	442.7	364.49	0.0656	524.7	9.445	19.01	10.63	1.55
	81.17	21.52	67.65	0.00	0.0586	10.04	441.8	363.59	0.0657	529.1	9.524	19.16	10.76	1.55
	82.17	21.51	67.62	-0.00	0.0585	10.05	442.2	364.08	0.0659	528.7	9.516	19.15	10.74	1.55
	83.15	21.52	67.62	0.00	0.0586	10.04	441.7	363.70	0.0659	528.8	9.518	19.16	10.75	1.55
	84.16	21.54	67.62	-0.00	0.0584	10.03	441.2	363.32	0.0657	528.3	9.510	19.14	10.73	1.55
	85.18	21.55	67.63	-0.00	0.0585	10.03	441.3	363.34	0.0661	534.6	9.623	19.37	10.91	1.55
	86.16	21.53	67.60	0.00	0.0584	10.03	441.2	363.41	0.0661	532.3	9.581	19.29	10.85	1.55
	87.16	21.53	67.62	0.00	0.0585	10.03	441.4	363.46	0.0662	533.2	9.597	19.32	10.87	1.55
	88.16	21.55	67.62	0.00	0.0584	10.03	441.1	363.23	0.0663	533.9	9.610	19.34	10.89	1.54
	89.23	21.57	67.62	0.00	0.0585	10.02	441.0	363.18	0.0662	533.8	9.608	19.34	10.89	1.55
	90.17	21.57	67.65	-0.00	0.0583	10.01	440.3	362.44	0.0662	534.4	9.620	19.36	10.91	1.55
	91.17	21.55	67.62	0.00	0.0582	9.99	439.6	361.98	0.0669	543.5	9.782	19.69	11.16	1.55
	92.17	21.57	67.62	-0.00	0.0582	9.98	439.2	361.65	0.0676	547.5	9.855	19.84	11.27	1.55
	93.16	21.57	67.65	-0.00	0.0582	9.98	439.0	361.38	0.0678	548.9	9.880	19.88	11.31	1.55
	94.16	21.57	67.63	-0.00	0.0580	9.94	437.2	360.01	0.0683	557.6	10.037	20.20	11.55	1.55
	95.25	21.59	67.65	-0.00	0.0580	9.94	437.4	360.12	0.0681	558.3	10.049	20.22	11.57	1.55
	96.16	21.59	67.62	0.00	0.0580	9.92	436.4	359.36	0.0690	565.6	10.181	20.50	11.77	1.55
	97.16	21.59	67.62	0.00	0.0580	9.94	437.3	360.11	0.0683	560.4	10.087	20.31	11.63	1.55
	98.17	21.58	67.62	-0.00	0.0580	9.93	436.8	359.77	0.0686	560.2	10.084	20.30	11.62	1.55
	99.15	21.59	67.62	0.00	0.0579	9.91	435.9	358.95	0.0691	567.8	10.221	20.58	11.82	1.55
	100.17	21.59	67.62	-0.00	0.0579	9.91	436.2	359.25	0.0688	564.8	10.167	20.47	11.74	1.55
	101.15	21.59	67.65	0.00	0.0581	9.92	436.7	359.47	0.0690	566.4	10.196	20.52	11.79	1.55
	102.17	21.58	67.62	0.00	0.0580	9.92	436.3	359.32	0.0690	567.5	10.214	20.56	11.81	1.55
	103.15	21.59	67.65	0.00	0.0578	9.90	435.7	358.70	0.0690	568.2	10.228	20.58	11.83	1.55
	104.15	21.59	67.62	0.00	0.0579	9.90	435.8	358.88	0.0691	568.9	10.240	20.61	11.85	1.55
	105.16	21.59	67.65	-0.00	0.0579	9.90	435.8	358.78	0.0691	569.3	10.247	20.62	11.86	1.55
	106.14	21.59	67.65	0.00	0.0578	9.89	435.1	358.22	0.0696	571.7	10.291	20.71	11.93	1.55
	107.16	21.59	67.65	-0.00	0.0578	9.88	434.8	357.91	0.0700	575.4	10.357	20.84	12.03	1.55
	108.17	21.60	67.65	-0.00	0.0577	9.86	433.9	357.22	0.0704	584.3	10.518	21.17	12.26	1.55
	109.17	21.58	67.63	-0.00	0.0576	9.85	433.4	356.93	0.0707	585.5	10.539	21.21	12.29	1.55
	110.17	21.60	67.65	-0.00	0.0576	9.85	433.3	356.74	0.0706	587.2	10.569	21.27	12.33	1.55
	111.17	21.62	67.62	0.00	0.0576	9.84	432.8	356.45	0.0705	585.5	10.539	21.22	12.29	1.55
	112.15	21.62	67.65	0.00	0.0577	9.85	433.4	356.80	0.0702	581.5	10.467	21.07	12.19	1.55
	113.16	21.62	67.62	0.00	0.0577	9.87	434.1	357.55	0.0700	580.3	10.446	21.03	12.16	1.55
	114.22	21.62	67.62	0.00	0.0577	9.85	433.6	357.13	0.0704	583.4	10.501	21.14	12.24	1.55
	115.16	21.64	67.65	0.00	0.0576	9.84	433.2	356.65	0.0704	584.5	10.522	21.18	12.27	1.55
	116.16	21.64	67.65	0.00	0.0576	9.84	432.9	356.46	0.0706	586.7	10.561	21.26	12.32	1.55
	117.17	21.64	67.63	-0.00	0.0576	9.83	432.5	356.27	0.0713	593.2	10.678	21.50	12.49	1.55
	118.16	21.64	67.65	0.00	0.0573	9.79	430.6	354.53	0.0717	602.8	10.850	21.84	12.74	1.55
	119.17	21.64	67.62	-0.00	0.0573	9.78	430.5	354.61	0.0723	604.7	10.885	21.92	12.78	1.55
	120.17	21.62	67.63	-0.00	0.0573	9.78	430.1	354.26	0.0721	604.1	10.874	21.89	12.77	1.55
	121.15	21.64	67.65	0.00	0.0573	9.77	429.7	353.78	0.0720	605.1	10.892	21.92	12.79	1.55
	122.15	21.65	67.65	0.00	0.0573	9.77	430.0	354.09	0.0720	602.4	10.843	21.83	12.73	1.55
	123.16	21.66	67.65	-0.00	0.0570	9.71	427.5	351.98	0.0729	619.2	11.145	22.43	13.15	1.55
	124.18	21.65	67.60	-0.00	0.0572	9.73	428.1	352.72	0.0722	617.0	11.106	22.37	13.09	1.55
