Jul 28 2015 at 9:38:08
Frequency: 1.00Hz.
CO2
Zero:  Value:0.95  Date:18 Mar 2005	 at 07:22:33	
Span:  Value:1.00  Date:18 Mar 2005	 at 07:25:09	
H2O
Zero:  Value:0.71  Date:18 Mar 2005	 at 07:52:31	
Span:  Value:0.99  Date:18 Mar 2005	 at 11:44:01	
	Relative Time	Temperature	Pressure	Aux Input	CO2 Absorptance	CO2 mmol/m3	CO2 mg/m3	CO2 umol/mol	H2O Absorptance	H2O mmol/m3	H2O g/m3	H2O mmol/mol	H2O(°C)	Cooler Voltage
	0.34	15.53	67.63	-0.00	0.0597	10.29	452.8	365.21	0.0626	497.9	8.963	17.67	9.54	1.46
	1.42	15.56	67.66	-0.00	0.0595	10.30	453.2	365.45	0.0632	492.5	8.866	17.47	9.38	1.46
	2.34	15.55	67.65	-0.00	0.0594	10.22	449.8	362.68	0.0638	506.5	9.117	17.97	9.79	1.46
	3.34	15.55	67.65	0.00	0.0594	10.24	450.7	363.44	0.0639	509.3	9.168	18.07	9.88	1.46
	4.34	15.53	67.66	0.00	0.0600	10.43	458.8	369.87	0.0609	451.5	8.126	16.02	8.09	1.46
	5.41	15.55	67.65	0.00	0.0601	10.41	458.1	369.38	0.0621	476.8	8.583	16.92	8.90	1.46
	6.35	15.53	67.63	-0.00	0.0601	10.41	457.9	369.36	0.0616	480.2	8.644	17.04	9.00	1.46
	7.36	15.57	67.65	0.00	0.0602	10.46	460.1	371.03	0.0608	471.8	8.493	16.74	8.74	1.46
	8.35	15.53	67.65	0.00	0.0604	10.45	459.7	370.62	0.0598	468.2	8.427	16.61	8.63	1.46
	9.35	15.55	67.65	0.00	0.0604	10.44	459.2	370.27	0.0613	477.3	8.592	16.94	8.91	1.46
	10.36	15.58	67.65	-0.00	0.0600	10.35	455.6	367.40	0.0617	481.2	8.661	17.07	9.03	1.46
	11.34	15.57	67.65	0.00	0.0598	10.29	452.6	364.98	0.0626	496.1	8.930	17.60	9.49	1.46
	12.36	15.57	67.63	0.00	0.0594	10.28	452.2	364.76	0.0627	493.9	8.891	17.53	9.42	1.46
	13.35	15.57	67.65	0.00	0.0597	10.28	452.5	364.87	0.0616	485.2	8.734	17.22	9.16	1.46
	14.35	15.57	67.63	-0.00	0.0597	10.30	453.1	365.49	0.0626	495.4	8.918	17.58	9.47	1.46
	15.37	15.58	67.66	0.00	0.0602	10.37	456.5	368.09	0.0604	472.9	8.513	16.78	8.78	1.46
	16.36	15.58	67.66	-0.00	0.0604	10.43	459.1	370.21	0.0589	453.5	8.164	16.09	8.16	1.46
	17.36	15.60	67.63	-0.00	0.0604	10.45	459.9	371.04	0.0593	455.8	8.204	16.18	8.23	1.46
	18.35	15.58	67.63	0.00	0.0605	10.46	460.1	371.14	0.0582	450.8	8.114	16.00	8.07	1.46
	19.36	15.58	67.68	-0.00	0.0608	10.53	463.4	373.58	0.0571	432.1	7.778	15.33	7.45	1.46
	20.34	15.58	67.63	0.00	0.0608	10.51	462.4	373.07	0.0562	422.3	7.602	14.99	7.12	1.46
	21.36	15.61	67.65	-0.00	0.0606	10.53	463.2	373.56	0.0566	426.9	7.683	15.15	7.27	1.46
	22.36	15.60	67.65	-0.00	0.0607	10.50	462.1	372.70	0.0564	424.8	7.647	15.08	7.20	1.46
	23.35	15.63	67.63	0.00	0.0608	10.52	462.9	373.47	0.0566	424.1	7.634	15.06	7.18	1.46
	24.34	15.63	67.68	0.00	0.0606	10.53	463.5	373.69	0.0567	427.3	7.692	15.16	7.29	1.46
	25.35	15.63	67.65	0.00	0.0607	10.53	463.4	373.79	0.0570	429.7	7.734	15.25	7.37	1.46
	26.36	15.61	67.63	-0.00	0.0609	10.54	463.8	374.18	0.0565	425.7	7.663	15.11	7.24	1.46
	27.36	15.61	67.66	0.00	0.0610	10.56	464.7	374.79	0.0566	426.0	7.668	15.12	7.24	1.46
	28.36	15.63	67.66	-0.00	0.0609	10.56	464.4	374.57	0.0570	430.0	7.740	15.26	7.38	1.47
	29.36	15.63	67.66	0.00	0.0608	10.57	465.3	375.25	0.0572	433.2	7.798	15.37	7.49	1.47
	30.36	15.63	67.66	-0.00	0.0610	10.58	465.6	375.50	0.0567	427.3	7.692	15.16	7.29	1.47
	31.36	15.63	67.66	-0.00	0.0608	10.58	465.4	375.34	0.0566	426.1	7.670	15.12	7.25	1.47
	32.35	15.63	67.65	-0.00	0.0611	10.60	466.3	376.09	0.0566	426.1	7.669	15.12	7.25	1.47
	33.35	15.65	67.65	-0.00	0.0610	10.60	466.2	376.03	0.0569	427.0	7.685	15.15	7.28	1.47
	34.35	15.63	67.65	-0.00	0.0607	10.55	464.3	374.52	0.0570	432.5	7.786	15.35	7.47	1.47
	35.37	15.65	67.65	-0.00	0.0608	10.56	464.8	374.92	0.0568	428.6	7.715	15.21	7.34	1.47
	36.35	15.65	67.63	0.00	0.0610	10.57	465.1	375.28	0.0569	429.5	7.730	15.25	7.36	1.47
	37.36	15.65	67.65	-0.00	0.0610	10.58	465.6	375.55	0.0569	428.8	7.719	15.22	7.34	1.47
	38.34	15.66	67.65	0.00	0.0611	10.58	465.5	375.49	0.0570	430.4	7.747	15.28	7.40	1.47
	39.36	15.66	67.68	0.00	0.0611	10.60	466.5	376.15	0.0569	428.7	7.716	15.21	7.34	1.47
	40.36	15.66	67.65	-0.00	0.0610	10.59	466.1	376.00	0.0570	429.2	7.726	15.24	7.36	1.47
	41.36	15.68	67.63	-0.00	0.0611	10.62	467.1	376.98	0.0570	430.4	7.747	15.28	7.40	1.47
	42.34	15.66	67.65	0.00	0.0610	10.61	467.0	376.71	0.0569	429.0	7.722	15.23	7.35	1.47
	43.35	15.68	67.65	-0.00	0.0610	10.61	466.8	376.56	0.0569	430.3	7.746	15.27	7.40	1.47
	44.37	15.68	67.66	0.00	0.0610	10.60	466.4	376.24	0.0570	430.5	7.749	15.28	7.40	1.47
	45.35	15.68	67.66	0.00	0.0610	10.61	466.8	376.56	0.0571	430.8	7.755	15.29	7.41	1.47
	46.35	15.68	67.65	-0.00	0.0611	10.61	467.1	376.78	0.0571	432.1	7.778	15.34	7.46	1.47
	47.42	15.71	67.63	-0.00	0.0612	10.62	467.2	377.10	0.0568	431.8	7.772	15.33	7.45	1.47
	48.34	15.68	67.68	0.00	0.0609	10.54	463.8	374.03	0.0552	413.3	7.439	14.66	6.81	1.47
	49.36	15.70	67.68	-0.00	0.0611	10.58	465.7	375.53	0.0564	422.2	7.600	14.98	7.12	1.47
	50.34	15.70	67.68	-0.00	0.0612	10.62	467.1	376.71	0.0571	431.3	7.764	15.30	7.43	1.47
	51.42	15.71	67.68	0.00	0.0612	10.63	467.8	377.31	0.0574	433.4	7.801	15.38	7.50	1.47
	52.35	15.70	67.65	0.00	0.0609	10.61	467.0	376.71	0.0571	434.7	7.825	15.43	7.55	1.47
	53.37	15.71	67.63	-0.00	0.0610	10.60	466.4	376.42	0.0575	436.0	7.848	15.48	7.59	1.47
	54.37	15.70	67.63	-0.00	0.0611	10.60	466.5	376.49	0.0574	435.0	7.831	15.45	7.56	1.47
	55.35	15.71	67.65	0.00	0.0612	10.62	467.4	377.07	0.0575	435.4	7.837	15.46	7.57	1.47
	56.35	15.74	67.66	0.00	0.0610	10.62	467.2	376.95	0.0577	437.4	7.874	15.53	7.64	1.47
	57.36	15.71	67.65	-0.00	0.0613	10.63	467.7	377.34	0.0577	437.7	7.879	15.54	7.65	1.47
	58.36	15.71	67.65	-0.00	0.0611	10.62	467.3	377.04	0.0578	438.4	7.892	15.56	7.67	1.47
	59.34	15.71	67.65	-0.00	0.0611	10.61	467.0	376.77	0.0574	436.4	7.855	15.49	7.60	1.47
	60.44	15.70	67.68	-0.00	0.0612	10.62	467.1	376.71	0.0577	437.9	7.883	15.54	7.65	1.47
	61.34	15.74	67.66	0.00	0.0611	10.63	467.9	377.51	0.0581	442.4	7.963	15.70	7.80	1.47
	62.35	15.73	67.63	0.00	0.0611	10.62	467.3	377.19	0.0583	444.4	7.999	15.78	7.87	1.47
	63.41	15.73	67.65	0.00	0.0612	10.63	467.7	377.35	0.0582	444.0	7.992	15.76	7.86	1.47
	64.35	15.73	67.65	-0.00	0.0613	10.63	467.9	377.51	0.0556	432.6	7.787	15.36	7.47	1.47
	65.33	15.74	67.63	0.00	0.0609	10.60	466.6	376.64	0.0553	415.3	7.475	14.75	6.88	1.47
	66.36	15.78	67.66	0.00	0.0610	10.55	464.4	374.75	0.0566	415.0	7.469	14.73	6.87	1.47
	67.36	15.74	67.66	0.00	0.0612	10.63	467.5	377.21	0.0576	438.0	7.883	15.55	7.66	1.47
	68.34	15.74	67.65	-0.00	0.0611	10.61	466.8	376.70	0.0570	428.3	7.710	15.21	7.33	1.47
	69.36	15.74	67.65	-0.00	0.0609	10.59	466.0	376.01	0.0573	431.3	7.763	15.31	7.43	1.47
	70.34	15.74	67.66	0.00	0.0613	10.62	467.1	376.85	0.0586	447.0	8.046	15.87	7.96	1.47
	71.36	15.74	67.65	0.00	0.0611	10.62	467.4	377.12	0.0586	446.4	8.035	15.85	7.94	1.47
	72.35	15.76	67.68	0.00	0.0610	10.60	466.2	376.05	0.0589	450.3	8.106	15.98	8.07	1.47
	73.37	15.76	67.65	-0.00	0.0612	10.61	466.9	376.77	0.0590	452.3	8.142	16.06	8.13	1.47
	74.35	15.74	67.63	0.00	0.0613	10.62	467.3	377.21	0.0581	441.9	7.954	15.70	7.79	1.47
	75.33	15.78	67.65	-0.00	0.0610	10.62	467.4	377.16	0.0561	423.8	7.629	15.05	7.18	1.47
	76.36	15.78	67.66	-0.00	0.0610	10.61	466.8	376.65	0.0566	422.0	7.596	14.98	7.12	1.47
	77.36	15.78	67.65	0.00	0.0614	10.64	468.2	377.81	0.0589	452.0	8.136	16.05	8.12	1.47
	78.38	15.76	67.68	-0.00	0.0610	10.63	467.7	377.29	0.0572	431.1	7.760	15.30	7.43	1.47
	79.34	15.78	67.65	0.00	0.0612	10.62	467.4	377.16	0.0572	434.9	7.828	15.44	7.55	1.47
	80.34	15.78	67.63	0.00	0.0614	10.65	468.8	378.43	0.0580	438.6	7.895	15.58	7.68	1.47
	81.42	15.78	67.66	0.00	0.0612	10.66	468.9	378.34	0.0591	452.5	8.144	16.06	8.14	1.47
	82.35	15.79	67.68	-0.00	0.0611	10.63	467.5	377.17	0.0593	455.3	8.195	16.16	8.23	1.47
	83.35	15.78	67.66	-0.00	0.0615	10.65	468.7	378.20	0.0594	456.4	8.216	16.21	8.26	1.47
	84.36	15.78	67.66	0.00	0.0613	10.67	469.5	378.89	0.0597	459.4	8.270	16.31	8.36	1.47
	85.35	15.78	67.66	0.00	0.0614	10.65	468.8	378.29	0.0596	458.3	8.250	16.27	8.33	1.47
	86.35	15.81	67.66	0.00	0.0612	10.64	468.3	377.93	0.0597	458.2	8.247	16.27	8.32	1.47
	87.36	15.79	67.65	0.00	0.0611	10.64	468.3	377.93	0.0596	458.9	8.261	16.30	8.35	1.47
	88.34	15.81	67.65	-0.00	0.0614	10.64	468.0	377.72	0.0596	457.7	8.239	16.25	8.31	1.48
	89.36	15.83	67.66	-0.00	0.0614	10.67	469.5	378.94	0.0601	462.6	8.326	16.43	8.46	1.48
	90.36	15.82	67.65	0.00	0.0610	10.61	466.8	376.77	0.0579	438.9	7.900	15.59	7.69	1.47
	91.35	15.81	67.65	0.00	0.0614	10.65	468.8	378.31	0.0597	457.5	8.235	16.25	8.30	1.47
	92.35	15.82	67.66	-0.00	0.0611	10.64	468.2	377.88	0.0594	456.0	8.208	16.19	8.25	1.48
	93.35	15.81	67.65	0.00	0.0612	10.63	467.7	377.44	0.0593	456.1	8.210	16.20	8.26	1.48
	94.35	15.83	67.68	0.00	0.0614	10.64	468.1	377.68	0.0595	455.5	8.199	16.17	8.24	1.48
	95.33	15.81	67.66	0.00	0.0612	10.66	469.1	378.60	0.0603	465.0	8.370	16.51	8.54	1.47
	96.36	15.81	67.65	-0.00	0.0612	10.62	467.1	377.01	0.0602	465.0	8.369	16.51	8.54	1.47
	97.41	15.83	67.66	0.00	0.0612	10.66	468.9	378.47	0.0605	468.1	8.425	16.62	8.64	1.48
	98.36	15.81	67.68	0.00	0.0614	10.63	467.6	377.28	0.0603	466.0	8.388	16.54	8.57	1.48
	99.36	15.84	67.65	0.00	0.0611	10.65	468.5	378.13	0.0604	467.0	8.406	16.59	8.61	1.48
	100.36	15.84	67.65	0.00	0.0613	10.64	468.1	377.82	0.0606	470.1	8.462	16.70	8.70	1.48
	101.35	15.84	67.65	0.00	0.0613	10.67	469.7	379.11	0.0606	467.8	8.421	16.62	8.63	1.48
	102.35	15.83	67.63	0.00	0.0612	10.66	469.1	378.78	0.0606	471.3	8.483	16.74	8.74	1.48
	103.35	15.87	67.65	0.00	0.0614	10.64	468.2	378.01	0.0605	468.5	8.433	16.64	8.66	1.48
	104.43	15.86	67.68	0.00	0.0612	10.66	468.8	378.32	0.0608	471.9	8.495	16.76	8.76	1.48
	105.35	15.84	67.63	0.00	0.0614	10.65	468.7	378.45	0.0603	467.1	8.409	16.60	8.61	1.48
	106.35	15.82	67.65	0.00	0.0612	10.65	468.7	378.28	0.0607	469.6	8.452	16.68	8.69	1.48
	107.34	15.84	67.65	-0.00	0.0614	10.66	469.0	378.59	0.0604	469.0	8.441	16.66	8.67	1.48
	108.34	15.86	67.65	-0.00	0.0612	10.64	468.2	377.90	0.0602	464.7	8.364	16.50	8.53	1.48
	109.36	15.86	67.68	-0.00	0.0611	10.66	469.0	378.45	0.0604	466.5	8.398	16.56	8.59	1.48
	110.34	15.83	67.66	-0.00	0.0615	10.63	467.9	377.61	0.0612	473.3	8.520	16.81	8.80	1.48
	111.35	15.86	67.68	-0.00	0.0613	10.65	468.5	377.99	0.0608	473.4	8.521	16.81	8.81	1.48
	112.34	15.86	67.66	-0.00	0.0612	10.64	468.1	377.84	0.0606	472.0	8.496	16.76	8.76	1.48
	113.35	15.86	67.65	-0.00	0.0610	10.63	467.7	377.51	0.0591	450.0	8.099	15.98	8.06	1.48
	114.35	15.86	67.63	0.00	0.0611	10.63	467.8	377.79	0.0608	465.8	8.385	16.55	8.57	1.48
	115.36	15.87	67.63	-0.00	0.0613	10.60	466.5	376.70	0.0611	474.6	8.544	16.87	8.85	1.48
	116.35	15.87	67.63	0.00	0.0611	10.66	469.1	378.80	0.0615	479.7	8.635	17.04	9.00	1.48
	117.34	15.89	67.63	-0.00	0.0614	10.66	469.1	378.86	0.0594	460.5	8.288	16.36	8.40	1.48
