Jul 28 2015 at 13:23:40
Frequency: 1.00Hz.
CO2
Zero:  Value:0.95  Date:18 Mar 2005	 at 07:22:33	
Span:  Value:1.00  Date:18 Mar 2005	 at 07:25:09	
H2O
Zero:  Value:0.71  Date:18 Mar 2005	 at 07:52:31	
Span:  Value:0.99  Date:18 Mar 2005	 at 11:44:01	
	Relative Time	Temperature	Pressure	Aux Input	CO2 Absorptance	CO2 mmol/m3	CO2 mg/m3	CO2 umol/mol	H2O Absorptance	H2O mmol/m3	H2O g/m3	H2O mmol/mol	H2O(°C)	Cooler Voltage
	0.91	32.87	67.70	0.00	0.0621	10.85	477.4	407.78	0.0434	293.1	5.276	11.01	2.71	1.60
	1.90	32.94	67.72	0.00	0.0621	10.82	476.2	406.70	0.0442	302.8	5.450	11.38	3.18	1.60
	2.90	32.89	67.70	-0.00	0.0621	10.85	477.6	407.96	0.0427	288.8	5.199	10.85	2.51	1.59
	3.90	32.87	67.73	0.00	0.0620	10.83	476.4	406.70	0.0435	298.0	5.364	11.20	2.95	1.60
	4.90	32.89	67.68	-0.00	0.0620	10.81	475.6	406.37	0.0438	298.3	5.370	11.22	2.96	1.60
	5.90	32.94	67.68	0.00	0.0620	10.81	475.9	406.67	0.0446	303.9	5.471	11.43	3.23	1.60
	6.88	32.95	67.70	0.00	0.0620	10.83	476.5	407.09	0.0446	306.4	5.515	11.52	3.34	1.60
	7.89	32.97	67.70	0.00	0.0621	10.84	476.8	407.34	0.0455	314.4	5.660	11.82	3.71	1.60
	8.89	33.00	67.70	-0.00	0.0621	10.83	476.4	407.10	0.0458	317.3	5.711	11.93	3.84	1.60
	9.89	33.00	67.72	0.00	0.0620	10.83	476.5	407.03	0.0457	317.6	5.717	11.94	3.86	1.60
	10.89	33.00	67.70	-0.00	0.0619	10.79	474.7	405.60	0.0460	319.9	5.759	12.03	3.96	1.60
	11.90	33.00	67.70	-0.00	0.0618	10.77	473.8	404.84	0.0461	320.9	5.776	12.06	4.00	1.59
	12.90	32.98	67.70	-0.00	0.0618	10.76	473.4	404.47	0.0461	320.2	5.763	12.04	3.97	1.60
	13.90	32.98	67.70	-0.00	0.0618	10.78	474.5	405.37	0.0476	333.8	6.009	12.55	4.57	1.59
	14.90	33.00	67.67	0.00	0.0616	10.73	472.2	403.62	0.0472	330.5	5.949	12.43	4.42	1.59
	15.90	33.00	67.67	0.00	0.0617	10.74	472.8	404.13	0.0480	340.2	6.124	12.80	4.84	1.59
	16.89	33.02	67.68	0.00	0.0617	10.74	472.4	403.79	0.0474	333.9	6.010	12.56	4.57	1.60
	17.88	33.00	67.70	0.00	0.0617	10.73	472.3	403.54	0.0480	339.6	6.113	12.77	4.81	1.60
	18.89	33.02	67.68	0.00	0.0616	10.73	471.9	403.42	0.0491	349.6	6.292	13.15	5.23	1.60
	19.89	33.07	67.70	0.00	0.0617	10.75	472.9	404.18	0.0490	348.2	6.267	13.09	5.17	1.60
	20.90	33.04	67.68	0.00	0.0615	10.70	470.6	402.33	0.0492	349.0	6.282	13.13	5.20	1.59
	21.90	33.04	67.70	0.00	0.0616	10.73	472.2	403.50	0.0492	350.6	6.311	13.18	5.27	1.60
	22.90	33.02	67.68	0.00	0.0616	10.70	470.7	402.34	0.0505	363.9	6.550	13.69	5.81	1.60
	23.91	33.02	67.66	0.00	0.0616	10.72	471.7	403.30	0.0500	357.9	6.443	13.47	5.57	1.60
	24.88	33.04	67.68	0.00	0.0614	10.69	470.5	402.17	0.0503	363.6	6.544	13.68	5.79	1.60
	25.91	33.00	67.70	-0.00	0.0615	10.72	471.6	402.96	0.0508	363.9	6.550	13.68	5.80	1.60
	26.89	33.00	67.72	0.00	0.0614	10.68	469.8	401.27	0.0521	379.4	6.828	14.26	6.41	1.59
	27.91	33.02	67.68	-0.00	0.0613	10.66	469.0	400.93	0.0519	376.8	6.782	14.17	6.31	1.60
	28.89	33.00	67.72	0.00	0.0616	10.72	471.5	402.71	0.0514	370.6	6.672	13.93	6.07	1.60
	29.89	32.99	67.71	0.00	0.0615	10.70	471.0	402.38	0.0515	373.1	6.716	14.03	6.17	1.60
	30.90	32.98	67.68	-0.00	0.0616	10.73	472.1	403.52	0.0538	391.7	7.051	14.73	6.87	1.60
	31.89	32.95	67.70	0.00	0.0616	10.73	472.3	403.47	0.0534	389.8	7.017	14.65	6.80	1.60
	32.88	32.93	67.70	0.00	0.0615	10.72	471.9	403.11	0.0530	388.6	6.995	14.61	6.75	1.59
	33.96	32.93	67.70	0.00	0.0616	10.71	471.3	402.63	0.0527	385.8	6.944	14.50	6.65	1.60
	34.90	32.91	67.68	-0.00	0.0616	10.73	471.9	403.28	0.0530	388.7	6.996	14.61	6.76	1.60
	35.90	32.91	67.72	0.00	0.0615	10.70	471.0	402.21	0.0535	394.2	7.096	14.81	6.96	1.60
	36.89	32.91	67.70	0.00	0.0615	10.69	470.3	401.70	0.0542	403.7	7.267	15.17	7.31	1.60
	37.89	32.94	67.68	0.00	0.0613	10.63	467.9	399.83	0.0540	395.2	7.114	14.86	7.00	1.60
	38.89	32.88	67.70	0.00	0.0613	10.68	469.7	401.19	0.0544	402.5	7.245	15.13	7.26	1.60
	39.91	32.93	67.70	-0.00	0.0612	10.62	467.2	399.17	0.0547	404.8	7.287	15.22	7.35	1.60
	40.90	33.00	67.68	0.00	0.0613	10.63	467.8	399.91	0.0561	417.0	7.506	15.68	7.79	1.60
	41.90	33.00	67.65	-0.00	0.0612	10.65	468.7	400.77	0.0553	413.1	7.437	15.54	7.65	1.60
	42.90	32.98	67.68	0.00	0.0615	10.68	469.9	401.67	0.0565	424.7	7.644	15.97	8.05	1.59
	43.90	33.03	67.70	0.00	0.0614	10.68	469.9	401.57	0.0579	436.3	7.854	16.41	8.46	1.60
	44.90	33.04	67.68	0.00	0.0613	10.66	469.0	400.92	0.0574	435.4	7.837	16.38	8.42	1.60
	45.90	33.04	67.68	0.00	0.0615	10.69	470.4	402.18	0.0573	433.5	7.803	16.31	8.36	1.60
	46.89	33.06	67.68	0.00	0.0614	10.69	470.5	402.24	0.0574	436.4	7.854	16.41	8.46	1.60
	47.97	33.09	67.70	0.00	0.0614	10.68	469.8	401.54	0.0576	433.9	7.811	16.32	8.38	1.60
	48.89	33.09	67.70	0.00	0.0613	10.66	468.9	400.76	0.0578	439.2	7.906	16.52	8.56	1.60
	49.89	33.08	67.70	0.00	0.0613	10.65	468.5	400.46	0.0576	438.0	7.883	16.47	8.51	1.60
	50.90	33.11	67.70	-0.00	0.0612	10.65	468.4	400.40	0.0575	434.6	7.823	16.35	8.40	1.60
	51.90	33.06	67.73	0.00	0.0611	10.62	467.3	399.17	0.0579	438.5	7.893	16.48	8.53	1.60
	52.92	33.06	67.70	-0.00	0.0613	10.66	468.9	400.76	0.0584	445.0	8.010	16.74	8.75	1.60
	53.91	33.06	67.70	-0.00	0.0613	10.65	468.6	400.48	0.0578	440.9	7.937	16.58	8.61	1.60
	54.88	33.08	67.70	0.00	0.0613	10.65	468.8	400.68	0.0587	447.1	8.047	16.81	8.82	1.60
	55.91	33.09	67.68	-0.00	0.0611	10.62	467.2	399.49	0.0590	449.3	8.088	16.90	8.89	1.60
	56.88	33.05	67.72	0.00	0.0612	10.59	465.8	397.94	0.0595	456.9	8.225	17.18	9.14	1.60
	57.89	33.06	67.68	0.00	0.0610	10.60	466.5	398.84	0.0592	453.3	8.159	17.05	9.02	1.60
	58.89	33.06	67.68	0.00	0.0611	10.59	465.9	398.30	0.0583	443.0	7.974	16.66	8.68	1.60
	59.89	33.06	67.68	0.00	0.0610	10.60	466.3	398.65	0.0582	442.7	7.969	16.65	8.67	1.60
	60.89	33.09	67.70	0.00	0.0610	10.59	465.8	398.11	0.0586	448.1	8.065	16.85	8.85	1.60
	61.89	33.09	67.68	0.00	0.0610	10.59	465.8	398.30	0.0588	450.6	8.111	16.95	8.93	1.60
	62.90	33.11	67.70	-0.00	0.0610	10.58	465.3	397.76	0.0592	453.6	8.165	17.06	9.03	1.60
	63.90	33.09	67.68	-0.00	0.0609	10.56	464.6	397.23	0.0591	452.8	8.151	17.04	9.01	1.60
	64.90	33.06	67.70	0.00	0.0609	10.56	464.7	397.17	0.0592	453.3	8.159	17.05	9.02	1.60
	65.91	33.09	67.70	0.00	0.0609	10.57	465.1	397.58	0.0592	453.7	8.167	17.06	9.04	1.60
	66.91	33.04	67.68	-0.00	0.0609	10.55	464.3	396.94	0.0595	458.0	8.243	17.23	9.17	1.60
	67.89	33.09	67.70	-0.00	0.0609	10.56	464.8	397.28	0.0591	453.3	8.159	17.05	9.02	1.60
	68.89	33.09	67.70	0.00	0.0608	10.54	463.7	396.32	0.0596	456.4	8.215	17.16	9.12	1.60
	69.89	33.11	67.70	0.00	0.0609	10.55	464.4	396.97	0.0594	455.5	8.199	17.13	9.10	1.60
	70.89	33.08	67.70	0.00	0.0608	10.54	463.7	396.36	0.0594	456.2	8.211	17.16	9.12	1.60
	71.90	33.10	67.68	-0.00	0.0609	10.54	464.0	396.73	0.0600	457.9	8.242	17.23	9.17	1.60
	72.96	33.13	67.70	0.00	0.0607	10.54	463.7	396.37	0.0601	463.0	8.333	17.41	9.34	1.60
	73.88	33.10	67.70	0.00	0.0607	10.52	462.7	395.51	0.0602	463.1	8.336	17.42	9.34	1.60
	74.90	33.15	67.68	0.00	0.0607	10.53	463.2	396.14	0.0602	464.3	8.358	17.47	9.38	1.60
	75.89	33.14	67.68	-0.00	0.0607	10.52	463.0	395.91	0.0603	468.0	8.423	17.61	9.50	1.60
	76.89	33.16	67.70	0.00	0.0608	10.54	463.7	396.46	0.0602	465.2	8.374	17.50	9.41	1.60
	77.89	33.18	67.73	-0.00	0.0609	10.53	463.3	395.92	0.0603	465.3	8.375	17.50	9.41	1.60
	78.92	33.20	67.72	-0.00	0.0608	10.54	463.6	396.24	0.0608	471.9	8.494	17.75	9.63	1.60
	79.89	33.25	67.70	0.00	0.0608	10.52	462.8	395.82	0.0606	469.4	8.449	17.66	9.55	1.60
	80.92	33.27	67.67	-0.00	0.0607	10.53	463.4	396.50	0.0606	470.8	8.475	17.72	9.59	1.60
	81.90	33.26	67.70	0.00	0.0607	10.54	463.7	396.52	0.0612	471.0	8.478	17.72	9.60	1.60
	82.88	33.29	67.68	0.00	0.0606	10.49	461.5	394.88	0.0615	480.0	8.640	18.07	9.88	1.60
	83.90	33.29	67.70	0.00	0.0608	10.50	461.9	395.02	0.0625	485.2	8.733	18.26	10.04	1.60
	84.88	33.22	67.70	0.00	0.0607	10.51	462.3	395.35	0.0628	495.3	8.916	18.64	10.35	1.60
	85.89	33.23	67.65	0.00	0.0606	10.51	462.3	395.62	0.0635	502.6	9.047	18.92	10.57	1.60
	86.88	33.25	67.70	0.00	0.0606	10.49	461.6	394.80	0.0637	506.5	9.117	19.06	10.69	1.60
	87.89	33.20	67.70	0.00	0.0606	10.50	461.9	394.96	0.0635	504.8	9.086	18.99	10.63	1.60
	88.89	33.22	67.68	-0.00	0.0606	10.51	462.5	395.62	0.0635	505.5	9.100	19.03	10.66	1.60
	89.92	33.26	67.70	-0.00	0.0605	10.47	460.8	394.05	0.0638	506.3	9.113	19.05	10.68	1.60
	90.90	33.28	67.68	-0.00	0.0607	10.52	462.7	395.88	0.0634	502.4	9.043	18.91	10.56	1.60
	91.90	33.31	67.70	-0.00	0.0608	10.54	463.7	396.62	0.0629	494.8	8.906	18.62	10.34	1.60
	92.90	33.31	67.70	0.00	0.0608	10.54	463.8	396.67	0.0629	494.3	8.897	18.60	10.32	1.60
	93.90	33.29	67.73	-0.00	0.0608	10.54	463.7	396.45	0.0628	495.9	8.926	18.65	10.37	1.60
	94.91	33.32	67.70	-0.00	0.0607	10.53	463.3	396.30	0.0627	493.8	8.889	18.58	10.31	1.60
	95.97	33.31	67.68	0.00	0.0607	10.52	463.0	396.17	0.0625	492.0	8.856	18.52	10.25	1.60
	96.89	33.31	67.73	0.00	0.0608	10.54	464.0	396.69	0.0622	488.8	8.798	18.39	10.16	1.60
	97.89	33.33	67.70	0.00	0.0607	10.53	463.1	396.13	0.0619	484.8	8.726	18.25	10.03	1.60
	98.89	33.37	67.73	0.00	0.0607	10.52	462.9	395.84	0.0619	485.0	8.730	18.25	10.04	1.60
	99.97	33.39	67.65	-0.00	0.0605	10.48	461.0	394.69	0.0625	490.6	8.831	18.48	10.22	1.60
	100.90	33.40	67.70	0.00	0.0605	10.51	462.3	395.52	0.0626	487.9	8.782	18.37	10.13	1.60
	101.90	33.46	67.73	0.00	0.0605	10.49	461.5	394.77	0.0635	501.8	9.032	18.89	10.56	1.60
	102.88	33.43	67.70	0.00	0.0606	10.50	461.8	395.17	0.0630	495.4	8.917	18.65	10.36	1.60
	103.88	33.48	67.70	0.00	0.0604	10.47	460.6	394.23	0.0625	490.6	8.831	18.47	10.22	1.60
	104.89	33.47	67.70	-0.00	0.0605	10.46	460.2	393.84	0.0632	498.8	8.979	18.78	10.47	1.60
	105.89	33.47	67.68	-0.00	0.0605	10.47	460.6	394.36	0.0627	495.3	8.915	18.66	10.36	1.60
	106.91	33.50	67.70	-0.00	0.0604	10.47	460.8	394.33	0.0629	496.5	8.936	18.70	10.40	1.60
	107.91	33.47	67.68	-0.00	0.0603	10.44	459.5	393.43	0.0630	496.4	8.935	18.70	10.40	1.60
	108.90	33.52	67.70	0.00	0.0603	10.44	459.4	393.23	0.0628	493.8	8.889	18.60	10.32	1.60
	109.90	33.48	67.70	-0.00	0.0603	10.43	458.7	392.57	0.0628	493.9	8.889	18.60	10.32	1.60
	110.90	33.43	67.70	0.00	0.0604	10.46	460.1	393.69	0.0628	494.8	8.906	18.63	10.34	1.60
	111.90	33.47	67.68	0.00	0.0603	10.45	459.7	393.59	0.0627	490.5	8.829	18.48	10.22	1.60
	112.91	33.48	67.70	0.00	0.0605	10.45	459.8	393.52	0.0626	491.9	8.854	18.52	10.26	1.60
	113.90	33.39	67.68	-0.00	0.0605	10.44	459.5	393.26	0.0620	486.4	8.755	18.32	10.09	1.60
	114.89	33.36	67.70	-0.00	0.0606	10.49	461.6	394.88	0.0622	487.5	8.775	18.35	10.12	1.60
	115.89	33.32	67.70	0.00	0.0604	10.45	459.9	393.35	0.0620	485.2	8.733	18.26	10.04	1.60
	116.88	33.27	67.68	0.00	0.0605	10.48	461.0	394.37	0.0624	491.5	8.847	18.50	10.24	1.60
	117.91	33.27	67.66	0.00	0.0604	10.46	460.4	393.98	0.0627	492.6	8.866	18.55	10.27	1.60
	118.90	33.29	67.72	-0.00	0.0604	10.46	460.1	393.36	0.0625	491.3	8.843	18.48	10.23	1.60
	119.92	33.34	67.70	-0.00	0.0604	10.46	460.4	393.81	0.0627	493.5	8.882	18.57	10.30	1.60
	120.90	33.34	67.73	-0.00	0.0604	10.43	459.1	392.60	0.0631	494.3	8.898	18.60	10.33	1.60
