Jul 28 2015 at 12:00:50
Frequency: 1.00Hz.
CO2
Zero:  Value:0.95  Date:18 Mar 2005	 at 07:22:33	
Span:  Value:1.00  Date:18 Mar 2005	 at 07:25:09	
H2O
Zero:  Value:0.71  Date:18 Mar 2005	 at 07:52:31	
Span:  Value:0.99  Date:18 Mar 2005	 at 11:44:01	
	Relative Time	Temperature	Pressure	Aux Input	CO2 Absorptance	CO2 mmol/m3	CO2 mg/m3	CO2 umol/mol	H2O Absorptance	H2O mmol/m3	H2O g/m3	H2O mmol/mol	H2O(°C)	Cooler Voltage
	0.39	29.73	67.68	0.00	0.0629	11.05	486.0	410.99	0.0410	284.4	5.119	10.58	2.15	1.59
	1.37	29.73	67.70	0.00	0.0632	11.08	487.7	412.26	0.0419	281.6	5.068	10.47	2.01	1.59
	2.40	29.73	67.68	0.00	0.0634	11.09	488.2	412.83	0.0429	288.5	5.193	10.73	2.35	1.59
	3.37	29.73	67.70	0.00	0.0633	11.10	488.4	412.87	0.0426	281.9	5.074	10.48	2.02	1.59
	4.37	29.75	67.68	0.00	0.0633	11.11	488.7	413.33	0.0424	284.9	5.128	10.60	2.17	1.59
	5.45	29.75	67.70	0.00	0.0629	11.02	485.1	410.09	0.0433	296.2	5.332	11.02	2.72	1.59
	6.38	29.75	67.70	0.00	0.0629	11.02	485.0	410.00	0.0430	289.3	5.207	10.76	2.39	1.59
	7.41	29.72	67.68	-0.00	0.0625	10.93	481.0	406.73	0.0424	287.9	5.183	10.71	2.32	1.59
	8.38	29.73	67.65	0.00	0.0626	10.96	482.1	407.79	0.0441	306.3	5.513	11.40	3.19	1.59
	9.38	29.72	67.68	0.00	0.0624	10.90	479.4	405.41	0.0421	287.1	5.167	10.68	2.28	1.59
	10.39	29.74	67.67	-0.00	0.0622	10.86	477.6	403.96	0.0422	287.2	5.169	10.69	2.28	1.59
	11.39	29.70	67.70	-0.00	0.0626	10.95	481.7	407.16	0.0419	280.3	5.045	10.42	1.94	1.59
	12.39	29.70	67.68	-0.00	0.0626	10.94	481.3	406.95	0.0416	287.5	5.176	10.70	2.30	1.59
	13.40	29.70	67.70	-0.00	0.0625	10.93	480.8	406.38	0.0423	286.7	5.161	10.66	2.26	1.59
	14.38	29.70	67.70	0.00	0.0624	10.89	479.0	404.90	0.0420	280.8	5.055	10.45	1.97	1.59
	15.40	29.69	67.75	-0.00	0.0625	10.91	479.9	405.34	0.0422	283.7	5.107	10.55	2.11	1.59
	16.40	29.72	67.68	-0.00	0.0625	10.90	479.5	405.45	0.0426	286.9	5.164	10.67	2.27	1.59
	17.38	29.70	67.68	0.00	0.0622	10.89	479.3	405.32	0.0429	289.9	5.219	10.79	2.42	1.59
	18.38	29.77	67.68	0.00	0.0622	10.87	478.3	404.51	0.0428	290.0	5.219	10.79	2.42	1.59
	19.39	29.72	67.70	-0.00	0.0623	10.86	477.9	403.93	0.0430	289.8	5.217	10.78	2.41	1.59
	20.37	29.71	67.68	0.00	0.0622	10.84	477.1	403.43	0.0429	292.2	5.260	10.87	2.53	1.59
	21.39	29.73	67.68	0.00	0.0622	10.85	477.2	403.56	0.0429	290.6	5.231	10.81	2.45	1.59
	22.39	29.73	67.68	-0.00	0.0622	10.86	477.7	403.95	0.0438	300.5	5.409	11.18	2.92	1.59
	23.39	29.73	67.70	0.00	0.0620	10.82	476.3	402.64	0.0436	297.7	5.359	11.07	2.79	1.59
	24.38	29.78	67.68	0.00	0.0621	10.84	477.0	403.46	0.0436	297.1	5.349	11.06	2.76	1.59
	25.37	29.75	67.68	0.00	0.0620	10.84	476.8	403.28	0.0436	298.3	5.369	11.10	2.82	1.59
	26.39	29.75	67.65	-0.00	0.0621	10.83	476.4	403.02	0.0443	303.5	5.463	11.30	3.06	1.59
	27.38	29.75	67.68	0.00	0.0620	10.82	476.3	402.78	0.0445	306.4	5.515	11.40	3.20	1.59
	28.39	29.75	67.68	-0.00	0.0619	10.81	475.5	402.17	0.0449	310.6	5.590	11.56	3.39	1.59
	29.39	29.78	67.68	-0.00	0.0618	10.79	474.5	401.37	0.0447	307.8	5.541	11.46	3.26	1.59
	30.39	29.77	67.68	-0.00	0.0617	10.77	473.8	400.74	0.0454	313.3	5.639	11.66	3.51	1.59
	31.37	29.75	67.68	0.00	0.0619	10.79	474.6	401.35	0.0459	320.3	5.766	11.92	3.83	1.59
	32.39	29.78	67.70	0.00	0.0618	10.75	473.0	399.93	0.0464	319.4	5.750	11.88	3.79	1.59
	33.37	29.75	67.65	0.00	0.0617	10.75	472.8	399.98	0.0467	327.7	5.898	12.20	4.15	1.59
	34.38	29.75	67.72	0.00	0.0616	10.75	472.8	399.56	0.0465	324.0	5.833	12.05	3.99	1.59
	35.37	29.80	67.68	0.00	0.0616	10.70	470.8	398.24	0.0456	318.5	5.733	11.85	3.75	1.59
	36.40	29.78	67.67	-0.00	0.0616	10.75	473.1	400.16	0.0461	320.6	5.771	11.93	3.84	1.59
	37.44	29.75	67.68	0.00	0.0618	10.76	473.3	400.24	0.0465	324.2	5.836	12.06	4.00	1.59
	38.36	29.78	67.68	0.00	0.0618	10.77	473.9	400.86	0.0459	324.7	5.844	12.08	4.02	1.59
	39.39	29.73	67.68	0.00	0.0617	10.76	473.4	400.34	0.0476	334.5	6.022	12.45	4.44	1.59
	40.39	29.77	67.73	-0.00	0.0617	10.73	472.1	398.97	0.0482	332.5	5.985	12.36	4.36	1.59
	41.40	29.77	67.70	-0.00	0.0617	10.72	471.7	398.78	0.0496	340.6	6.131	12.67	4.70	1.59
	42.39	29.77	67.65	0.00	0.0616	10.72	471.7	399.11	0.0508	372.3	6.701	13.86	5.98	1.59
	43.38	29.75	67.70	0.00	0.0617	10.73	472.0	399.07	0.0510	368.4	6.631	13.70	5.83	1.59
	44.38	29.77	67.70	-0.00	0.0616	10.71	471.0	398.25	0.0524	380.9	6.857	14.17	6.31	1.59
	45.38	29.80	67.68	0.00	0.0615	10.70	470.9	398.34	0.0516	373.5	6.722	13.90	6.03	1.59
	46.38	29.75	67.68	0.00	0.0615	10.70	470.8	398.16	0.0504	368.5	6.633	13.71	5.83	1.59
	47.38	29.77	67.70	0.00	0.0615	10.71	471.1	398.34	0.0506	366.3	6.593	13.63	5.75	1.59
	48.38	29.77	67.68	0.00	0.0614	10.70	470.9	398.26	0.0500	366.0	6.589	13.62	5.74	1.59
	49.39	29.77	67.68	-0.00	0.0612	10.61	467.0	394.96	0.0494	349.6	6.292	13.01	5.07	1.59
	50.37	29.79	67.68	0.00	0.0614	10.65	468.7	396.43	0.0503	357.9	6.442	13.32	5.41	1.59
	51.39	29.75	67.68	0.00	0.0613	10.67	469.6	397.18	0.0501	360.8	6.494	13.42	5.53	1.59
	52.37	29.75	67.68	0.00	0.0615	10.68	470.1	397.60	0.0504	360.7	6.492	13.42	5.52	1.59
	53.38	29.75	67.70	-0.00	0.0615	10.68	470.1	397.44	0.0513	367.5	6.615	13.67	5.79	1.59
	54.37	29.78	67.68	0.00	0.0613	10.68	470.1	397.63	0.0510	368.7	6.636	13.72	5.84	1.59
	55.40	29.75	67.70	0.00	0.0614	10.68	469.8	397.15	0.0512	371.3	6.683	13.81	5.94	1.59
	56.39	29.73	67.68	-0.00	0.0614	10.70	470.7	398.04	0.0515	374.5	6.741	13.93	6.06	1.59
	57.38	29.73	67.68	0.00	0.0615	10.68	470.1	397.57	0.0521	377.5	6.794	14.05	6.18	1.59
	58.38	29.75	67.68	0.00	0.0613	10.68	469.7	397.28	0.0519	377.5	6.794	14.05	6.18	1.59
	59.37	29.73	67.68	0.00	0.0614	10.67	469.7	397.20	0.0528	384.4	6.919	14.30	6.44	1.59
	60.39	29.73	67.70	0.00	0.0615	10.69	470.2	397.45	0.0531	389.3	7.007	14.48	6.63	1.59
	61.37	29.76	67.70	0.00	0.0613	10.68	469.9	397.28	0.0529	388.3	6.989	14.44	6.59	1.59
	62.37	29.73	67.68	-0.00	0.0612	10.64	468.1	395.87	0.0525	383.6	6.906	14.28	6.41	1.59
	63.38	29.76	67.68	-0.00	0.0614	10.66	469.0	396.62	0.0534	393.7	7.087	14.65	6.79	1.59
	64.47	29.80	67.68	-0.00	0.0612	10.64	468.1	395.95	0.0535	390.4	7.028	14.53	6.67	1.59
	65.40	29.71	67.70	-0.00	0.0613	10.64	468.1	395.71	0.0535	393.7	7.086	14.64	6.79	1.59
	66.38	29.73	67.68	0.00	0.0611	10.60	466.5	394.49	0.0529	389.9	7.018	14.51	6.65	1.59
	67.39	29.78	67.70	-0.00	0.0612	10.60	466.6	394.53	0.0545	401.6	7.228	14.94	7.08	1.59
	68.38	29.75	67.68	0.00	0.0610	10.59	466.1	394.21	0.0545	404.4	7.280	15.05	7.18	1.59
	69.39	29.72	67.68	0.00	0.0608	10.55	464.0	392.37	0.0546	403.5	7.264	15.01	7.15	1.59
	70.39	29.75	67.67	-0.00	0.0610	10.59	465.9	394.08	0.0553	412.5	7.425	15.35	7.47	1.59
	71.39	29.75	67.68	-0.00	0.0609	10.59	465.7	393.89	0.0556	415.4	7.477	15.46	7.57	1.59
	72.37	29.73	67.68	0.00	0.0610	10.58	465.6	393.71	0.0556	416.2	7.492	15.49	7.60	1.59
	73.38	29.75	67.68	0.00	0.0609	10.55	464.2	392.60	0.0556	413.9	7.450	15.40	7.52	1.59
	74.37	29.75	67.68	0.00	0.0606	10.51	462.6	391.25	0.0551	411.7	7.410	15.32	7.44	1.59
	75.38	29.75	67.68	0.00	0.0609	10.57	465.0	393.21	0.0563	422.4	7.603	15.72	7.82	1.59
	76.38	29.75	67.70	-0.00	0.0610	10.58	465.3	393.39	0.0568	427.2	7.690	15.89	7.99	1.59
	77.39	29.76	67.68	-0.00	0.0609	10.57	465.1	393.32	0.0570	428.5	7.713	15.95	8.03	1.59
	78.38	29.79	67.68	-0.00	0.0609	10.56	464.5	392.86	0.0568	428.4	7.712	15.94	8.03	1.59
	79.39	29.75	67.68	-0.00	0.0609	10.56	464.7	393.05	0.0571	432.4	7.783	16.09	8.16	1.59
	80.39	29.78	67.68	0.00	0.0609	10.55	464.4	392.75	0.0573	430.3	7.745	16.01	8.09	1.59
	81.39	29.77	67.68	-0.00	0.0607	10.54	463.9	392.36	0.0569	431.2	7.762	16.05	8.12	1.59
	82.40	29.77	67.68	0.00	0.0608	10.51	462.6	391.28	0.0572	430.5	7.748	16.02	8.10	1.59
	83.38	29.80	67.68	0.00	0.0609	10.53	463.4	391.98	0.0583	438.8	7.898	16.33	8.38	1.59
	84.40	29.80	67.66	0.00	0.0607	10.53	463.4	392.09	0.0580	441.8	7.953	16.45	8.48	1.59
	85.38	29.77	67.67	0.00	0.0607	10.53	463.2	391.76	0.0578	443.3	7.979	16.50	8.53	1.59
	86.38	29.80	67.68	0.00	0.0606	10.52	462.8	391.47	0.0584	445.7	8.022	16.59	8.61	1.59
	87.38	29.80	67.68	0.00	0.0606	10.47	460.8	389.74	0.0585	444.3	7.997	16.53	8.57	1.59
	88.38	29.79	67.70	-0.00	0.0605	10.47	460.8	389.65	0.0584	444.0	7.992	16.52	8.56	1.59
	89.39	29.82	67.65	-0.00	0.0606	10.48	461.0	390.12	0.0587	447.7	8.059	16.67	8.68	1.59
	90.39	29.79	67.70	-0.00	0.0605	10.49	461.5	390.23	0.0589	450.4	8.107	16.76	8.77	1.59
	91.39	29.79	67.68	0.00	0.0607	10.49	461.4	390.23	0.0589	449.4	8.089	16.72	8.73	1.59
	92.46	29.79	67.70	0.00	0.0604	10.46	460.1	389.05	0.0584	445.5	8.020	16.58	8.61	1.59
	93.40	29.79	67.68	-0.00	0.0605	10.48	461.2	390.06	0.0588	450.3	8.105	16.76	8.76	1.59
	94.38	29.77	67.68	0.00	0.0606	10.48	461.2	390.12	0.0589	451.8	8.132	16.81	8.81	1.59
	95.38	29.79	67.65	0.00	0.0602	10.41	458.2	387.69	0.0583	441.8	7.953	16.45	8.48	1.59
	96.38	29.79	67.68	0.00	0.0605	10.47	460.7	389.66	0.0590	452.2	8.140	16.83	8.83	1.59
	97.38	29.84	67.70	0.00	0.0605	10.48	461.3	390.08	0.0591	453.4	8.162	16.87	8.87	1.59
	98.39	29.79	67.68	0.00	0.0605	10.48	461.1	389.99	0.0592	454.2	8.176	16.90	8.89	1.59
	99.37	29.79	67.65	0.00	0.0606	10.47	460.8	389.90	0.0593	455.1	8.191	16.94	8.92	1.59
	100.37	29.81	67.68	0.00	0.0604	10.47	460.5	389.56	0.0593	455.9	8.206	16.97	8.95	1.59
	101.39	29.79	67.70	0.00	0.0604	10.46	460.1	389.02	0.0597	458.6	8.255	17.06	9.03	1.59
	102.38	29.79	67.68	-0.00	0.0604	10.46	460.3	389.35	0.0598	461.5	8.307	17.17	9.13	1.59
	103.46	29.79	67.68	-0.00	0.0603	10.45	460.0	389.07	0.0600	463.4	8.342	17.25	9.19	1.59
	104.36	29.76	67.70	0.00	0.0603	10.44	459.4	388.37	0.0603	465.6	8.381	17.32	9.26	1.59
	105.38	29.79	67.68	0.00	0.0602	10.42	458.7	387.97	0.0604	466.0	8.388	17.34	9.27	1.59
	106.39	29.79	67.68	-0.00	0.0603	10.43	459.0	388.26	0.0608	467.2	8.410	17.39	9.31	1.59
	107.39	29.79	67.68	0.00	0.0603	10.42	458.4	387.73	0.0609	472.9	8.513	17.60	9.49	1.59
	108.39	29.79	67.68	-0.00	0.0603	10.41	458.0	387.40	0.0613	475.5	8.559	17.70	9.57	1.59
	109.37	29.80	67.68	0.00	0.0603	10.42	458.5	387.85	0.0614	477.6	8.597	17.78	9.64	1.59
	110.39	29.79	67.70	0.00	0.0602	10.40	457.6	386.92	0.0610	476.2	8.571	17.72	9.59	1.59
	111.37	29.84	67.68	0.00	0.0601	10.40	457.6	387.13	0.0611	474.8	8.546	17.67	9.55	1.59
	112.38	29.79	67.70	0.00	0.0603	10.41	458.0	387.25	0.0614	478.7	8.617	17.81	9.67	1.59
	113.37	29.79	67.68	0.00	0.0602	10.38	456.8	386.34	0.0613	478.1	8.606	17.79	9.65	1.59
	114.38	29.81	67.68	0.00	0.0602	10.40	457.5	386.93	0.0615	479.3	8.627	17.84	9.69	1.59
	115.38	29.84	67.68	-0.00	0.0600	10.36	456.0	385.72	0.0611	475.7	8.562	17.71	9.58	1.59
	116.38	29.81	67.70	0.00	0.0600	10.39	457.1	386.47	0.0615	479.4	8.630	17.84	9.70	1.59
	117.38	29.79	67.70	0.00	0.0601	10.38	456.9	386.27	0.0617	479.5	8.630	17.84	9.70	1.59
	118.39	29.81	67.68	-0.00	0.0600	10.38	456.7	386.35	0.0614	479.9	8.639	17.86	9.71	1.59
	119.37	29.76	67.67	-0.00	0.0601	10.38	456.5	386.12	0.0617	480.0	8.639	17.86	9.71	1.59
	120.40	29.82	67.68	-0.00	0.0600	10.36	455.7	385.52	0.0615	479.0	8.623	17.83	9.68	1.59
	121.40	29.81	67.68	-0.00	0.0601	10.37	456.1	385.83	0.0620	483.9	8.711	18.01	9.83	1.59
