Jul 28 2015 at 12:16:19
Frequency: 1.00Hz.
CO2
Zero:  Value:0.95  Date:18 Mar 2005	 at 07:22:33	
Span:  Value:1.00  Date:18 Mar 2005	 at 07:25:09	
H2O
Zero:  Value:0.71  Date:18 Mar 2005	 at 07:52:31	
Span:  Value:0.99  Date:18 Mar 2005	 at 11:44:01	
	Relative Time	Temperature	Pressure	Aux Input	CO2 Absorptance	CO2 mmol/m3	CO2 mg/m3	CO2 umol/mol	H2O Absorptance	H2O mmol/m3	H2O g/m3	H2O mmol/mol	H2O(°C)	Cooler Voltage
	0.72	29.33	67.68	0.00	0.0622	10.86	478.0	403.61	0.0396	264.3	4.757	9.82	1.10	1.60
	1.73	29.33	67.70	-0.00	0.0622	10.84	476.8	402.53	0.0408	268.9	4.841	9.99	1.35	1.60
	2.71	29.33	67.70	-0.00	0.0621	10.83	476.6	402.32	0.0413	276.3	4.974	10.27	1.73	1.60
	3.73	29.33	67.70	0.00	0.0620	10.81	475.8	401.67	0.0417	279.9	5.038	10.40	1.90	1.60
	4.71	29.31	67.70	0.00	0.0619	10.81	475.4	401.36	0.0421	283.8	5.108	10.54	2.10	1.60
	5.72	29.30	67.70	-0.00	0.0618	10.78	474.3	400.36	0.0424	286.1	5.150	10.63	2.21	1.60
	6.72	29.29	67.70	-0.00	0.0619	10.76	473.6	399.78	0.0435	288.2	5.188	10.71	2.31	1.60
	7.71	29.34	67.73	0.00	0.0618	10.78	474.4	400.39	0.0441	302.2	5.439	11.22	2.98	1.60
	8.80	29.27	67.72	-0.00	0.0619	10.77	474.0	399.96	0.0442	302.5	5.445	11.23	2.99	1.60
	9.72	29.27	67.68	-0.00	0.0618	10.79	474.8	400.90	0.0460	321.0	5.778	11.93	3.83	1.60
	10.73	29.27	67.70	-0.00	0.0618	10.76	473.4	399.61	0.0451	310.6	5.592	11.54	3.37	1.60
	11.79	29.31	67.70	0.00	0.0618	10.78	474.3	400.36	0.0453	313.6	5.644	11.65	3.50	1.60
	12.71	29.29	67.68	0.00	0.0618	10.76	473.4	399.78	0.0454	314.2	5.656	11.68	3.53	1.60
	13.73	29.33	67.70	0.00	0.0617	10.72	471.6	398.14	0.0451	310.3	5.585	11.53	3.35	1.60
	14.71	29.31	67.67	0.00	0.0617	10.76	473.6	399.93	0.0449	310.4	5.587	11.53	3.36	1.60
	15.72	29.31	67.70	0.00	0.0617	10.74	472.6	398.92	0.0448	308.0	5.545	11.44	3.25	1.60
	16.72	29.33	67.70	-0.00	0.0616	10.74	472.5	398.91	0.0445	306.2	5.511	11.37	3.17	1.60
	17.74	29.33	67.70	-0.00	0.0615	10.70	471.0	397.60	0.0444	306.4	5.516	11.38	3.18	1.60
	18.72	29.31	67.68	0.00	0.0614	10.69	470.4	397.20	0.0446	307.4	5.533	11.42	3.22	1.60
	19.73	29.33	67.70	-0.00	0.0616	10.72	471.6	398.18	0.0459	317.0	5.706	11.78	3.66	1.60
	20.72	29.35	67.68	-0.00	0.0615	10.69	470.4	397.28	0.0455	316.1	5.690	11.75	3.62	1.60
	21.71	29.35	67.68	0.00	0.0615	10.70	470.9	397.68	0.0458	316.5	5.696	11.76	3.63	1.60
	22.71	29.35	67.70	0.00	0.0615	10.71	471.2	397.80	0.0458	316.6	5.698	11.76	3.64	1.60
	23.73	29.37	67.68	-0.00	0.0615	10.71	471.4	398.19	0.0461	321.3	5.783	11.94	3.85	1.60
	24.71	29.37	67.68	0.00	0.0614	10.69	470.4	397.33	0.0458	318.9	5.741	11.85	3.75	1.60
	25.71	29.35	67.68	0.00	0.0613	10.66	469.2	396.28	0.0445	305.3	5.496	11.35	3.13	1.59
	26.72	29.33	67.68	0.00	0.0614	10.65	468.8	395.93	0.0444	304.5	5.481	11.31	3.09	1.59
	27.71	29.31	67.73	0.00	0.0614	10.68	469.7	396.36	0.0444	306.9	5.524	11.39	3.20	1.59
	28.72	29.35	67.70	0.00	0.0613	10.68	469.7	396.59	0.0451	308.6	5.555	11.47	3.28	1.60
	29.72	29.35	67.70	-0.00	0.0614	10.66	468.9	395.89	0.0453	311.4	5.606	11.57	3.41	1.60
	30.73	29.35	67.70	-0.00	0.0614	10.68	469.8	396.61	0.0467	323.4	5.822	12.02	3.94	1.60
	31.71	29.37	67.70	0.00	0.0613	10.65	468.6	395.70	0.0466	324.1	5.834	12.04	3.97	1.59
	32.73	29.35	67.72	-0.00	0.0614	10.67	469.6	396.37	0.0474	337.4	6.074	12.53	4.55	1.60
	33.73	29.33	67.68	-0.00	0.0614	10.68	469.8	396.80	0.0462	341.4	6.145	12.69	4.71	1.60
	34.70	29.31	67.72	0.00	0.0613	10.67	469.3	396.03	0.0457	314.4	5.659	11.67	3.54	1.60
	35.71	29.29	67.68	0.00	0.0614	10.69	470.1	397.01	0.0500	354.8	6.387	13.18	5.27	1.60
	36.78	29.34	67.68	0.00	0.0613	10.65	468.7	395.83	0.0483	344.3	6.198	12.80	4.84	1.60
	37.72	29.31	67.70	0.00	0.0612	10.65	468.4	395.44	0.0479	339.7	6.114	12.62	4.64	1.60
	38.72	29.34	67.68	0.00	0.0613	10.63	467.9	395.16	0.0485	337.5	6.075	12.54	4.55	1.60
	39.73	29.29	67.68	0.00	0.0612	10.62	467.4	394.67	0.0464	331.2	5.962	12.31	4.28	1.60
	40.72	29.29	67.70	0.00	0.0611	10.61	467.1	394.25	0.0460	324.8	5.847	12.06	4.00	1.60
	41.70	29.29	67.72	0.00	0.0613	10.65	468.7	395.52	0.0472	323.9	5.830	12.03	3.96	1.60
	42.71	29.32	67.70	0.00	0.0612	10.65	468.8	395.77	0.0476	334.9	6.028	12.44	4.44	1.60
	43.70	29.29	67.70	0.00	0.0613	10.66	468.9	395.80	0.0488	341.5	6.148	12.69	4.72	1.60
	44.74	29.29	67.68	-0.00	0.0613	10.65	468.8	395.85	0.0486	347.9	6.263	12.93	4.98	1.60
	45.72	29.35	67.72	0.00	0.0614	10.66	469.0	395.84	0.0509	365.1	6.572	13.56	5.68	1.60
	46.72	29.31	67.70	-0.00	0.0611	10.63	467.9	395.01	0.0492	356.4	6.416	13.24	5.33	1.60
	47.74	29.34	67.68	-0.00	0.0613	10.65	468.6	395.77	0.0486	345.1	6.213	12.83	4.87	1.60
	48.70	29.29	67.70	0.00	0.0612	10.64	468.0	395.06	0.0499	355.7	6.402	13.21	5.30	1.60
	49.72	29.31	67.68	0.00	0.0612	10.65	468.4	395.55	0.0494	353.2	6.358	13.13	5.20	1.60
	50.70	29.31	67.75	0.00	0.0613	10.64	468.3	395.02	0.0495	355.3	6.396	13.19	5.29	1.60
	51.70	29.32	67.70	0.00	0.0612	10.62	467.3	394.46	0.0510	368.5	6.633	13.69	5.81	1.60
	52.73	29.33	67.70	0.00	0.0612	10.61	467.0	394.23	0.0514	371.7	6.690	13.81	5.94	1.60
	53.71	29.35	67.70	0.00	0.0610	10.61	467.1	394.33	0.0511	371.6	6.689	13.80	5.93	1.59
	54.73	29.33	67.70	0.00	0.0611	10.61	466.7	394.00	0.0521	377.4	6.793	14.02	6.16	1.59
	55.71	29.34	67.70	0.00	0.0612	10.62	467.4	394.60	0.0521	378.9	6.820	14.07	6.21	1.60
	56.74	29.35	67.70	-0.00	0.0611	10.61	466.8	394.12	0.0520	377.2	6.789	14.01	6.15	1.60
	57.72	29.31	67.70	-0.00	0.0611	10.61	466.8	394.09	0.0519	379.5	6.830	14.09	6.24	1.60
	58.72	29.33	67.72	0.00	0.0611	10.61	466.7	393.85	0.0520	378.7	6.817	14.06	6.21	1.60
	59.72	29.34	67.70	0.00	0.0612	10.63	467.6	394.75	0.0521	380.9	6.857	14.15	6.29	1.60
	60.70	29.29	67.72	0.00	0.0611	10.61	467.0	394.09	0.0526	385.3	6.935	14.30	6.45	1.60
	61.73	29.30	67.70	0.00	0.0611	10.62	467.1	394.27	0.0525	382.5	6.884	14.21	6.35	1.60
	62.71	29.35	67.65	0.00	0.0611	10.61	467.0	394.58	0.0535	393.1	7.076	14.61	6.75	1.60
	63.71	29.35	67.68	0.00	0.0610	10.57	465.1	392.82	0.0528	387.9	6.982	14.42	6.56	1.60
	64.71	29.37	67.70	0.00	0.0609	10.58	465.5	393.08	0.0530	390.2	7.023	14.50	6.64	1.60
	65.74	29.32	67.70	-0.00	0.0609	10.57	465.1	392.62	0.0532	391.3	7.043	14.53	6.68	1.60
	66.71	29.35	67.70	0.00	0.0609	10.57	465.0	392.59	0.0531	390.5	7.029	14.51	6.65	1.60
	67.70	29.39	67.70	0.00	0.0610	10.60	466.2	393.68	0.0538	397.9	7.163	14.78	6.93	1.60
	68.72	29.39	67.68	0.00	0.0610	10.59	466.1	393.73	0.0544	403.6	7.265	15.00	7.14	1.60
	69.72	29.35	67.72	-0.00	0.0610	10.57	465.0	392.42	0.0538	398.8	7.178	14.81	6.96	1.60
	70.72	29.35	67.70	0.00	0.0610	10.58	465.5	393.01	0.0540	398.0	7.164	14.78	6.93	1.60
	71.70	29.34	67.70	0.00	0.0610	10.59	465.8	393.23	0.0543	398.5	7.173	14.80	6.95	1.60
	72.71	29.37	67.68	0.00	0.0611	10.61	466.8	394.32	0.0551	411.6	7.408	15.30	7.42	1.60
	73.69	29.37	67.70	0.00	0.0609	10.57	465.0	392.59	0.0545	403.8	7.269	15.00	7.14	1.60
	74.74	29.41	67.68	-0.00	0.0609	10.58	465.6	393.30	0.0545	403.9	7.270	15.01	7.15	1.60
	75.72	29.39	67.70	0.00	0.0610	10.58	465.7	393.19	0.0549	407.3	7.331	15.13	7.27	1.60
	76.72	29.39	67.70	0.00	0.0610	10.58	465.4	392.96	0.0552	411.1	7.400	15.28	7.41	1.60
	77.72	29.39	67.73	0.00	0.0610	10.57	465.0	392.47	0.0546	404.8	7.287	15.04	7.18	1.60
	78.72	29.38	67.68	0.00	0.0610	10.59	465.8	393.46	0.0546	404.9	7.289	15.05	7.18	1.60
	79.72	29.41	67.70	0.00	0.0610	10.59	465.9	393.44	0.0546	404.4	7.279	15.03	7.17	1.60
	80.72	29.39	67.68	0.00	0.0610	10.59	465.9	393.51	0.0551	410.2	7.384	15.25	7.37	1.60
	81.71	29.37	67.68	0.00	0.0611	10.60	466.3	393.83	0.0557	417.4	7.513	15.51	7.63	1.60
	82.79	29.36	67.70	0.00	0.0610	10.58	465.5	393.02	0.0557	419.9	7.557	15.60	7.71	1.60
	83.73	29.35	67.70	-0.00	0.0610	10.58	465.7	393.20	0.0554	413.3	7.440	15.36	7.48	1.60
	84.72	29.37	67.68	-0.00	0.0610	10.58	465.4	393.11	0.0557	414.7	7.465	15.41	7.53	1.60
	85.72	29.37	67.68	-0.00	0.0610	10.58	465.7	393.33	0.0556	414.4	7.458	15.40	7.52	1.60
	86.70	29.39	67.70	0.00	0.0610	10.59	465.7	393.27	0.0552	410.9	7.396	15.26	7.40	1.60
	87.72	29.39	67.70	-0.00	0.0610	10.60	466.2	393.65	0.0552	410.2	7.384	15.24	7.37	1.60
	88.72	29.39	67.68	-0.00	0.0610	10.58	465.7	393.36	0.0551	410.6	7.390	15.26	7.39	1.60
	89.70	29.39	67.70	0.00	0.0609	10.57	464.9	392.57	0.0553	414.4	7.460	15.40	7.52	1.60
	90.71	29.39	67.70	0.00	0.0609	10.55	464.4	392.12	0.0555	413.1	7.435	15.35	7.47	1.60
	91.73	29.37	67.70	0.00	0.0610	10.57	465.1	392.68	0.0552	413.3	7.439	15.35	7.48	1.60
	92.71	29.33	67.68	0.00	0.0610	10.57	465.2	392.90	0.0552	411.5	7.407	15.29	7.42	1.60
	93.80	29.37	67.70	0.00	0.0610	10.58	465.7	393.15	0.0557	416.2	7.492	15.46	7.59	1.60
	94.71	29.39	67.72	0.00	0.0609	10.57	465.1	392.61	0.0552	412.1	7.418	15.31	7.44	1.60
	95.72	29.41	67.70	0.00	0.0611	10.58	465.7	393.27	0.0557	413.7	7.447	15.37	7.50	1.60
	96.70	29.39	67.68	0.00	0.0609	10.57	465.2	392.94	0.0558	415.1	7.471	15.43	7.55	1.60
	97.73	29.35	67.68	-0.00	0.0608	10.56	464.6	392.36	0.0556	416.3	7.494	15.47	7.59	1.60
	98.72	29.33	67.68	-0.00	0.0609	10.55	464.0	391.83	0.0556	414.7	7.464	15.41	7.53	1.60
	99.72	29.35	67.70	0.00	0.0609	10.56	464.8	392.40	0.0557	417.4	7.513	15.51	7.63	1.60
	100.79	29.31	67.73	-0.00	0.0610	10.58	465.6	392.93	0.0562	422.3	7.601	15.68	7.79	1.60
	101.71	29.29	67.70	0.00	0.0609	10.58	465.5	392.95	0.0559	421.6	7.589	15.66	7.77	1.60
	102.71	29.33	67.65	0.00	0.0610	10.58	465.6	393.36	0.0558	418.0	7.523	15.54	7.64	1.60
	103.79	29.36	67.72	0.00	0.0609	10.56	464.9	392.35	0.0558	416.3	7.494	15.46	7.59	1.60
	104.71	29.41	67.70	0.00	0.0609	10.56	464.7	392.39	0.0559	417.6	7.517	15.52	7.64	1.60
	105.71	29.41	67.70	0.00	0.0609	10.56	464.6	392.30	0.0564	422.8	7.611	15.71	7.82	1.60
	106.70	29.39	67.68	0.00	0.0608	10.53	463.3	391.32	0.0560	419.2	7.546	15.58	7.69	1.60
	107.70	29.39	67.70	0.00	0.0609	10.57	464.9	392.54	0.0558	418.1	7.526	15.53	7.65	1.60
	108.73	29.41	67.70	-0.00	0.0608	10.55	464.2	391.99	0.0556	414.3	7.458	15.40	7.52	1.60
	109.72	29.35	67.68	0.00	0.0609	10.56	464.6	392.38	0.0554	413.3	7.439	15.36	7.48	1.60
	110.73	29.33	67.70	0.00	0.0609	10.58	465.5	392.96	0.0558	418.4	7.532	15.54	7.66	1.60
	111.73	29.37	67.68	-0.00	0.0609	10.58	465.4	393.12	0.0556	415.4	7.477	15.44	7.56	1.60
	112.79	29.35	67.70	0.00	0.0607	10.54	463.7	391.45	0.0551	410.0	7.380	15.23	7.36	1.60
	113.72	29.37	67.70	-0.00	0.0608	10.55	464.4	392.11	0.0556	413.5	7.442	15.36	7.49	1.60
	114.72	29.33	67.70	0.00	0.0609	10.56	464.7	392.32	0.0558	418.1	7.526	15.53	7.65	1.60
	115.71	29.39	67.72	0.00	0.0609	10.57	465.0	392.49	0.0560	419.3	7.547	15.57	7.69	1.60
	116.80	29.37	67.70	-0.00	0.0610	10.57	465.1	392.71	0.0560	419.9	7.559	15.60	7.72	1.60
	117.72	29.33	67.68	-0.00	0.0609	10.56	464.8	392.50	0.0560	419.7	7.554	15.59	7.70	1.60
	118.72	29.34	67.70	0.00	0.0609	10.58	465.4	392.87	0.0566	424.8	7.647	15.78	7.88	1.60
	119.72	29.27	67.70	-0.00	0.0610	10.58	465.3	392.79	0.0570	429.1	7.724	15.94	8.03	1.60
