Jul 28 2015 at 13:29:53
Frequency: 1.00Hz.
CO2
Zero:  Value:0.95  Date:18 Mar 2005	 at 07:22:33	
Span:  Value:1.00  Date:18 Mar 2005	 at 07:25:09	
H2O
Zero:  Value:0.71  Date:18 Mar 2005	 at 07:52:31	
Span:  Value:0.99  Date:18 Mar 2005	 at 11:44:01	
	Relative Time	Temperature	Pressure	Aux Input	CO2 Absorptance	CO2 mmol/m3	CO2 mg/m3	CO2 umol/mol	H2O Absorptance	H2O mmol/m3	H2O g/m3	H2O mmol/mol	H2O(°C)	Cooler Voltage
	0.41	34.17	67.72	-0.00	0.0624	10.89	479.0	410.72	0.0394	257.8	4.641	9.73	0.98	1.61
	1.39	34.19	67.68	-0.00	0.0623	10.90	479.6	411.59	0.0387	253.7	4.567	9.58	0.76	1.61
	2.39	34.25	67.72	0.00	0.0624	10.90	479.8	411.50	0.0394	259.7	4.675	9.80	1.09	1.61
	3.38	34.31	67.70	-0.00	0.0623	10.87	478.1	410.29	0.0385	253.9	4.570	9.59	0.77	1.61
	4.38	34.28	67.72	0.00	0.0620	10.83	476.7	408.85	0.0389	255.9	4.606	9.66	0.88	1.61
	5.47	34.26	67.72	-0.00	0.0621	10.85	477.5	409.53	0.0391	258.4	4.650	9.75	1.01	1.61
	6.38	34.22	67.72	0.00	0.0622	10.85	477.4	409.37	0.0393	258.3	4.649	9.75	1.01	1.61
	7.39	34.15	67.70	0.00	0.0622	10.88	478.8	410.61	0.0397	265.3	4.775	10.01	1.38	1.61
	8.38	34.13	67.70	0.00	0.0629	10.98	483.0	414.26	0.0431	290.2	5.223	10.95	2.63	1.61
	9.39	34.17	67.70	0.00	0.0628	10.94	481.4	412.87	0.0431	285.7	5.143	10.78	2.42	1.61
	10.39	34.23	67.72	0.00	0.0626	10.97	482.9	414.12	0.0421	290.3	5.225	10.95	2.64	1.61
	11.39	34.31	67.70	0.00	0.0628	10.98	483.0	414.44	0.0445	302.0	5.437	11.40	3.20	1.61
	12.39	34.30	67.70	0.00	0.0626	10.94	481.3	412.95	0.0433	294.7	5.305	11.13	2.86	1.61
	13.38	34.34	67.70	0.00	0.0625	10.93	480.9	412.70	0.0434	291.5	5.246	11.01	2.70	1.61
	14.38	34.39	67.70	0.00	0.0623	10.88	478.7	410.93	0.0421	283.4	5.102	10.71	2.31	1.61
	15.38	34.42	67.72	0.00	0.0623	10.88	478.6	410.73	0.0421	286.1	5.150	10.80	2.44	1.61
	16.38	34.45	67.72	0.00	0.0623	10.89	479.2	411.22	0.0425	285.4	5.137	10.78	2.41	1.61
	17.39	34.48	67.72	0.00	0.0622	10.87	478.4	410.66	0.0426	289.5	5.211	10.93	2.61	1.61
	18.38	34.51	67.70	0.00	0.0621	10.83	476.3	409.01	0.0417	281.4	5.065	10.63	2.22	1.61
	19.39	34.53	67.70	-0.00	0.0619	10.79	474.6	407.54	0.0391	255.9	4.605	9.67	0.89	1.61
	20.39	34.58	67.70	0.00	0.0620	10.82	476.0	408.83	0.0406	268.4	4.831	10.14	1.56	1.61
	21.40	34.59	67.70	0.00	0.0619	10.78	474.3	407.40	0.0399	263.5	4.744	9.96	1.30	1.61
	22.40	34.58	67.73	0.00	0.0620	10.82	476.1	408.74	0.0406	269.8	4.857	10.19	1.63	1.61
	23.40	34.58	67.75	0.00	0.0620	10.80	475.3	407.93	0.0406	269.8	4.856	10.19	1.63	1.61
	24.38	34.60	67.70	0.00	0.0620	10.81	475.8	408.70	0.0408	272.1	4.897	10.28	1.75	1.61
	25.41	34.64	67.75	-0.00	0.0620	10.80	475.3	408.01	0.0406	270.7	4.872	10.22	1.68	1.61
	26.39	34.64	67.70	-0.00	0.0622	10.87	478.1	410.74	0.0407	272.6	4.906	10.30	1.78	1.61
	27.38	34.64	67.72	0.00	0.0621	10.84	476.9	409.51	0.0405	270.2	4.863	10.21	1.65	1.61
	28.39	34.64	67.70	0.00	0.0621	10.83	476.4	409.28	0.0411	274.7	4.945	10.39	1.89	1.61
	29.39	34.69	67.70	-0.00	0.0623	10.87	478.2	410.86	0.0421	283.1	5.097	10.70	2.31	1.61
	30.39	34.69	67.70	0.00	0.0622	10.86	477.7	410.47	0.0424	285.6	5.140	10.80	2.43	1.61
	31.37	34.67	67.72	0.00	0.0623	10.87	478.2	410.73	0.0430	291.3	5.243	11.01	2.71	1.61
	32.40	34.68	67.73	-0.00	0.0622	10.86	477.8	410.31	0.0435	293.1	5.276	11.08	2.80	1.61
	33.38	34.66	67.70	0.00	0.0622	10.86	478.0	410.71	0.0435	296.4	5.336	11.21	2.96	1.61
	34.40	34.71	67.73	-0.00	0.0623	10.87	478.3	410.82	0.0440	301.6	5.429	11.40	3.20	1.61
	35.40	34.71	67.73	-0.00	0.0621	10.85	477.2	409.89	0.0436	298.5	5.373	11.28	3.06	1.61
	36.40	34.71	67.70	-0.00	0.0622	10.84	477.1	409.98	0.0441	299.2	5.386	11.31	3.09	1.61
	37.39	34.68	67.70	0.00	0.0623	10.87	478.3	410.95	0.0452	307.2	5.530	11.61	3.46	1.61
	38.38	34.69	67.70	0.00	0.0622	10.86	477.8	410.52	0.0445	302.7	5.449	11.45	3.25	1.61
	39.37	34.67	67.78	0.00	0.0621	10.84	477.1	409.42	0.0437	297.5	5.354	11.23	3.00	1.61
	40.37	34.66	67.70	0.00	0.0621	10.81	475.5	408.46	0.0444	300.6	5.411	11.36	3.15	1.61
	41.39	34.71	67.72	0.00	0.0622	10.84	476.9	409.62	0.0447	306.0	5.509	11.57	3.41	1.61
	42.40	34.68	67.70	-0.00	0.0623	10.89	479.1	411.62	0.0462	323.3	5.820	12.22	4.19	1.61
	43.38	34.71	67.72	0.00	0.0623	10.87	478.4	410.89	0.0460	320.6	5.770	12.11	4.07	1.61
	44.40	34.70	67.75	0.00	0.0622	10.87	478.2	410.62	0.0461	321.0	5.778	12.13	4.09	1.61
	45.38	34.71	67.73	0.00	0.0622	10.86	477.9	410.47	0.0458	319.8	5.756	12.08	4.03	1.61
	46.41	34.76	67.72	-0.00	0.0622	10.83	476.6	409.45	0.0457	317.2	5.709	11.99	3.92	1.61
	47.38	34.72	67.70	0.00	0.0622	10.84	476.9	409.75	0.0457	316.5	5.697	11.97	3.89	1.61
	48.41	34.75	67.70	-0.00	0.0619	10.79	474.6	407.80	0.0446	304.7	5.485	11.52	3.35	1.61
	49.39	34.75	67.72	-0.00	0.0621	10.81	475.6	408.56	0.0447	306.2	5.512	11.58	3.42	1.61
	50.37	34.73	67.72	0.00	0.0619	10.79	474.6	407.71	0.0447	307.0	5.526	11.60	3.45	1.61
	51.39	34.74	67.72	0.00	0.0617	10.79	474.6	407.67	0.0446	307.8	5.540	11.63	3.49	1.61
	52.37	34.75	67.72	0.00	0.0618	10.79	474.7	407.78	0.0448	309.2	5.566	11.69	3.56	1.61
	53.38	34.76	67.70	0.00	0.0619	10.79	474.7	407.97	0.0450	309.1	5.564	11.69	3.55	1.61
	54.38	34.79	67.68	-0.00	0.0618	10.77	473.7	407.25	0.0450	309.8	5.576	11.72	3.58	1.61
	55.40	34.76	67.70	0.00	0.0617	10.76	473.5	406.92	0.0448	310.3	5.586	11.73	3.61	1.61
	56.39	34.78	67.70	0.00	0.0619	10.78	474.4	407.74	0.0454	313.0	5.634	11.84	3.73	1.61
	57.39	34.79	67.72	0.00	0.0618	10.75	473.2	406.55	0.0454	313.8	5.648	11.86	3.77	1.60
	58.39	34.80	67.68	0.00	0.0618	10.80	475.0	408.44	0.0456	317.6	5.718	12.02	3.94	1.61
	59.39	34.79	67.72	0.00	0.0619	10.77	474.0	407.21	0.0459	317.6	5.717	12.01	3.94	1.61
	60.47	34.79	67.72	-0.00	0.0619	10.79	474.6	407.77	0.0462	319.8	5.756	12.09	4.04	1.61
	61.39	34.81	67.73	0.00	0.0619	10.78	474.5	407.70	0.0463	322.0	5.797	12.17	4.14	1.61
	62.40	34.87	67.72	-0.00	0.0619	10.79	474.8	408.01	0.0464	324.9	5.847	12.28	4.26	1.61
	63.40	34.81	67.70	-0.00	0.0619	10.78	474.3	407.67	0.0464	323.7	5.827	12.24	4.21	1.61
	64.38	34.81	67.73	0.00	0.0618	10.78	474.2	407.42	0.0464	324.5	5.841	12.27	4.24	1.61
	65.39	34.84	67.70	-0.00	0.0618	10.76	473.3	406.87	0.0465	323.4	5.822	12.23	4.20	1.61
	66.39	34.81	67.70	0.00	0.0620	10.78	474.4	407.70	0.0474	329.8	5.936	12.47	4.48	1.61
	67.38	34.84	67.70	0.00	0.0618	10.79	474.8	408.13	0.0472	331.8	5.973	12.55	4.57	1.61
	68.38	34.86	67.72	0.00	0.0619	10.81	475.5	408.58	0.0475	337.7	6.078	12.77	4.82	1.61
	69.41	34.87	67.70	-0.00	0.0619	10.78	474.5	407.91	0.0478	335.7	6.043	12.70	4.73	1.61
	70.37	34.77	67.70	0.00	0.0619	10.80	475.2	408.37	0.0479	337.5	6.075	12.76	4.80	1.61
	71.39	34.83	67.72	0.00	0.0619	10.79	474.7	407.90	0.0479	338.2	6.088	12.79	4.84	1.61
	72.40	34.84	67.70	0.00	0.0618	10.79	474.8	408.12	0.0483	340.7	6.133	12.89	4.94	1.61
	73.40	34.84	67.72	-0.00	0.0618	10.77	473.9	407.21	0.0483	341.7	6.151	12.92	4.99	1.61
	74.40	34.84	67.70	0.00	0.0618	10.76	473.4	406.91	0.0484	341.8	6.152	12.93	4.99	1.61
	75.38	34.81	67.70	0.00	0.0617	10.76	473.2	406.75	0.0486	343.9	6.190	13.01	5.08	1.61
	76.41	34.77	67.70	-0.00	0.0617	10.75	472.8	406.36	0.0491	350.0	6.300	13.23	5.33	1.61
	77.39	34.80	67.72	-0.00	0.0618	10.75	473.0	406.41	0.0492	348.1	6.265	13.16	5.25	1.61
	78.38	34.79	67.70	0.00	0.0617	10.75	473.2	406.69	0.0490	348.9	6.280	13.19	5.28	1.61
	79.39	34.82	67.72	-0.00	0.0618	10.76	473.4	406.75	0.0490	351.5	6.328	13.29	5.39	1.61
	80.37	34.77	67.73	0.00	0.0618	10.77	473.8	407.00	0.0494	353.1	6.355	13.35	5.45	1.61
	81.39	34.80	67.70	0.00	0.0619	10.77	473.9	407.28	0.0497	353.3	6.360	13.36	5.46	1.61
	82.45	34.77	67.70	0.00	0.0619	10.79	474.8	408.04	0.0502	359.4	6.469	13.59	5.71	1.61
	83.40	34.76	67.72	0.00	0.0619	10.77	473.9	407.13	0.0502	358.3	6.449	13.54	5.66	1.61
	84.38	34.80	67.68	0.00	0.0618	10.77	474.1	407.64	0.0509	369.3	6.648	13.97	6.10	1.61
	85.39	34.77	67.75	-0.00	0.0619	10.79	474.7	407.64	0.0512	368.4	6.631	13.92	6.07	1.61
	86.41	34.71	67.70	-0.00	0.0619	10.77	473.7	406.99	0.0512	362.5	6.525	13.71	5.83	1.61
	87.39	34.74	67.72	-0.00	0.0618	10.79	474.6	407.71	0.0508	368.5	6.633	13.93	6.07	1.61
	88.39	34.68	67.70	0.00	0.0618	10.77	473.7	406.97	0.0508	365.2	6.574	13.81	5.94	1.61
	89.39	34.61	67.70	0.00	0.0619	10.78	474.2	407.29	0.0513	369.7	6.655	13.97	6.11	1.61
	90.39	34.51	67.72	0.00	0.0619	10.77	474.0	406.89	0.0517	370.3	6.665	13.98	6.13	1.61
	91.40	34.45	67.70	-0.00	0.0618	10.77	473.8	406.72	0.0515	371.3	6.683	14.03	6.16	1.61
	92.40	34.44	67.68	0.00	0.0618	10.75	473.1	406.29	0.0514	373.9	6.730	14.13	6.27	1.61
	93.38	34.52	67.70	0.00	0.0616	10.73	472.3	405.57	0.0511	372.5	6.704	14.07	6.21	1.61
	94.38	34.56	67.70	0.00	0.0617	10.74	472.6	405.85	0.0517	374.4	6.740	14.15	6.29	1.61
	95.39	34.57	67.70	0.00	0.0617	10.76	473.6	406.79	0.0519	379.4	6.830	14.34	6.48	1.61
	96.38	34.58	67.70	0.00	0.0617	10.73	472.2	405.52	0.0517	373.9	6.730	14.13	6.27	1.61
	97.48	34.56	67.70	-0.00	0.0618	10.75	472.9	406.15	0.0518	375.9	6.766	14.20	6.35	1.61
	98.39	34.58	67.70	0.00	0.0617	10.75	473.2	406.38	0.0521	378.8	6.818	14.31	6.46	1.61
	99.39	34.67	67.72	0.00	0.0617	10.75	473.0	406.23	0.0522	380.1	6.841	14.36	6.51	1.61
	100.40	34.64	67.70	-0.00	0.0617	10.71	471.4	404.91	0.0520	374.9	6.748	14.17	6.31	1.61
	101.40	34.60	67.70	-0.00	0.0617	10.74	472.8	406.07	0.0521	380.4	6.847	14.37	6.52	1.61
	102.40	34.61	67.72	0.00	0.0617	10.70	470.9	404.33	0.0526	380.5	6.848	14.37	6.53	1.61
	103.38	34.64	67.70	0.00	0.0618	10.75	473.1	406.45	0.0533	389.2	7.006	14.71	6.86	1.61
	104.40	34.64	67.70	0.00	0.0617	10.72	471.5	405.02	0.0532	383.0	6.894	14.48	6.62	1.61
	105.39	34.68	67.67	-0.00	0.0616	10.72	471.6	405.39	0.0530	389.4	7.009	14.73	6.87	1.61
	106.38	34.71	67.70	0.00	0.0617	10.71	471.1	404.78	0.0534	386.6	6.959	14.62	6.76	1.61
	107.39	34.73	67.73	-0.00	0.0617	10.76	473.3	406.57	0.0534	395.0	7.110	14.93	7.08	1.61
	108.37	34.77	67.70	0.00	0.0617	10.74	472.7	406.25	0.0535	393.9	7.090	14.89	7.04	1.61
	109.40	34.75	67.70	-0.00	0.0617	10.71	471.4	405.10	0.0534	388.8	6.999	14.70	6.85	1.61
	110.40	34.80	67.71	-0.00	0.0616	10.72	471.8	405.51	0.0531	390.5	7.029	14.77	6.91	1.61
	111.40	34.77	67.72	-0.00	0.0616	10.73	472.1	405.56	0.0532	387.8	6.980	14.66	6.81	1.61
	112.40	34.71	67.70	-0.00	0.0616	10.74	472.4	405.91	0.0532	390.9	7.036	14.78	6.92	1.61
	113.38	34.66	67.72	-0.00	0.0616	10.66	469.0	402.76	0.0531	386.5	6.957	14.60	6.76	1.61
	114.38	34.66	67.70	0.00	0.0617	10.74	472.5	405.94	0.0530	388.9	7.000	14.70	6.85	1.61
	115.39	34.71	67.72	-0.00	0.0616	10.72	471.7	405.20	0.0538	394.6	7.102	14.91	7.06	1.61
	116.38	34.74	67.72	0.00	0.0617	10.75	472.9	406.24	0.0540	398.5	7.174	15.06	7.21	1.61
	117.39	34.73	67.70	0.00	0.0616	10.69	470.3	404.08	0.0539	393.2	7.078	14.87	7.01	1.61
	118.39	34.71	67.70	-0.00	0.0616	10.72	471.6	405.17	0.0538	395.1	7.112	14.94	7.08	1.61
	119.40	34.71	67.72	0.00	0.0615	10.71	471.3	404.84	0.0534	395.3	7.115	14.94	7.09	1.62
	120.39	34.76	67.72	0.00	0.0616	10.71	471.3	404.86	0.0540	394.9	7.107	14.93	7.07	1.61
	121.38	34.75	67.70	0.00	0.0615	10.70	470.6	404.40	0.0535	395.4	7.117	14.95	7.09	1.61
	122.38	34.80	67.72	0.00	0.0615	10.67	469.4	403.31	0.0541	386.0	6.948	14.59	6.75	1.61
	123.36	34.79	67.73	0.00	0.0616	10.72	471.5	405.11	0.0540	397.8	7.161	15.04	7.18	1.61
	124.41	34.77	67.73	-0.00	0.0616	10.72	471.7	405.17	0.0546	406.0	7.309	15.35	7.48	1.62
	125.39	34.85	67.73	-0.00	0.0616	10.71	471.4	405.10	0.0545	404.6	7.284	15.30	7.44	1.61
