Jul 28 2015 at 13:03:11
Frequency: 1.00Hz.
CO2
Zero:  Value:0.95  Date:18 Mar 2005	 at 07:22:33	
Span:  Value:1.00  Date:18 Mar 2005	 at 07:25:09	
H2O
Zero:  Value:0.71  Date:18 Mar 2005	 at 07:52:31	
Span:  Value:0.99  Date:18 Mar 2005	 at 11:44:01	
	Relative Time	Temperature	Pressure	Aux Input	CO2 Absorptance	CO2 mmol/m3	CO2 mg/m3	CO2 umol/mol	H2O Absorptance	H2O mmol/m3	H2O g/m3	H2O mmol/mol	H2O(°C)	Cooler Voltage
	0.92	31.31	67.70	0.00	0.0621	10.84	476.9	405.21	0.0438	298.7	5.376	11.17	2.91	1.59
	1.90	31.30	67.68	0.00	0.0620	10.82	476.2	404.80	0.0434	295.6	5.321	11.06	2.76	1.59
	2.92	31.29	67.77	0.00	0.0619	10.81	475.6	403.67	0.0433	295.6	5.321	11.04	2.76	1.59
	3.92	31.29	67.70	-0.00	0.0618	10.79	474.8	403.45	0.0433	295.8	5.324	11.06	2.77	1.59
	4.90	31.29	67.70	0.00	0.0618	10.75	473.2	402.03	0.0441	301.5	5.426	11.27	3.04	1.59
	5.91	31.31	67.68	0.00	0.0618	10.77	473.7	402.70	0.0448	309.1	5.564	11.56	3.39	1.59
	6.91	31.33	67.68	0.00	0.0616	10.74	472.5	401.67	0.0459	318.0	5.724	11.89	3.80	1.59
	7.91	31.30	67.72	0.00	0.0616	10.73	472.3	401.18	0.0468	329.0	5.922	12.30	4.28	1.59
	8.92	31.35	67.70	0.00	0.0617	10.75	473.0	402.02	0.0452	309.0	5.562	11.56	3.39	1.59
	9.92	31.36	67.68	0.00	0.0618	10.76	473.4	402.47	0.0457	315.0	5.669	11.78	3.66	1.59
	10.98	31.29	67.70	0.00	0.0615	10.70	470.8	400.00	0.0485	342.5	6.165	12.81	4.85	1.59
	11.93	31.31	67.70	-0.00	0.0612	10.63	467.7	397.48	0.0510	373.2	6.718	13.96	6.09	1.59
	12.92	31.34	67.68	-0.00	0.0612	10.63	467.7	397.65	0.0523	376.2	6.772	14.07	6.21	1.59
	13.91	31.29	67.68	0.00	0.0611	10.62	467.4	397.27	0.0526	381.9	6.874	14.28	6.42	1.59
	14.91	31.26	67.70	0.00	0.0612	10.62	467.5	397.15	0.0523	381.9	6.875	14.28	6.42	1.59
	15.91	31.27	67.68	-0.00	0.0611	10.61	466.8	396.74	0.0516	370.5	6.668	13.85	5.98	1.59
	16.93	31.31	67.70	-0.00	0.0611	10.59	466.2	396.14	0.0513	373.8	6.728	13.97	6.11	1.59
	17.89	31.30	67.68	0.00	0.0610	10.59	465.9	395.98	0.0525	382.6	6.887	14.31	6.45	1.59
	18.91	31.30	67.70	0.00	0.0609	10.57	465.1	395.19	0.0530	384.6	6.923	14.38	6.53	1.59
	19.91	31.30	67.68	0.00	0.0611	10.60	466.2	396.28	0.0505	371.8	6.692	13.90	6.03	1.59
	20.92	31.31	67.68	0.00	0.0610	10.60	466.5	396.53	0.0540	379.8	6.836	14.20	6.34	1.59
	21.92	31.33	67.68	0.00	0.0611	10.59	466.1	396.21	0.0512	373.9	6.730	13.99	6.12	1.59
	22.92	31.28	67.68	0.00	0.0609	10.59	466.0	396.10	0.0525	374.0	6.732	13.99	6.12	1.59
	23.99	31.29	67.68	0.00	0.0607	10.54	463.6	394.01	0.0563	425.7	7.663	15.92	8.01	1.59
	24.91	31.29	67.68	0.00	0.0607	10.51	462.6	393.25	0.0569	428.3	7.710	16.02	8.10	1.59
	25.91	31.28	67.68	0.00	0.0606	10.50	462.1	392.74	0.0566	430.7	7.753	16.11	8.18	1.59
	26.93	31.29	67.70	-0.00	0.0606	10.48	461.1	391.80	0.0571	434.1	7.813	16.23	8.29	1.59
	27.91	31.26	67.70	0.00	0.0606	10.51	462.6	393.02	0.0561	415.6	7.482	15.54	7.66	1.59
	28.92	31.27	67.73	-0.00	0.0605	10.48	461.3	391.78	0.0569	428.3	7.710	16.01	8.10	1.59
	29.92	31.23	67.68	-0.00	0.0604	10.48	461.1	391.89	0.0583	435.4	7.838	16.28	8.34	1.59
	30.92	31.25	67.68	-0.00	0.0604	10.44	459.6	390.57	0.0594	453.5	8.164	16.96	8.94	1.59
	31.90	31.23	67.70	0.00	0.0603	10.45	459.6	390.44	0.0588	449.2	8.086	16.79	8.80	1.59
	32.90	31.23	67.68	0.00	0.0604	10.45	460.0	390.92	0.0582	446.6	8.039	16.70	8.71	1.59
	33.98	31.23	67.70	0.00	0.0604	10.45	459.9	390.66	0.0583	447.7	8.059	16.73	8.75	1.59
	34.90	31.21	67.65	0.00	0.0604	10.45	460.0	391.05	0.0587	444.2	7.995	16.61	8.63	1.59
	35.93	31.21	67.68	-0.00	0.0603	10.44	459.4	390.36	0.0592	453.0	8.154	16.94	8.92	1.59
	36.91	31.21	67.68	0.00	0.0603	10.42	458.6	389.71	0.0606	466.1	8.390	17.43	9.34	1.59
	38.00	31.29	67.68	-0.00	0.0602	10.41	458.0	389.31	0.0611	468.5	8.432	17.52	9.42	1.59
	38.91	31.23	67.73	0.00	0.0602	10.41	458.2	389.12	0.0620	480.2	8.643	17.94	9.79	1.59
	39.94	31.19	67.70	-0.00	0.0601	10.39	457.2	388.33	0.0617	485.7	8.742	18.15	9.96	1.59
	40.92	31.25	67.68	-0.00	0.0599	10.35	455.6	387.20	0.0631	500.0	8.999	18.70	10.39	1.59
	41.92	31.17	67.70	0.00	0.0599	10.34	455.1	386.51	0.0633	499.4	8.989	18.66	10.37	1.59
	42.92	31.17	67.70	-0.00	0.0599	10.34	455.1	386.53	0.0634	502.4	9.043	18.77	10.46	1.59
	43.90	31.17	67.70	0.00	0.0598	10.32	454.2	385.83	0.0637	509.1	9.164	19.03	10.66	1.59
	44.99	31.19	67.72	-0.00	0.0599	10.30	453.4	384.99	0.0648	523.0	9.414	19.54	11.07	1.59
	45.91	31.21	67.68	-0.00	0.0598	10.31	453.7	385.59	0.0647	514.5	9.262	19.24	10.82	1.59
	46.91	31.19	67.70	0.00	0.0599	10.33	454.4	385.94	0.0639	507.3	9.131	18.96	10.61	1.59
	47.91	31.19	67.70	0.00	0.0600	10.36	455.8	387.16	0.0638	504.6	9.083	18.86	10.53	1.59
	48.92	31.17	67.70	-0.00	0.0599	10.35	455.4	386.82	0.0638	504.0	9.072	18.84	10.51	1.59
	49.90	31.17	67.68	0.00	0.0600	10.35	455.5	387.05	0.0632	495.5	8.919	18.52	10.25	1.59
	50.93	31.19	67.70	-0.00	0.0599	10.34	455.1	386.58	0.0630	497.2	8.949	18.58	10.31	1.59
	51.92	31.17	67.68	-0.00	0.0599	10.34	455.0	386.58	0.0636	503.1	9.056	18.81	10.48	1.59
	52.91	31.17	67.68	0.00	0.0599	10.35	455.3	386.84	0.0634	501.0	9.017	18.73	10.42	1.59
	53.93	31.15	67.70	-0.00	0.0599	10.35	455.3	386.70	0.0637	505.1	9.092	18.88	10.54	1.59
	54.91	31.15	67.68	0.00	0.0599	10.33	454.3	385.99	0.0639	509.1	9.164	19.03	10.66	1.59
	55.91	31.15	67.68	0.00	0.0599	10.33	454.6	386.24	0.0641	509.1	9.165	19.03	10.66	1.59
	56.92	31.22	67.70	-0.00	0.0598	10.33	454.4	386.01	0.0642	509.8	9.176	19.06	10.68	1.59
	57.91	31.16	67.68	0.00	0.0598	10.33	454.3	386.00	0.0653	522.2	9.400	19.52	11.04	1.59
	58.92	31.15	67.68	0.00	0.0596	10.28	452.5	384.46	0.0645	512.5	9.225	19.16	10.76	1.59
	59.92	31.17	67.72	0.00	0.0598	10.30	453.0	384.62	0.0655	535.9	9.645	20.02	11.43	1.59
	60.93	31.17	67.68	0.00	0.0597	10.29	452.9	384.79	0.0651	531.0	9.559	19.85	11.30	1.59
	61.90	31.18	67.72	0.00	0.0597	10.29	452.8	384.50	0.0660	533.4	9.600	19.93	11.36	1.59
	62.90	31.17	67.70	0.00	0.0596	10.28	452.2	384.05	0.0647	522.7	9.408	19.53	11.06	1.59
	63.90	31.14	67.70	0.00	0.0596	10.29	452.7	384.43	0.0657	528.8	9.518	19.76	11.23	1.59
	64.90	31.17	67.70	0.00	0.0596	10.28	452.1	383.99	0.0667	537.2	9.669	20.07	11.47	1.59
	65.93	31.15	67.72	-0.00	0.0596	10.27	452.0	383.73	0.0664	540.9	9.737	20.21	11.57	1.59
	66.92	31.15	67.68	0.00	0.0595	10.26	451.6	383.66	0.0667	542.7	9.769	20.29	11.62	1.59
	67.94	31.14	67.72	-0.00	0.0595	10.25	451.0	382.91	0.0666	539.7	9.714	20.16	11.54	1.59
	68.92	31.17	67.72	-0.00	0.0595	10.26	451.3	383.17	0.0660	534.2	9.616	19.96	11.39	1.59
	69.90	31.12	67.72	0.00	0.0596	10.26	451.5	383.29	0.0662	534.6	9.624	19.97	11.40	1.59
	70.92	31.14	67.70	-0.00	0.0597	10.27	451.9	383.83	0.0661	533.3	9.599	19.93	11.36	1.59
	71.92	31.17	67.70	-0.00	0.0595	10.28	452.3	384.23	0.0670	532.1	9.577	19.88	11.32	1.59
	72.92	31.12	67.70	-0.00	0.0595	10.26	451.4	383.31	0.0665	534.5	9.620	19.97	11.39	1.59
	73.90	31.14	67.70	0.00	0.0595	10.25	450.9	382.94	0.0676	545.9	9.826	20.40	11.71	1.59
	74.91	31.17	67.70	0.00	0.0594	10.24	450.5	382.63	0.0671	545.9	9.826	20.40	11.71	1.59
	75.91	31.11	67.70	0.00	0.0594	10.24	450.4	382.43	0.0671	545.2	9.814	20.37	11.69	1.59
	76.92	31.13	67.68	0.00	0.0594	10.24	450.6	382.84	0.0683	555.5	9.999	20.77	11.98	1.59
	77.91	31.18	67.70	0.00	0.0594	10.24	450.7	382.81	0.0680	554.5	9.981	20.72	11.95	1.59
	78.92	31.17	67.70	0.00	0.0594	10.24	450.6	382.74	0.0677	554.8	9.986	20.73	11.96	1.59
	79.92	31.17	67.70	-0.00	0.0595	10.25	451.0	383.10	0.0677	551.4	9.925	20.61	11.86	1.59
	80.92	31.17	67.70	-0.00	0.0595	10.26	451.4	383.39	0.0677	551.4	9.925	20.61	11.86	1.59
	81.92	31.17	67.70	0.00	0.0596	10.25	451.2	383.19	0.0677	550.0	9.900	20.55	11.83	1.59
	82.90	31.17	67.70	0.00	0.0595	10.25	451.2	383.21	0.0673	547.0	9.846	20.44	11.74	1.59
	83.99	31.17	67.70	-0.00	0.0595	10.25	450.9	382.94	0.0680	555.0	9.990	20.74	11.96	1.59
	84.89	31.13	67.68	0.00	0.0594	10.23	450.3	382.59	0.0679	556.3	10.013	20.79	12.00	1.59
	85.92	31.15	67.70	-0.00	0.0593	10.22	449.6	381.86	0.0691	561.6	10.109	20.99	12.14	1.59
	86.91	31.15	67.70	-0.00	0.0594	10.22	449.7	381.92	0.0695	570.3	10.266	21.31	12.38	1.59
	87.91	31.15	67.72	0.00	0.0592	10.21	449.1	381.27	0.0693	567.0	10.206	21.18	12.29	1.59
	88.92	31.09	67.68	-0.00	0.0592	10.19	448.3	380.77	0.0695	574.2	10.336	21.46	12.48	1.59
	89.93	31.12	67.68	-0.00	0.0591	10.20	448.8	381.27	0.0699	568.9	10.241	21.27	12.34	1.59
	90.92	31.09	67.68	0.00	0.0592	10.21	449.1	381.44	0.0697	570.5	10.269	21.32	12.38	1.59
	91.93	31.08	67.68	-0.00	0.0593	10.21	449.3	381.66	0.0695	569.4	10.249	21.28	12.35	1.59
	92.91	31.12	67.70	0.00	0.0594	10.21	449.2	381.50	0.0685	564.8	10.167	21.10	12.23	1.59
	93.91	31.09	67.70	-0.00	0.0593	10.20	448.9	381.17	0.0693	573.4	10.322	21.42	12.46	1.59
	94.93	31.10	67.72	-0.00	0.0593	10.21	449.1	381.21	0.0694	574.8	10.346	21.47	12.49	1.59
	95.97	31.13	67.72	0.00	0.0592	10.18	447.9	380.26	0.0699	574.7	10.344	21.47	12.49	1.59
	96.92	31.14	67.70	-0.00	0.0591	10.18	447.8	380.26	0.0701	582.9	10.493	21.78	12.71	1.59
	97.91	31.09	67.68	-0.00	0.0591	10.17	447.4	380.09	0.0691	571.1	10.279	21.34	12.39	1.59
	98.90	31.12	67.72	0.00	0.0591	10.17	447.4	379.78	0.0703	577.2	10.390	21.56	12.56	1.59
	99.90	31.09	67.70	0.00	0.0590	10.15	446.7	379.33	0.0704	583.7	10.506	21.81	12.73	1.59
	100.90	31.11	67.70	0.00	0.0594	10.19	448.3	380.66	0.0667	556.2	10.012	20.78	11.99	1.59
	101.93	31.07	67.70	0.00	0.0596	10.25	451.1	383.04	0.0666	550.9	9.916	20.58	11.85	1.59
	102.93	31.03	67.70	-0.00	0.0593	10.20	449.0	381.18	0.0701	584.0	10.512	21.81	12.73	1.59
	103.93	30.98	67.70	-0.00	0.0599	10.29	453.0	384.46	0.0641	541.0	9.738	20.20	11.57	1.59
	104.93	30.97	67.72	-0.00	0.0595	10.25	451.0	382.67	0.0676	544.9	9.808	20.34	11.67	1.59
	105.92	30.97	67.70	0.00	0.0593	10.21	449.2	381.29	0.0685	562.7	10.129	21.02	12.16	1.59
	106.94	31.01	67.70	0.00	0.0593	10.22	449.7	381.74	0.0684	563.8	10.149	21.06	12.19	1.59
	107.92	30.96	67.70	-0.00	0.0596	10.25	451.1	382.89	0.0671	546.4	9.835	20.40	11.72	1.59
	108.92	30.97	67.70	-0.00	0.0595	10.26	451.5	383.26	0.0675	546.7	9.841	20.42	11.73	1.59
	109.92	31.05	67.70	-0.00	0.0596	10.26	451.5	383.35	0.0674	550.3	9.905	20.56	11.83	1.59
	110.92	31.00	67.73	-0.00	0.0596	10.26	451.3	382.97	0.0673	545.5	9.818	20.37	11.69	1.59
	111.92	31.04	67.70	-0.00	0.0595	10.25	451.1	382.97	0.0671	544.2	9.795	20.33	11.66	1.60
	112.93	30.99	67.70	-0.00	0.0595	10.23	450.3	382.22	0.0676	554.1	9.974	20.69	11.93	1.60
	113.91	31.02	67.72	0.00	0.0594	10.24	450.5	382.27	0.0685	559.3	10.067	20.88	12.07	1.59
	114.91	31.00	67.70	0.00	0.0594	10.23	450.0	382.00	0.0687	558.2	10.047	20.85	12.04	1.59
	115.91	31.02	67.70	0.00	0.0592	10.21	449.1	381.28	0.0689	558.5	10.053	20.86	12.05	1.59
	116.91	31.02	67.72	0.00	0.0592	10.19	448.1	380.32	0.0695	578.6	10.415	21.61	12.59	1.59
	117.92	31.06	67.70	-0.00	0.0593	10.23	450.2	382.21	0.0685	553.0	9.954	20.66	11.90	1.60
	118.90	31.04	67.70	0.00	0.0595	10.22	449.7	381.81	0.0683	561.4	10.105	20.97	12.13	1.59
	119.90	31.02	67.72	0.00	0.0594	10.23	450.1	382.01	0.0685	558.4	10.052	20.85	12.05	1.59
	120.92	31.05	67.70	0.00	0.0594	10.22	449.6	381.70	0.0687	561.5	10.106	20.97	12.13	1.59
	121.91	31.02	67.72	0.00	0.0593	10.21	449.4	381.43	0.0694	569.0	10.242	21.25	12.33	1.59
	122.91	31.03	67.70	0.00	0.0594	10.24	450.4	382.43	0.0682	563.2	10.138	21.04	12.18	1.59
	123.90	30.97	67.70	0.00	0.0601	10.39	457.4	388.21	0.0623	486.3	8.754	18.16	9.97	1.60
	124.91	30.94	67.70	0.00	0.0603	10.38	456.9	387.80	0.0604	495.8	8.924	18.51	10.25	1.60
