Jul 28 2015 at 13:48:21
Frequency: 1.00Hz.
CO2
Zero:  Value:0.95  Date:18 Mar 2005	 at 07:22:33	
Span:  Value:1.00  Date:18 Mar 2005	 at 07:25:09	
H2O
Zero:  Value:0.71  Date:18 Mar 2005	 at 07:52:31	
Span:  Value:0.99  Date:18 Mar 2005	 at 11:44:01	
	Relative Time	Temperature	Pressure	Aux Input	CO2 Absorptance	CO2 mmol/m3	CO2 mg/m3	CO2 umol/mol	H2O Absorptance	H2O mmol/m3	H2O g/m3	H2O mmol/mol	H2O(°C)	Cooler Voltage
	0.11	31.40	67.68	0.00	0.0624	10.87	478.3	406.68	0.0416	296.2	5.331	11.08	2.79	1.54
	1.12	31.32	67.65	0.00	0.0621	10.85	477.6	406.13	0.0440	300.7	5.413	11.25	3.00	1.54
	2.11	31.37	67.68	0.00	0.0620	10.82	476.0	404.68	0.0443	306.0	5.508	11.45	3.25	1.54
	3.12	31.39	67.68	0.00	0.0620	10.81	475.4	404.26	0.0445	304.8	5.487	11.40	3.20	1.54
	4.10	31.36	67.65	0.00	0.0619	10.80	475.1	404.05	0.0439	298.7	5.377	11.18	2.91	1.54
	5.13	31.39	67.68	-0.00	0.0619	10.81	475.5	404.28	0.0441	301.2	5.422	11.27	3.03	1.54
	6.10	31.39	67.68	0.00	0.0619	10.77	474.0	403.03	0.0437	299.3	5.387	11.20	2.94	1.54
	7.13	31.41	67.68	-0.00	0.0617	10.74	472.7	401.95	0.0434	296.3	5.334	11.09	2.80	1.54
	8.11	31.43	67.65	0.00	0.0616	10.74	472.7	402.13	0.0437	298.5	5.373	11.17	2.91	1.54
	9.11	31.43	67.68	0.00	0.0617	10.76	473.3	402.52	0.0442	303.0	5.454	11.34	3.12	1.54
	10.19	31.42	67.67	0.00	0.0615	10.72	471.7	401.13	0.0440	306.2	5.512	11.46	3.27	1.54
	11.12	31.43	67.65	-0.00	0.0617	10.74	472.3	401.84	0.0440	299.5	5.391	11.21	2.95	1.54
	12.20	31.43	67.68	-0.00	0.0617	10.75	472.8	402.11	0.0449	314.0	5.651	11.75	3.62	1.54
	13.10	31.41	67.67	0.00	0.0616	10.72	471.9	401.29	0.0439	307.5	5.536	11.51	3.33	1.54
	14.21	31.40	67.65	-0.00	0.0616	10.73	471.9	401.43	0.0442	303.7	5.466	11.37	3.15	1.54
	15.12	31.47	67.68	0.00	0.0616	10.73	472.0	401.42	0.0442	302.2	5.439	11.31	3.08	1.54
	16.11	31.45	67.70	0.00	0.0616	10.72	471.7	401.00	0.0456	310.0	5.581	11.60	3.44	1.54
	17.11	31.45	67.68	0.00	0.0616	10.73	472.0	401.38	0.0467	330.3	5.946	12.36	4.34	1.54
	18.13	31.49	67.65	-0.00	0.0615	10.71	471.2	400.93	0.0466	319.3	5.748	11.95	3.86	1.54
	19.13	31.56	67.68	0.00	0.0615	10.70	470.7	400.44	0.0457	328.2	5.908	12.29	4.26	1.54
	20.11	31.65	67.65	0.00	0.0617	10.73	472.2	402.00	0.0498	351.9	6.334	13.18	5.26	1.54
	21.11	31.70	67.68	0.00	0.0617	10.72	471.8	401.57	0.0506	356.6	6.419	13.36	5.45	1.54
	22.12	31.69	67.68	0.00	0.0617	10.74	472.7	402.36	0.0513	372.1	6.697	13.93	6.06	1.54
	23.12	31.69	67.68	0.00	0.0616	10.73	472.0	401.70	0.0506	368.3	6.629	13.79	5.92	1.54
	24.12	31.72	67.68	0.00	0.0616	10.72	471.8	401.56	0.0483	341.3	6.144	12.78	4.82	1.54
	25.12	31.76	67.65	-0.00	0.0615	10.71	471.1	401.20	0.0494	354.9	6.388	13.30	5.39	1.54
	26.11	31.73	67.68	0.00	0.0615	10.71	471.3	401.16	0.0508	371.5	6.687	13.92	6.04	1.54
	27.11	31.71	67.68	0.00	0.0615	10.71	471.1	400.96	0.0529	379.8	6.836	14.22	6.36	1.54
	28.11	31.71	67.65	-0.00	0.0614	10.69	470.2	400.36	0.0551	407.1	7.328	15.25	7.38	1.54
	29.20	31.73	67.65	-0.00	0.0613	10.66	469.2	399.51	0.0544	403.9	7.270	15.13	7.26	1.54
	30.11	31.70	67.68	0.00	0.0613	10.65	468.8	399.02	0.0545	403.4	7.260	15.11	7.24	1.54
	31.12	31.69	67.70	-0.00	0.0613	10.65	468.7	398.75	0.0534	380.7	6.852	14.25	6.39	1.54
	32.10	31.69	67.68	0.00	0.0614	10.66	469.2	399.34	0.0540	398.8	7.178	14.93	7.07	1.54
	33.10	31.70	67.70	0.00	0.0614	10.67	469.4	399.41	0.0542	397.9	7.162	14.90	7.04	1.54
	34.10	31.65	67.68	0.00	0.0614	10.68	469.9	399.90	0.0534	390.7	7.032	14.63	6.77	1.54
	35.13	31.70	67.70	-0.00	0.0614	10.67	469.6	399.59	0.0531	397.6	7.157	14.89	7.03	1.54
	36.18	31.63	67.60	0.00	0.0614	10.67	469.3	399.79	0.0548	399.8	7.196	14.99	7.11	1.54
	37.11	31.64	67.68	0.00	0.0614	10.67	469.4	399.49	0.0534	388.0	6.984	14.53	6.67	1.54
	38.19	31.59	67.68	0.00	0.0613	10.65	468.7	398.83	0.0538	398.2	7.168	14.91	7.05	1.54
	39.11	31.59	67.68	0.00	0.0614	10.68	469.9	399.82	0.0546	405.0	7.290	15.16	7.29	1.54
	40.12	31.52	67.66	0.00	0.0614	10.69	470.5	400.33	0.0550	404.6	7.283	15.15	7.28	1.54
	41.11	31.50	67.68	0.00	0.0615	10.69	470.2	399.96	0.0551	410.4	7.387	15.36	7.48	1.54
	42.12	31.47	67.68	-0.00	0.0615	10.69	470.2	399.88	0.0554	413.3	7.439	15.47	7.58	1.54
	43.12	31.49	67.65	-0.00	0.0615	10.70	471.0	400.72	0.0544	405.2	7.293	15.17	7.29	1.54
	44.12	31.51	67.65	-0.00	0.0616	10.72	471.5	401.25	0.0542	399.0	7.181	14.94	7.07	1.54
	45.10	31.51	67.67	0.00	0.0615	10.72	471.5	401.10	0.0533	394.0	7.092	14.75	6.89	1.54
	46.19	31.49	67.68	-0.00	0.0615	10.70	470.9	400.53	0.0544	407.6	7.336	15.25	7.38	1.54
	47.13	31.49	67.65	-0.00	0.0616	10.72	471.6	401.29	0.0547	406.1	7.309	15.20	7.33	1.54
	48.11	31.49	67.65	0.00	0.0616	10.71	471.3	401.04	0.0548	407.3	7.332	15.25	7.37	1.54
	49.11	31.46	67.65	0.00	0.0614	10.69	470.6	400.36	0.0554	413.2	7.438	15.47	7.58	1.54
	50.12	31.44	67.65	0.00	0.0615	10.69	470.3	400.11	0.0558	420.0	7.560	15.72	7.82	1.54
	51.11	31.45	67.63	0.00	0.0612	10.64	468.1	398.37	0.0580	438.5	7.893	16.42	8.45	1.54
	52.12	31.49	67.68	0.00	0.0612	10.63	467.7	397.83	0.0571	433.6	7.806	16.23	8.29	1.54
	53.12	31.49	67.68	-0.00	0.0612	10.63	467.8	397.92	0.0570	431.3	7.763	16.14	8.21	1.54
	54.13	31.46	67.63	-0.00	0.0611	10.62	467.2	397.60	0.0570	430.1	7.742	16.11	8.17	1.54
	55.12	31.49	67.67	0.00	0.0612	10.64	468.1	398.16	0.0580	441.6	7.948	16.53	8.56	1.54
	56.13	31.44	67.68	-0.00	0.0612	10.64	468.3	398.24	0.0578	442.3	7.961	16.55	8.58	1.54
	57.11	31.43	67.65	0.00	0.0612	10.63	467.7	397.88	0.0572	434.1	7.814	16.25	8.30	1.54
	58.11	31.46	67.70	0.00	0.0614	10.67	469.4	399.13	0.0567	428.0	7.705	16.01	8.10	1.55
	59.11	31.45	67.68	0.00	0.0614	10.67	469.6	399.35	0.0566	430.0	7.740	16.09	8.16	1.54
	60.12	31.45	67.68	-0.00	0.0612	10.64	468.1	398.11	0.0567	430.2	7.744	16.10	8.17	1.54
	61.20	31.51	67.67	-0.00	0.0611	10.62	467.1	397.35	0.0575	430.8	7.755	16.12	8.19	1.54
	62.10	31.47	67.68	0.00	0.0612	10.62	467.3	397.46	0.0592	455.6	8.201	17.05	9.02	1.54
	63.20	31.47	67.68	0.00	0.0611	10.61	466.8	397.05	0.0590	452.3	8.142	16.93	8.91	1.54
	64.12	31.49	67.67	-0.00	0.0611	10.62	467.1	397.31	0.0581	443.2	7.978	16.59	8.61	1.55
	65.11	31.47	67.68	0.00	0.0612	10.63	467.7	397.81	0.0570	435.3	7.835	16.29	8.34	1.54
	66.13	31.49	67.68	-0.00	0.0611	10.60	466.5	396.84	0.0576	435.7	7.842	16.30	8.36	1.54
	67.13	31.47	67.68	-0.00	0.0609	10.59	465.9	396.21	0.0579	441.9	7.954	16.54	8.57	1.54
	68.13	31.44	67.68	0.00	0.0612	10.64	468.0	398.04	0.0555	418.9	7.541	15.68	7.78	1.54
	69.14	31.45	67.70	-0.00	0.0612	10.65	468.5	398.29	0.0563	416.5	7.496	15.58	7.69	1.54
	70.12	31.45	67.68	-0.00	0.0612	10.63	467.6	397.70	0.0568	425.2	7.654	15.91	8.00	1.54
	71.12	31.41	67.68	0.00	0.0612	10.63	467.5	397.55	0.0566	424.8	7.646	15.89	7.98	1.54
	72.12	31.41	67.70	0.00	0.0611	10.59	465.9	396.07	0.0569	431.1	7.760	16.13	8.20	1.54
	73.13	31.41	67.68	-0.00	0.0611	10.60	466.3	396.55	0.0580	436.5	7.858	16.33	8.38	1.54
	74.12	31.43	67.68	-0.00	0.0611	10.60	466.5	396.73	0.0588	450.1	8.102	16.84	8.84	1.54
	75.11	31.45	67.68	0.00	0.0610	10.59	466.1	396.40	0.0584	447.6	8.058	16.75	8.76	1.55
	76.19	31.46	67.68	-0.00	0.0610	10.59	465.7	396.11	0.0577	438.6	7.895	16.41	8.46	1.55
	77.11	31.53	67.68	0.00	0.0611	10.60	466.6	396.90	0.0575	436.8	7.863	16.35	8.40	1.54
	78.11	31.51	67.70	0.00	0.0611	10.60	466.4	396.56	0.0572	432.8	7.791	16.19	8.26	1.54
	79.12	31.56	67.65	-0.00	0.0611	10.61	466.6	397.14	0.0573	433.7	7.807	16.24	8.30	1.54
	80.11	31.59	67.68	0.00	0.0611	10.60	466.6	396.96	0.0572	432.5	7.784	16.19	8.25	1.54
	81.11	31.64	67.70	0.00	0.0610	10.58	465.6	396.12	0.0569	428.9	7.720	16.05	8.13	1.55
	82.12	31.63	67.70	-0.00	0.0611	10.60	466.5	396.86	0.0567	428.1	7.705	16.02	8.11	1.55
	83.13	31.62	67.68	-0.00	0.0611	10.61	467.0	397.37	0.0568	427.1	7.687	15.99	8.07	1.54
	84.13	31.59	67.70	-0.00	0.0611	10.61	467.0	397.20	0.0571	431.0	7.758	16.13	8.20	1.54
	85.11	31.55	67.70	0.00	0.0611	10.60	466.6	396.79	0.0571	430.7	7.753	16.12	8.19	1.54
	86.11	31.58	67.70	0.00	0.0611	10.61	466.9	397.10	0.0574	434.2	7.815	16.25	8.31	1.54
	87.13	31.55	67.68	-0.00	0.0612	10.62	467.3	397.54	0.0573	434.7	7.824	16.27	8.33	1.55
	88.12	31.60	67.68	-0.00	0.0611	10.61	467.0	397.36	0.0576	436.5	7.858	16.34	8.39	1.55
	89.12	31.61	67.67	-0.00	0.0610	10.60	466.5	396.94	0.0572	434.0	7.811	16.25	8.31	1.54
	90.11	31.63	67.70	0.00	0.0610	10.58	465.5	395.97	0.0591	450.5	8.109	16.86	8.86	1.54
	91.12	31.68	67.68	0.00	0.0607	10.55	464.1	395.01	0.0592	455.7	8.203	17.06	9.03	1.54
	92.10	31.66	67.68	0.00	0.0609	10.56	464.4	395.25	0.0597	458.3	8.249	17.16	9.12	1.55
	93.12	31.67	67.68	0.00	0.0608	10.55	464.1	394.97	0.0597	460.7	8.292	17.25	9.19	1.55
	94.10	31.68	67.68	0.00	0.0610	10.57	465.1	395.85	0.0602	466.0	8.387	17.45	9.36	1.54
	95.13	31.65	67.68	-0.00	0.0609	10.56	464.5	395.33	0.0606	468.7	8.437	17.55	9.45	1.54
	96.10	31.66	67.70	0.00	0.0610	10.59	465.8	396.26	0.0594	455.4	8.196	17.05	9.02	1.55
	97.13	31.63	67.68	0.00	0.0610	10.60	466.2	396.75	0.0600	463.7	8.346	17.36	9.29	1.54
	98.12	31.60	67.70	-0.00	0.0609	10.55	464.4	394.99	0.0599	458.5	8.253	17.16	9.12	1.54
	99.16	31.61	67.65	0.00	0.0609	10.57	465.1	395.93	0.0601	461.7	8.311	17.29	9.22	1.55
	100.12	31.61	67.70	-0.00	0.0609	10.57	465.3	395.75	0.0614	480.9	8.656	18.00	9.83	1.55
	101.14	31.59	67.70	-0.00	0.0609	10.55	464.0	394.63	0.0603	468.1	8.426	17.52	9.43	1.54
	102.12	31.58	67.65	-0.00	0.0610	10.58	465.7	396.37	0.0599	463.5	8.344	17.36	9.28	1.55
	103.13	31.64	67.70	-0.00	0.0610	10.58	465.6	396.07	0.0599	460.2	8.283	17.22	9.18	1.55
	104.11	31.59	67.68	0.00	0.0610	10.59	465.9	396.41	0.0610	469.1	8.444	17.56	9.46	1.55
	105.10	31.59	67.68	0.00	0.0610	10.58	465.4	396.00	0.0608	473.7	8.527	17.73	9.60	1.55
	106.21	31.59	67.70	-0.00	0.0610	10.59	465.9	396.31	0.0602	464.4	8.359	17.38	9.31	1.55
	107.11	31.59	67.68	0.00	0.0610	10.58	465.7	396.22	0.0604	467.8	8.420	17.51	9.42	1.55
	108.12	31.57	67.65	0.00	0.0610	10.58	465.6	396.25	0.0597	461.4	8.305	17.28	9.21	1.55
	109.12	31.56	67.68	-0.00	0.0610	10.59	465.9	396.33	0.0593	447.1	8.048	16.74	8.74	1.55
	110.14	31.59	67.68	-0.00	0.0609	10.58	465.4	395.97	0.0596	457.2	8.230	17.12	9.08	1.55
	111.12	31.57	67.70	-0.00	0.0609	10.57	465.1	395.52	0.0594	457.6	8.236	17.12	9.09	1.55
	112.12	31.64	67.65	0.00	0.0609	10.57	465.2	396.05	0.0596	456.3	8.213	17.09	9.05	1.55
	113.12	31.59	67.68	0.00	0.0609	10.57	465.1	395.75	0.0596	459.3	8.268	17.20	9.15	1.55
	114.13	31.62	67.68	-0.00	0.0609	10.55	464.2	394.97	0.0594	455.4	8.197	17.05	9.02	1.55
	115.10	31.56	67.65	0.00	0.0610	10.59	466.0	396.60	0.0596	459.2	8.265	17.20	9.14	1.55
	116.11	31.55	67.68	0.00	0.0609	10.57	465.1	395.67	0.0600	458.2	8.248	17.15	9.11	1.55
	117.17	31.53	67.70	0.00	0.0608	10.56	464.6	395.05	0.0625	487.6	8.776	18.24	10.03	1.55
	118.12	31.54	67.68	-0.00	0.0608	10.54	463.6	394.37	0.0624	490.2	8.823	18.35	10.11	1.55
	119.12	31.49	67.68	0.00	0.0609	10.56	464.8	395.36	0.0613	477.0	8.586	17.85	9.70	1.55
	120.12	31.53	67.68	0.00	0.0609	10.57	464.9	395.49	0.0604	471.2	8.481	17.64	9.52	1.55
	121.12	31.52	67.70	0.00	0.0610	10.58	465.7	396.05	0.0603	465.5	8.379	17.42	9.34	1.55
	122.10	31.52	67.68	0.00	0.0609	10.58	465.4	395.89	0.0600	462.9	8.332	17.32	9.26	1.55
