Jul 28 2015 at 11:22:20
Frequency: 1.00Hz.
CO2
Zero:  Value:0.95  Date:18 Mar 2005	 at 07:22:33	
Span:  Value:1.00  Date:18 Mar 2005	 at 07:25:09	
H2O
Zero:  Value:0.71  Date:18 Mar 2005	 at 07:52:31	
Span:  Value:0.99  Date:18 Mar 2005	 at 11:44:01	
	Relative Time	Temperature	Pressure	Aux Input	CO2 Absorptance	CO2 mmol/m3	CO2 mg/m3	CO2 umol/mol	H2O Absorptance	H2O mmol/m3	H2O g/m3	H2O mmol/mol	H2O(°C)	Cooler Voltage
	0.14	28.41	67.65	0.00	0.0619	10.79	475.0	400.05	0.0439	312.4	5.623	11.58	3.41	1.58
	1.14	28.46	67.65	-0.00	0.0619	10.79	474.6	399.83	0.0443	303.4	5.461	11.25	3.00	1.58
	2.15	28.41	67.65	-0.00	0.0617	10.77	473.8	399.11	0.0446	309.3	5.568	11.46	3.27	1.58
	3.13	28.41	67.68	0.00	0.0618	10.75	473.2	398.44	0.0453	315.3	5.676	11.68	3.54	1.58
	4.15	28.46	67.65	-0.00	0.0614	10.74	472.8	398.28	0.0471	316.8	5.702	11.74	3.61	1.58
	5.13	28.42	67.67	0.00	0.0616	10.74	472.7	398.04	0.0464	322.9	5.812	11.96	3.88	1.58
	6.13	28.40	67.65	0.00	0.0615	10.74	472.4	397.86	0.0474	325.8	5.865	12.08	4.00	1.58
	7.14	28.41	67.67	-0.00	0.0609	10.60	466.6	392.87	0.0496	340.0	6.120	12.60	4.61	1.58
	8.14	28.40	67.65	0.00	0.0613	10.62	467.5	393.71	0.0486	353.5	6.363	13.10	5.17	1.58
	9.13	28.36	67.68	0.00	0.0608	10.55	464.1	390.71	0.0512	379.7	6.835	14.07	6.20	1.58
	10.22	28.37	67.67	-0.00	0.0608	10.56	464.5	391.09	0.0517	367.8	6.620	13.62	5.74	1.58
	11.14	28.38	67.67	-0.00	0.0609	10.56	464.6	391.14	0.0506	365.3	6.576	13.53	5.64	1.58
	12.15	28.40	67.65	-0.00	0.0612	10.62	467.1	393.41	0.0493	349.2	6.285	12.94	4.99	1.58
	13.13	28.40	67.65	-0.00	0.0610	10.57	465.0	391.62	0.0492	349.8	6.297	12.96	5.02	1.58
	14.13	28.42	67.70	-0.00	0.0608	10.54	463.8	390.40	0.0497	353.9	6.371	13.11	5.19	1.58
	15.15	28.39	67.68	-0.00	0.0607	10.47	460.8	387.97	0.0505	369.5	6.651	13.69	5.81	1.58
	16.13	28.44	67.68	0.00	0.0607	10.52	463.0	389.87	0.0501	358.5	6.453	13.28	5.37	1.58
	17.14	28.46	67.65	-0.00	0.0608	10.53	463.4	390.35	0.0501	359.8	6.476	13.34	5.43	1.58
	18.13	28.42	67.68	0.00	0.0608	10.55	464.1	390.73	0.0501	359.5	6.470	13.32	5.41	1.58
	19.16	28.42	67.66	-0.00	0.0607	10.53	463.2	390.15	0.0501	359.9	6.477	13.34	5.43	1.58
	20.12	28.41	67.68	0.00	0.0606	10.51	462.5	389.40	0.0501	360.0	6.480	13.34	5.43	1.58
	21.15	28.45	67.70	0.00	0.0607	10.53	463.3	390.05	0.0501	360.2	6.483	13.34	5.44	1.58
	22.12	28.43	67.65	0.00	0.0608	10.53	463.3	390.25	0.0501	359.5	6.470	13.32	5.41	1.58
	23.14	28.42	67.65	0.00	0.0610	10.59	466.1	392.58	0.0506	366.0	6.588	13.56	5.67	1.58
	24.13	28.42	67.65	0.00	0.0610	10.58	465.5	392.06	0.0506	362.5	6.526	13.44	5.53	1.58
	25.13	28.41	67.68	0.00	0.0609	10.56	464.7	391.30	0.0504	362.4	6.522	13.42	5.53	1.58
	26.14	28.44	67.67	-0.00	0.0608	10.55	464.3	390.95	0.0502	362.3	6.522	13.43	5.53	1.58
	27.14	28.43	67.65	-0.00	0.0606	10.52	462.7	389.79	0.0499	358.9	6.460	13.30	5.39	1.58
	28.14	28.40	67.65	-0.00	0.0608	10.55	464.3	391.06	0.0505	363.0	6.534	13.45	5.55	1.58
	29.11	28.44	67.70	0.00	0.0608	10.55	464.0	390.60	0.0508	364.4	6.559	13.50	5.61	1.58
	30.14	28.42	67.68	0.00	0.0607	10.53	463.5	390.27	0.0507	364.7	6.565	13.51	5.62	1.58
	31.14	28.41	67.65	-0.00	0.0606	10.50	462.1	389.22	0.0505	362.6	6.527	13.44	5.54	1.58
	32.15	28.44	67.65	-0.00	0.0606	10.50	461.9	389.08	0.0503	362.5	6.524	13.43	5.53	1.58
	33.21	28.41	67.67	-0.00	0.0607	10.54	463.9	390.64	0.0516	375.8	6.764	13.92	6.05	1.58
	34.12	28.40	67.67	0.00	0.0606	10.51	462.4	389.34	0.0514	373.0	6.715	13.82	5.94	1.58
	35.13	28.42	67.65	0.00	0.0609	10.55	464.2	390.96	0.0523	379.0	6.822	14.05	6.17	1.58
	36.11	28.40	67.65	0.00	0.0607	10.53	463.4	390.32	0.0523	380.4	6.846	14.10	6.23	1.58
	37.16	28.40	67.65	-0.00	0.0607	10.52	462.8	389.83	0.0517	376.6	6.780	13.96	6.08	1.58
	38.14	28.42	67.70	0.00	0.0606	10.50	462.1	389.01	0.0518	376.0	6.767	13.92	6.06	1.58
	39.16	28.42	67.67	0.00	0.0606	10.51	462.6	389.51	0.0516	376.2	6.771	13.94	6.07	1.58
	40.14	28.42	67.68	0.00	0.0606	10.49	461.7	388.76	0.0515	373.3	6.719	13.83	5.95	1.58
	41.12	28.42	67.65	0.00	0.0605	10.48	461.3	388.59	0.0517	373.0	6.713	13.82	5.94	1.58
	42.14	28.42	67.62	0.00	0.0606	10.50	461.9	389.18	0.0518	377.5	6.795	14.00	6.12	1.58
	43.12	28.44	67.63	0.00	0.0607	10.52	462.7	389.88	0.0523	381.8	6.872	14.16	6.28	1.58
	44.15	28.44	67.67	-0.00	0.0606	10.52	462.9	389.78	0.0518	381.6	6.869	14.14	6.28	1.58
	45.13	28.42	67.65	0.00	0.0607	10.51	462.6	389.63	0.0520	379.0	6.823	14.05	6.18	1.58
	46.13	28.42	67.65	0.00	0.0607	10.51	462.5	389.56	0.0524	381.4	6.865	14.13	6.27	1.58
	47.21	28.40	67.65	0.00	0.0607	10.51	462.4	389.45	0.0521	380.8	6.855	14.11	6.24	1.58
	48.13	28.42	67.67	0.00	0.0606	10.51	462.2	389.23	0.0523	381.2	6.862	14.13	6.26	1.58
	49.12	28.40	67.63	0.00	0.0606	10.50	462.1	389.37	0.0521	379.2	6.825	14.06	6.18	1.58
	50.14	28.40	67.65	-0.00	0.0606	10.50	462.1	389.22	0.0522	380.0	6.841	14.08	6.21	1.58
	51.14	28.40	67.65	0.00	0.0606	10.48	461.2	388.48	0.0518	376.8	6.782	13.96	6.09	1.58
	52.13	28.40	67.68	0.00	0.0606	10.49	461.6	388.61	0.0523	379.6	6.832	14.06	6.20	1.58
	53.15	28.40	67.67	-0.00	0.0607	10.51	462.3	389.28	0.0529	386.3	6.954	14.31	6.45	1.58
	54.13	28.38	67.65	-0.00	0.0608	10.54	463.7	390.51	0.0536	395.3	7.116	14.65	6.79	1.58
	55.15	28.40	67.65	-0.00	0.0607	10.52	462.9	389.91	0.0533	391.0	7.039	14.49	6.63	1.58
	56.13	28.42	67.65	-0.00	0.0607	10.51	462.3	389.41	0.0535	393.4	7.082	14.58	6.72	1.58
	57.14	28.37	67.65	-0.00	0.0608	10.53	463.1	390.02	0.0539	396.9	7.144	14.71	6.84	1.58
	58.13	28.40	67.62	0.00	0.0607	10.53	463.3	390.41	0.0536	396.9	7.144	14.71	6.84	1.58
	59.16	28.40	67.65	-0.00	0.0607	10.50	462.0	389.13	0.0535	390.0	7.021	14.45	6.59	1.58
	60.14	28.40	67.67	0.00	0.0605	10.49	461.4	388.47	0.0532	391.4	7.045	14.50	6.64	1.58
	61.14	28.40	67.65	-0.00	0.0605	10.49	461.4	388.60	0.0533	391.4	7.046	14.51	6.64	1.58
	62.13	28.39	67.68	0.00	0.0606	10.50	462.2	389.10	0.0537	395.2	7.114	14.64	6.78	1.58
	63.13	28.39	67.65	-0.00	0.0606	10.50	461.9	389.04	0.0536	394.0	7.092	14.60	6.74	1.58
	64.15	28.40	67.67	-0.00	0.0606	10.50	462.1	389.05	0.0538	396.9	7.143	14.70	6.84	1.58
	65.13	28.37	67.65	0.00	0.0605	10.49	461.7	388.88	0.0537	397.1	7.147	14.71	6.85	1.58
	66.11	28.35	67.65	0.00	0.0605	10.50	461.9	388.97	0.0538	397.4	7.153	14.72	6.86	1.58
	67.16	28.38	67.65	-0.00	0.0605	10.50	462.0	389.07	0.0541	401.1	7.219	14.86	7.00	1.58
	68.14	28.38	67.68	-0.00	0.0605	10.48	461.1	388.17	0.0537	398.0	7.164	14.74	6.88	1.58
	69.16	28.38	67.65	-0.00	0.0605	10.48	461.1	388.37	0.0540	395.6	7.121	14.66	6.80	1.58
	70.12	28.38	67.65	0.00	0.0606	10.51	462.2	389.30	0.0550	410.1	7.382	15.20	7.32	1.58
	71.14	28.38	67.65	0.00	0.0607	10.52	463.0	389.94	0.0555	413.0	7.434	15.31	7.42	1.58
	72.21	28.40	67.65	-0.00	0.0606	10.50	461.8	388.95	0.0547	409.1	7.364	15.16	7.29	1.59
	73.15	28.38	67.65	0.00	0.0607	10.50	462.1	389.20	0.0550	409.0	7.362	15.16	7.28	1.58
	74.15	28.38	67.62	-0.00	0.0607	10.52	463.0	390.06	0.0556	415.0	7.469	15.38	7.49	1.58
	75.13	28.40	67.65	0.00	0.0607	10.54	463.8	390.61	0.0557	417.6	7.517	15.48	7.59	1.58
	76.14	28.40	67.68	0.00	0.0607	10.53	463.1	389.93	0.0555	414.3	7.457	15.35	7.47	1.58
	77.13	28.40	67.60	0.00	0.0607	10.52	462.8	390.12	0.0555	414.8	7.466	15.38	7.49	1.58
	78.16	28.44	67.65	-0.00	0.0606	10.50	461.9	389.11	0.0556	415.5	7.478	15.40	7.51	1.59
	79.14	28.40	67.67	0.00	0.0606	10.49	461.5	388.57	0.0562	422.9	7.612	15.67	7.77	1.58
	80.12	28.40	67.65	0.00	0.0606	10.51	462.5	389.51	0.0563	423.0	7.614	15.68	7.77	1.58
	81.14	28.40	67.68	0.00	0.0605	10.48	461.2	388.27	0.0572	426.3	7.674	15.79	7.89	1.58
	82.13	28.39	67.65	-0.00	0.0605	10.45	459.8	387.30	0.0577	442.7	7.969	16.41	8.45	1.58
	83.15	28.40	67.65	-0.00	0.0605	10.47	460.5	387.85	0.0573	435.7	7.842	16.14	8.21	1.58
	84.13	28.40	67.65	-0.00	0.0604	10.45	459.7	387.18	0.0581	442.6	7.966	16.40	8.44	1.59
	85.13	28.40	67.65	0.00	0.0603	10.44	459.4	386.96	0.0578	439.9	7.919	16.30	8.35	1.58
	86.19	28.39	67.65	0.00	0.0604	10.45	459.9	387.29	0.0580	443.7	7.987	16.44	8.48	1.58
	87.16	28.39	67.65	-0.00	0.0603	10.45	459.8	387.30	0.0584	442.3	7.962	16.39	8.43	1.58
	88.14	28.38	67.67	0.00	0.0604	10.44	459.3	386.73	0.0579	441.2	7.941	16.34	8.39	1.58
	89.14	28.36	67.65	0.00	0.0604	10.45	459.8	387.20	0.0559	417.5	7.515	15.47	7.58	1.59
	90.14	28.38	67.68	0.00	0.0604	10.46	460.3	387.52	0.0573	434.2	7.815	16.08	8.16	1.59
	91.14	28.38	67.67	0.00	0.0606	10.49	461.6	388.66	0.0575	434.6	7.823	16.10	8.17	1.58
	92.13	28.42	67.65	0.00	0.0608	10.53	463.2	390.18	0.0586	447.4	8.053	16.58	8.60	1.58
	93.13	28.38	67.65	-0.00	0.0607	10.53	463.5	390.38	0.0590	452.2	8.140	16.76	8.76	1.58
	94.15	28.38	67.65	-0.00	0.0608	10.51	462.4	389.46	0.0588	450.4	8.106	16.69	8.70	1.59
	95.13	28.41	67.65	0.00	0.0607	10.51	462.4	389.45	0.0588	450.1	8.101	16.68	8.69	1.59
	96.14	28.38	67.65	-0.00	0.0606	10.50	462.0	389.08	0.0586	448.8	8.078	16.63	8.64	1.59
	97.13	28.38	67.62	-0.00	0.0606	10.51	462.3	389.50	0.0590	450.7	8.113	16.71	8.71	1.58
	98.14	28.37	67.65	-0.00	0.0605	10.49	461.4	388.61	0.0590	452.2	8.140	16.76	8.76	1.59
	99.12	28.37	67.65	0.00	0.0605	10.48	461.2	388.39	0.0589	451.2	8.121	16.72	8.72	1.59
	100.14	28.38	67.67	-0.00	0.0605	10.47	460.8	387.93	0.0590	452.4	8.142	16.76	8.76	1.59
	101.14	28.38	67.65	0.00	0.0604	10.46	460.4	387.71	0.0591	454.3	8.177	16.83	8.82	1.59
	102.21	28.38	67.68	0.00	0.0604	10.45	460.0	387.24	0.0591	454.2	8.175	16.82	8.82	1.59
	103.13	28.37	67.65	0.00	0.0604	10.45	459.9	387.30	0.0587	448.3	8.070	16.61	8.63	1.59
	104.15	28.36	67.62	-0.00	0.0605	10.48	461.0	388.38	0.0593	455.7	8.202	16.89	8.87	1.59
	105.13	28.36	67.68	0.00	0.0606	10.50	461.8	388.77	0.0595	457.8	8.241	16.96	8.94	1.59
	106.13	28.36	67.65	0.00	0.0604	10.47	460.7	387.97	0.0591	451.3	8.123	16.72	8.73	1.59
	107.13	28.38	67.62	0.00	0.0603	10.43	458.9	386.63	0.0589	450.7	8.113	16.71	8.71	1.59
	108.14	28.36	67.65	-0.00	0.0603	10.43	459.0	386.51	0.0589	453.5	8.163	16.80	8.80	1.59
	109.12	28.37	67.65	0.00	0.0604	10.44	459.4	386.90	0.0592	454.2	8.175	16.83	8.82	1.59
	110.15	28.33	67.67	-0.00	0.0603	10.45	459.6	386.89	0.0594	453.7	8.167	16.81	8.81	1.59
	111.21	28.35	67.65	0.00	0.0603	10.44	459.4	386.90	0.0590	451.1	8.120	16.71	8.72	1.59
	112.13	28.36	67.65	0.00	0.0603	10.44	459.1	386.67	0.0596	457.6	8.238	16.96	8.93	1.59
	113.15	28.36	67.65	-0.00	0.0602	10.42	458.4	386.05	0.0588	451.1	8.120	16.72	8.72	1.59
	114.13	28.30	67.65	0.00	0.0602	10.43	458.7	386.28	0.0588	452.9	8.152	16.78	8.78	1.59
	115.13	28.30	67.63	0.00	0.0602	10.44	459.1	386.71	0.0583	443.5	7.983	16.44	8.47	1.59
	116.11	28.30	67.65	0.00	0.0602	10.42	458.5	386.09	0.0582	446.3	8.033	16.53	8.56	1.59
	117.12	28.30	67.65	0.00	0.0602	10.41	458.0	385.66	0.0585	444.8	8.007	16.48	8.51	1.59
	118.14	28.30	67.65	-0.00	0.0603	10.43	458.9	386.38	0.0581	441.9	7.954	16.37	8.41	1.59
	119.14	28.30	67.65	0.00	0.0603	10.45	459.6	387.01	0.0589	449.1	8.083	16.64	8.65	1.59
	120.14	28.32	67.65	0.00	0.0604	10.47	460.7	387.90	0.0593	455.3	8.196	16.87	8.86	1.59
	121.13	28.30	67.65	0.00	0.0603	10.45	459.6	386.99	0.0584	448.5	8.073	16.62	8.63	1.59
