Jul 28 2015 at 12:29:13
Frequency: 1.00Hz.
CO2
Zero:  Value:0.95  Date:18 Mar 2005	 at 07:22:33	
Span:  Value:1.00  Date:18 Mar 2005	 at 07:25:09	
H2O
Zero:  Value:0.71  Date:18 Mar 2005	 at 07:52:31	
Span:  Value:0.99  Date:18 Mar 2005	 at 11:44:01	
	Relative Time	Temperature	Pressure	Aux Input	CO2 Absorptance	CO2 mmol/m3	CO2 mg/m3	CO2 umol/mol	H2O Absorptance	H2O mmol/m3	H2O g/m3	H2O mmol/mol	H2O(°C)	Cooler Voltage
	0.19	30.23	67.68	-0.00	0.0622	10.84	476.8	403.90	0.0456	314.6	5.662	11.72	3.59	1.59
	1.17	30.29	67.70	-0.00	0.0622	10.86	477.9	404.76	0.0453	313.4	5.641	11.68	3.54	1.59
	2.17	30.26	67.70	0.00	0.0623	10.87	478.4	405.10	0.0450	311.8	5.613	11.62	3.47	1.60
	3.25	30.28	67.68	0.00	0.0622	10.85	477.2	404.25	0.0449	311.8	5.612	11.62	3.47	1.60
	4.18	30.30	67.68	-0.00	0.0620	10.82	476.3	403.52	0.0445	306.3	5.514	11.42	3.22	1.59
	5.18	30.33	67.70	0.00	0.0620	10.80	475.2	402.52	0.0439	302.6	5.447	11.28	3.05	1.59
	6.18	30.34	67.68	0.00	0.0619	10.81	475.7	403.14	0.0435	297.4	5.354	11.09	2.80	1.59
	7.16	30.36	67.70	0.00	0.0619	10.78	474.3	401.81	0.0440	300.2	5.403	11.19	2.93	1.60
	8.16	30.36	67.73	0.00	0.0619	10.81	475.6	402.72	0.0441	303.9	5.470	11.32	3.11	1.60
	9.16	30.31	67.68	0.00	0.0620	10.80	475.4	402.80	0.0442	301.3	5.423	11.23	2.98	1.59
	10.17	30.26	67.68	-0.00	0.0617	10.77	473.8	401.42	0.0440	302.0	5.435	11.26	3.01	1.59
	11.15	30.26	67.70	0.00	0.0618	10.76	473.5	400.98	0.0439	300.3	5.405	11.19	2.93	1.60
	12.17	30.23	67.73	0.00	0.0619	10.79	474.6	401.66	0.0441	301.9	5.433	11.24	3.01	1.59
	13.15	30.26	67.68	0.00	0.0618	10.77	473.7	401.31	0.0438	299.8	5.397	11.18	2.91	1.60
	14.20	30.27	67.68	-0.00	0.0617	10.72	471.8	399.65	0.0452	309.5	5.571	11.54	3.36	1.60
	15.16	30.21	67.68	0.00	0.0618	10.73	471.9	399.71	0.0444	305.7	5.503	11.39	3.19	1.59
	16.18	30.21	67.68	0.00	0.0618	10.77	473.8	401.28	0.0444	304.7	5.485	11.36	3.14	1.59
	17.18	30.20	67.70	0.00	0.0618	10.76	473.2	400.69	0.0450	310.1	5.582	11.55	3.39	1.59
	18.17	30.25	67.68	0.00	0.0617	10.76	473.3	400.95	0.0450	308.9	5.560	11.51	3.33	1.59
	19.17	30.22	67.65	-0.00	0.0617	10.74	472.7	400.51	0.0446	307.1	5.529	11.45	3.25	1.60
	20.19	30.24	67.68	-0.00	0.0616	10.71	471.4	399.28	0.0452	314.5	5.660	11.72	3.59	1.60
	21.17	30.26	67.70	0.00	0.0616	10.71	471.3	399.12	0.0449	311.5	5.606	11.61	3.45	1.59
	22.15	30.26	67.68	0.00	0.0616	10.71	471.4	399.33	0.0447	307.9	5.542	11.48	3.29	1.59
	23.17	30.24	67.70	0.00	0.0615	10.70	470.9	398.73	0.0451	310.4	5.588	11.57	3.40	1.59
	24.15	30.22	67.68	0.00	0.0615	10.70	470.9	398.86	0.0457	319.2	5.746	11.90	3.80	1.59
	25.16	30.20	67.70	0.00	0.0616	10.73	471.9	399.55	0.0461	320.0	5.760	11.92	3.83	1.60
	26.16	30.23	67.72	-0.00	0.0617	10.74	472.4	399.83	0.0463	322.1	5.799	12.00	3.93	1.59
	27.19	30.17	67.70	-0.00	0.0616	10.73	472.2	399.80	0.0461	320.0	5.760	11.92	3.83	1.59
	28.17	30.18	67.70	0.00	0.0616	10.74	472.7	400.22	0.0464	324.6	5.843	12.09	4.04	1.59
	29.17	30.20	67.70	0.00	0.0615	10.69	470.3	398.17	0.0478	331.9	5.975	12.36	4.35	1.59
	30.25	30.19	67.67	-0.00	0.0615	10.70	470.8	398.73	0.0475	334.0	6.011	12.45	4.44	1.59
	31.18	30.24	67.70	0.00	0.0615	10.70	470.6	398.49	0.0469	329.6	5.932	12.28	4.25	1.60
	32.17	30.21	67.70	0.00	0.0615	10.69	470.2	398.14	0.0466	327.4	5.894	12.20	4.16	1.59
	33.24	30.18	67.70	0.00	0.0615	10.70	471.0	398.73	0.0470	329.2	5.925	12.26	4.23	1.59
	34.18	30.22	67.70	-0.00	0.0615	10.69	470.5	398.36	0.0473	332.3	5.981	12.38	4.37	1.59
	35.18	30.25	67.70	0.00	0.0615	10.70	470.7	398.59	0.0484	342.0	6.155	12.74	4.78	1.59
	36.16	30.24	67.70	0.00	0.0615	10.70	470.7	398.57	0.0482	334.8	6.027	12.48	4.48	1.59
	37.16	30.32	67.65	0.00	0.0614	10.67	469.3	397.75	0.0481	342.4	6.164	12.77	4.80	1.60
	38.17	30.32	67.68	-0.00	0.0615	10.70	470.8	398.89	0.0480	337.7	6.078	12.59	4.60	1.59
	39.16	30.34	67.68	0.00	0.0614	10.69	470.2	398.43	0.0477	338.6	6.094	12.62	4.64	1.59
	40.15	30.50	67.70	0.00	0.0614	10.68	469.9	398.24	0.0474	335.3	6.035	12.50	4.51	1.59
	41.17	30.52	67.68	0.00	0.0614	10.67	469.4	398.03	0.0473	328.2	5.907	12.24	4.21	1.59
	42.24	30.47	67.68	0.00	0.0613	10.67	469.4	397.92	0.0483	338.0	6.084	12.61	4.62	1.59
	43.16	30.42	67.72	0.00	0.0613	10.66	469.1	397.34	0.0476	337.3	6.071	12.57	4.59	1.59
	44.16	30.42	67.72	0.00	0.0614	10.67	469.7	397.80	0.0487	345.0	6.210	12.86	4.92	1.59
	45.16	30.39	67.68	0.00	0.0613	10.66	469.0	397.46	0.0488	342.9	6.171	12.78	4.83	1.59
	46.18	30.34	67.73	-0.00	0.0613	10.67	469.3	397.34	0.0497	355.4	6.397	13.24	5.34	1.59
	47.17	30.29	67.72	-0.00	0.0614	10.67	469.3	397.34	0.0482	339.2	6.105	12.63	4.67	1.59
	48.17	30.25	67.70	-0.00	0.0613	10.66	469.2	397.29	0.0479	338.6	6.096	12.62	4.64	1.59
	49.17	30.25	67.70	-0.00	0.0613	10.66	468.9	397.03	0.0480	340.2	6.123	12.67	4.71	1.59
	50.19	30.23	67.70	-0.00	0.0613	10.65	468.7	396.88	0.0492	341.9	6.154	12.74	4.78	1.59
	51.17	30.20	67.72	-0.00	0.0612	10.64	468.2	396.23	0.0488	347.8	6.260	12.95	5.02	1.59
	52.17	30.20	67.70	0.00	0.0613	10.64	468.3	396.53	0.0485	343.5	6.182	12.80	4.84	1.59
	53.16	30.24	67.68	0.00	0.0612	10.64	468.3	396.70	0.0480	338.8	6.098	12.63	4.65	1.59
	54.16	30.25	67.70	0.00	0.0613	10.65	468.8	396.95	0.0473	330.6	5.950	12.32	4.30	1.60
	55.16	30.16	67.70	0.00	0.0612	10.65	468.4	396.54	0.0483	341.7	6.151	12.73	4.77	1.59
	56.16	30.14	67.70	0.00	0.0613	10.65	468.6	396.70	0.0478	337.2	6.070	12.56	4.58	1.59
	57.16	30.19	67.70	0.00	0.0613	10.65	468.5	396.62	0.0478	337.0	6.066	12.55	4.57	1.59
	58.17	30.21	67.70	0.00	0.0613	10.64	468.3	396.49	0.0477	338.4	6.091	12.61	4.63	1.59
	59.16	30.16	67.68	0.00	0.0614	10.70	470.8	398.70	0.0478	335.8	6.044	12.51	4.52	1.59
	60.25	30.21	67.70	0.00	0.0613	10.65	468.7	396.84	0.0479	339.3	6.108	12.64	4.67	1.60
	61.17	30.24	67.70	-0.00	0.0614	10.66	469.1	397.25	0.0483	340.9	6.136	12.70	4.74	1.59
	62.17	30.31	67.72	0.00	0.0613	10.65	468.7	396.80	0.0482	341.1	6.141	12.71	4.75	1.60
	63.18	30.30	67.70	-0.00	0.0613	10.66	468.9	397.10	0.0480	338.4	6.091	12.61	4.63	1.60
	64.16	30.30	67.70	0.00	0.0612	10.65	468.5	396.77	0.0478	335.8	6.045	12.51	4.52	1.59
	65.18	30.33	67.72	-0.00	0.0612	10.63	467.9	396.17	0.0482	340.3	6.125	12.68	4.71	1.59
	66.17	30.35	67.72	-0.00	0.0612	10.63	467.7	396.07	0.0483	342.0	6.157	12.74	4.79	1.60
	67.17	30.32	67.68	0.00	0.0612	10.64	468.1	396.59	0.0483	342.4	6.163	12.76	4.80	1.59
	68.16	30.26	67.70	0.00	0.0613	10.65	468.4	396.68	0.0482	339.9	6.118	12.66	4.70	1.59
	69.25	30.28	67.68	0.00	0.0612	10.64	468.3	396.76	0.0481	339.0	6.102	12.64	4.66	1.60
	70.15	30.30	67.68	0.00	0.0611	10.62	467.4	395.97	0.0482	340.4	6.127	12.69	4.72	1.59
	71.18	30.29	67.70	-0.00	0.0612	10.63	467.6	395.96	0.0470	324.6	5.843	12.10	4.04	1.60
	72.17	30.31	67.71	0.00	0.0611	10.62	467.2	395.65	0.0474	334.9	6.029	12.48	4.49	1.60
	73.16	30.28	67.70	0.00	0.0612	10.63	467.6	396.01	0.0476	334.4	6.020	12.46	4.46	1.59
	74.16	30.34	67.70	0.00	0.0611	10.62	467.5	395.98	0.0481	342.2	6.159	12.75	4.80	1.60
	75.18	30.25	67.70	-0.00	0.0612	10.63	467.8	396.14	0.0482	342.2	6.160	12.75	4.79	1.59
	76.17	30.24	67.70	0.00	0.0612	10.64	468.4	396.57	0.0478	336.8	6.063	12.55	4.57	1.60
	77.19	30.20	67.70	-0.00	0.0613	10.64	468.2	396.42	0.0481	343.4	6.181	12.79	4.84	1.60
	78.19	30.17	67.68	-0.00	0.0612	10.65	468.5	396.78	0.0480	338.9	6.100	12.63	4.65	1.59
	79.17	30.14	67.72	0.00	0.0613	10.66	468.9	396.78	0.0481	338.7	6.097	12.61	4.64	1.60
	80.18	30.16	67.70	-0.00	0.0613	10.66	469.2	397.16	0.0480	338.1	6.085	12.59	4.61	1.60
	81.17	30.14	67.68	0.00	0.0613	10.65	468.7	396.89	0.0480	338.7	6.096	12.62	4.64	1.60
	82.17	30.23	67.70	0.00	0.0612	10.64	468.3	396.48	0.0482	339.6	6.113	12.65	4.68	1.60
	83.16	30.29	67.72	0.00	0.0613	10.65	468.8	396.90	0.0483	342.1	6.158	12.74	4.79	1.60
	84.16	30.28	67.68	0.00	0.0612	10.63	467.7	396.19	0.0484	343.2	6.177	12.79	4.83	1.59
	85.16	30.30	67.73	0.00	0.0611	10.62	467.5	395.73	0.0484	342.5	6.165	12.76	4.81	1.60
	86.17	30.30	67.72	-0.00	0.0612	10.63	467.7	396.01	0.0485	344.3	6.197	12.83	4.88	1.59
	87.16	30.28	67.72	0.00	0.0612	10.64	468.0	396.23	0.0493	349.4	6.290	13.02	5.09	1.59
	88.17	30.28	67.70	-0.00	0.0611	10.60	466.5	395.06	0.0492	350.1	6.301	13.04	5.12	1.60
	89.19	30.33	67.72	0.00	0.0610	10.59	465.9	394.47	0.0493	351.2	6.321	13.08	5.17	1.60
	90.17	30.32	67.71	0.00	0.0611	10.61	466.7	395.25	0.0495	354.7	6.385	13.22	5.31	1.59
	91.18	30.33	67.70	-0.00	0.0612	10.62	467.3	395.81	0.0489	348.1	6.266	12.97	5.04	1.60
	92.17	30.31	67.73	0.00	0.0611	10.62	467.2	395.57	0.0496	350.8	6.315	13.07	5.15	1.60
	93.15	30.30	67.68	0.00	0.0612	10.62	467.2	395.88	0.0490	352.4	6.343	13.14	5.21	1.60
	94.16	30.28	67.68	0.00	0.0612	10.62	467.3	395.88	0.0493	350.1	6.302	13.05	5.12	1.60
	95.16	30.26	67.72	0.00	0.0611	10.61	467.0	395.33	0.0495	352.4	6.344	13.13	5.21	1.60
	96.17	30.29	67.70	0.00	0.0612	10.62	467.1	395.58	0.0485	343.9	6.190	12.81	4.86	1.60
	97.17	30.27	67.72	0.00	0.0611	10.61	466.9	395.27	0.0491	348.3	6.269	12.97	5.04	1.60
	98.19	30.26	67.72	-0.00	0.0611	10.62	467.4	395.63	0.0491	349.0	6.283	13.00	5.08	1.59
	99.17	30.26	67.70	0.00	0.0611	10.61	466.9	395.39	0.0493	350.2	6.304	13.05	5.12	1.59
	100.15	30.31	67.75	0.00	0.0610	10.60	466.4	394.68	0.0492	351.2	6.321	13.08	5.16	1.60
	101.18	30.29	67.70	-0.00	0.0611	10.60	466.6	395.13	0.0490	349.6	6.293	13.03	5.10	1.60
	102.17	30.20	67.70	-0.00	0.0611	10.60	466.5	394.93	0.0494	352.5	6.344	13.13	5.21	1.59
	103.18	30.20	67.73	-0.00	0.0611	10.60	466.4	394.74	0.0498	353.3	6.359	13.16	5.25	1.59
	104.18	30.17	67.72	0.00	0.0610	10.60	466.2	394.52	0.0499	358.3	6.450	13.34	5.45	1.60
	105.18	30.14	67.70	-0.00	0.0610	10.59	466.1	394.55	0.0499	357.6	6.436	13.32	5.42	1.60
	106.17	30.14	67.72	0.00	0.0610	10.58	465.6	394.00	0.0500	357.5	6.434	13.31	5.41	1.60
	107.16	30.19	67.68	0.00	0.0610	10.60	466.5	395.12	0.0498	355.8	6.405	13.26	5.35	1.60
	108.16	30.20	67.70	0.00	0.0610	10.60	466.5	394.96	0.0508	361.0	6.498	13.45	5.56	1.60
	109.15	30.18	67.72	0.00	0.0610	10.60	466.3	394.61	0.0503	360.7	6.493	13.43	5.54	1.60
	110.15	30.22	67.72	0.00	0.0610	10.58	465.7	394.15	0.0503	361.1	6.499	13.45	5.56	1.60
	111.24	30.22	67.70	0.00	0.0610	10.59	466.1	394.67	0.0505	363.8	6.548	13.55	5.67	1.60
	112.17	30.24	67.70	0.00	0.0610	10.58	465.6	394.23	0.0504	362.3	6.521	13.50	5.61	1.60
	113.18	30.29	67.70	0.00	0.0609	10.58	465.5	394.21	0.0511	366.9	6.605	13.67	5.80	1.60
	114.18	30.33	67.70	-0.00	0.0609	10.57	465.0	393.83	0.0510	369.6	6.654	13.78	5.90	1.60
	115.17	30.33	67.72	-0.00	0.0610	10.58	465.6	394.20	0.0506	363.0	6.535	13.52	5.64	1.60
	116.17	30.36	67.70	-0.00	0.0610	10.57	465.2	394.04	0.0507	365.9	6.585	13.64	5.76	1.60
	117.16	30.35	67.72	0.00	0.0610	10.57	464.9	393.70	0.0510	368.3	6.629	13.72	5.85	1.60
	118.17	30.35	67.70	-0.00	0.0609	10.55	464.3	393.30	0.0509	366.4	6.595	13.66	5.78	1.60
	119.17	30.36	67.70	0.00	0.0609	10.56	464.6	393.57	0.0512	367.3	6.612	13.69	5.82	1.60
	120.17	30.34	67.70	-0.00	0.0609	10.57	465.2	394.06	0.0514	370.7	6.673	13.82	5.95	1.60
	121.18	30.32	67.68	-0.00	0.0609	10.56	464.7	393.72	0.0510	368.7	6.637	13.75	5.87	1.60
	122.16	30.28	67.72	0.00	0.0609	10.56	464.7	393.42	0.0507	363.5	6.542	13.54	5.66	1.60
	123.16	30.23	67.70	0.00	0.0609	10.57	465.1	393.82	0.0507	365.0	6.569	13.60	5.72	1.60
	124.18	30.20	67.67	-0.00	0.0609	10.58	465.5	394.26	0.0508	367.8	6.621	13.71	5.83	1.60
	125.24	30.22	67.68	0.00	0.0610	10.57	465.3	394.10	0.0508	365.4	6.578	13.62	5.73	1.60
