Jul 28 2015 at 11:41:39
Frequency: 1.00Hz.
CO2
Zero:  Value:0.95  Date:18 Mar 2005	 at 07:22:33	
Span:  Value:1.00  Date:18 Mar 2005	 at 07:25:09	
H2O
Zero:  Value:0.71  Date:18 Mar 2005	 at 07:52:31	
Span:  Value:0.99  Date:18 Mar 2005	 at 11:44:01	
	Relative Time	Temperature	Pressure	Aux Input	CO2 Absorptance	CO2 mmol/m3	CO2 mg/m3	CO2 umol/mol	H2O Absorptance	H2O mmol/m3	H2O g/m3	H2O mmol/mol	H2O(°C)	Cooler Voltage
	0.31	28.68	67.65	0.00	0.0620	10.81	475.6	400.95	0.0387	252.9	4.552	9.38	0.46	1.60
	1.33	28.69	67.67	-0.00	0.0618	10.81	475.5	400.78	0.0387	254.3	4.577	9.43	0.54	1.60
	2.31	28.66	67.65	-0.00	0.0620	10.81	475.6	400.90	0.0389	256.0	4.609	9.50	0.63	1.59
	3.29	28.68	67.62	0.00	0.0619	10.79	474.9	400.50	0.0390	256.8	4.622	9.53	0.67	1.60
	4.37	28.68	67.68	0.00	0.0619	10.80	475.0	400.29	0.0395	260.8	4.695	9.67	0.89	1.59
	5.32	28.68	67.67	-0.00	0.0617	10.76	473.6	399.11	0.0395	260.5	4.689	9.66	0.87	1.59
	6.32	28.68	67.65	0.00	0.0618	10.75	473.2	398.90	0.0401	266.9	4.804	9.90	1.21	1.60
	7.32	28.64	67.65	-0.00	0.0614	10.71	471.2	397.16	0.0399	265.1	4.772	9.83	1.11	1.60
	8.31	28.66	67.65	0.00	0.0615	10.69	470.4	396.52	0.0404	266.6	4.798	9.89	1.19	1.59
	9.31	28.64	67.65	0.00	0.0618	10.75	472.9	398.62	0.0413	276.9	4.984	10.27	1.72	1.59
	10.31	28.66	67.67	0.00	0.0614	10.72	471.7	397.54	0.0414	277.1	4.988	10.27	1.73	1.59
	11.29	28.62	67.65	0.00	0.0616	10.71	471.2	397.16	0.0416	279.8	5.036	10.38	1.87	1.59
	12.29	28.64	67.65	0.00	0.0613	10.69	470.4	396.54	0.0414	277.5	4.995	10.29	1.75	1.60
	13.31	28.62	67.67	0.00	0.0616	10.70	471.0	396.86	0.0418	279.7	5.035	10.37	1.86	1.60
	14.29	28.66	67.65	0.00	0.0612	10.67	469.6	395.86	0.0429	291.4	5.245	10.81	2.44	1.59
	15.30	28.66	67.65	0.00	0.0614	10.66	469.1	395.49	0.0426	290.1	5.221	10.76	2.37	1.59
	16.30	28.69	67.65	-0.00	0.0612	10.65	468.4	394.89	0.0423	285.7	5.142	10.60	2.16	1.59
	17.32	28.64	67.65	0.00	0.0613	10.64	468.4	394.77	0.0439	296.7	5.341	11.01	2.69	1.59
	18.31	28.64	67.62	-0.00	0.0613	10.67	469.7	396.07	0.0439	301.3	5.424	11.18	2.91	1.59
	19.31	28.66	67.65	0.00	0.0614	10.65	468.7	395.14	0.0452	312.5	5.624	11.59	3.42	1.59
	20.37	28.64	67.65	0.00	0.0610	10.62	467.1	393.77	0.0468	325.4	5.857	12.07	4.00	1.59
	21.29	28.66	67.67	-0.00	0.0608	10.55	464.2	391.17	0.0488	348.3	6.270	12.92	4.97	1.59
	22.31	28.66	67.67	-0.00	0.0608	10.54	463.8	390.84	0.0476	335.4	6.036	12.43	4.43	1.59
	23.29	28.66	67.67	0.00	0.0606	10.50	461.9	389.24	0.0500	360.1	6.481	13.35	5.45	1.59
	24.30	28.66	67.65	0.00	0.0606	10.47	460.9	388.53	0.0494	357.7	6.439	13.27	5.35	1.60
	25.29	28.66	67.65	0.00	0.0604	10.45	459.9	387.67	0.0526	381.3	6.863	14.14	6.27	1.59
	26.30	28.66	67.70	0.00	0.0602	10.41	458.2	385.97	0.0548	407.1	7.329	15.09	7.23	1.59
	27.30	28.68	67.68	-0.00	0.0600	10.36	455.6	383.97	0.0575	428.8	7.718	15.90	7.99	1.59
	28.30	28.66	67.65	0.00	0.0599	10.34	455.1	383.66	0.0564	420.5	7.569	15.60	7.70	1.59
	29.30	28.70	67.67	-0.00	0.0600	10.39	457.0	385.18	0.0575	436.8	7.862	16.20	8.26	1.59
	30.31	28.70	67.65	-0.00	0.0601	10.35	455.3	383.85	0.0574	443.8	7.988	16.46	8.50	1.59
	31.29	28.68	67.65	0.00	0.0602	10.39	457.3	385.54	0.0544	402.1	7.238	14.92	7.05	1.59
	32.32	28.68	67.65	-0.00	0.0597	10.34	454.9	383.47	0.0581	439.8	7.916	16.31	8.36	1.59
	33.32	28.68	67.67	0.00	0.0600	10.34	454.9	383.37	0.0564	422.9	7.612	15.68	7.78	1.59
	34.30	28.68	67.63	0.00	0.0597	10.33	454.4	383.25	0.0576	439.3	7.907	16.30	8.34	1.59
	35.30	28.68	67.68	0.00	0.0598	10.31	453.5	382.16	0.0588	450.7	8.113	16.71	8.72	1.60
	36.32	28.70	67.67	0.00	0.0598	10.32	454.2	382.86	0.0575	439.2	7.905	16.29	8.34	1.59
	37.30	28.70	67.68	0.00	0.0597	10.33	454.4	382.95	0.0561	422.1	7.597	15.65	7.76	1.59
	38.39	28.68	67.68	-0.00	0.0598	10.31	453.5	382.22	0.0562	421.4	7.586	15.63	7.73	1.59
	39.31	28.68	67.65	-0.00	0.0596	10.31	453.7	382.43	0.0577	439.5	7.912	16.30	8.35	1.60
	40.30	28.68	67.65	0.00	0.0598	10.31	453.7	382.46	0.0580	439.3	7.908	16.30	8.35	1.60
	41.31	28.68	67.68	0.00	0.0595	10.29	452.7	381.45	0.0578	441.6	7.948	16.37	8.42	1.59
	42.31	28.70	67.65	-0.00	0.0596	10.28	452.3	381.32	0.0583	442.3	7.962	16.41	8.45	1.60
	43.32	28.68	67.68	-0.00	0.0595	10.26	451.3	380.32	0.0585	446.7	8.041	16.56	8.59	1.59
	44.30	28.68	67.68	0.00	0.0593	10.24	450.6	379.75	0.0587	452.1	8.138	16.76	8.77	1.59
	45.30	28.68	67.67	0.00	0.0595	10.26	451.4	380.44	0.0595	461.2	8.301	17.10	9.06	1.60
	46.32	28.68	67.67	-0.00	0.0593	10.25	450.9	379.99	0.0600	469.1	8.444	17.39	9.32	1.60
	47.38	28.68	67.67	-0.00	0.0595	10.22	449.9	379.16	0.0620	484.3	8.718	17.96	9.79	1.60
	48.30	28.70	67.67	0.00	0.0594	10.24	450.5	379.66	0.0608	471.0	8.477	17.47	9.38	1.60
	49.30	28.66	67.65	0.00	0.0593	10.23	450.0	379.38	0.0617	481.1	8.659	17.84	9.69	1.59
	50.29	28.66	67.65	-0.00	0.0592	10.21	449.3	378.77	0.0613	477.2	8.589	17.70	9.57	1.60
	51.31	28.68	67.65	0.00	0.0595	10.23	450.0	379.35	0.0613	473.7	8.527	17.57	9.46	1.59
	52.31	28.68	67.65	-0.00	0.0593	10.23	450.3	379.61	0.0613	479.0	8.622	17.77	9.63	1.60
	53.32	28.66	67.65	-0.00	0.0593	10.17	447.7	377.38	0.0644	513.5	9.244	19.05	10.67	1.60
	54.30	28.68	67.65	0.00	0.0591	10.16	447.2	377.05	0.0636	502.9	9.052	18.66	10.35	1.59
	55.30	28.68	67.68	0.00	0.0591	10.16	447.0	376.70	0.0630	490.9	8.837	18.20	9.99	1.60
	56.32	28.68	67.65	-0.00	0.0589	10.14	446.1	376.12	0.0656	526.8	9.482	19.54	11.05	1.60
	57.31	28.70	67.60	-0.00	0.0586	10.08	443.6	374.25	0.0664	531.9	9.574	19.75	11.20	1.60
	58.30	28.70	67.65	0.00	0.0587	10.07	443.1	373.58	0.0652	519.4	9.349	19.27	10.84	1.60
	59.31	28.68	67.67	0.00	0.0586	10.07	442.9	373.27	0.0661	529.3	9.527	19.63	11.12	1.60
	60.31	28.67	67.67	-0.00	0.0585	10.04	441.9	372.40	0.0670	537.5	9.674	19.93	11.35	1.60
	61.31	28.60	67.65	0.00	0.0585	10.06	442.8	373.20	0.0672	546.2	9.831	20.25	11.59	1.60
	62.31	28.60	67.60	-0.00	0.0586	10.06	442.6	373.35	0.0662	536.3	9.653	19.90	11.32	1.60
	63.30	28.60	67.65	0.00	0.0586	10.06	442.5	372.96	0.0667	528.2	9.507	19.59	11.09	1.60
	64.30	28.62	67.70	-0.00	0.0588	10.07	442.9	373.04	0.0654	529.0	9.522	19.61	11.11	1.60
	65.29	28.62	67.68	0.00	0.0587	10.06	442.6	372.89	0.0671	549.7	9.894	20.38	11.69	1.60
	66.32	28.67	67.70	-0.00	0.0585	10.06	442.4	372.72	0.0669	543.7	9.786	20.15	11.53	1.59
	67.30	28.66	67.65	0.00	0.0584	10.02	440.9	371.67	0.0678	557.5	10.034	20.68	11.91	1.60
	68.30	28.66	67.67	0.00	0.0587	10.08	443.3	373.59	0.0666	535.3	9.635	19.85	11.29	1.60
	69.31	28.68	67.65	-0.00	0.0584	10.03	441.2	371.97	0.0677	552.1	9.939	20.48	11.76	1.60
	70.29	28.66	67.65	0.00	0.0585	10.01	440.3	371.19	0.0669	543.2	9.778	20.15	11.51	1.60
	71.29	28.66	67.67	0.00	0.0583	10.02	440.8	371.44	0.0670	540.7	9.733	20.05	11.44	1.60
	72.31	28.66	67.65	-0.00	0.0584	10.02	440.9	371.67	0.0678	549.2	9.886	20.37	11.68	1.60
	73.31	28.64	67.70	0.00	0.0584	10.01	440.3	370.91	0.0684	557.5	10.035	20.66	11.90	1.60
	74.30	28.66	67.65	0.00	0.0583	10.00	439.8	370.75	0.0673	549.4	9.890	20.38	11.69	1.60
	75.32	28.66	67.65	-0.00	0.0586	10.05	442.0	372.62	0.0671	540.8	9.734	20.06	11.44	1.60
	76.30	28.69	67.67	0.00	0.0585	10.02	440.8	371.50	0.0676	533.7	9.606	19.79	11.25	1.60
	77.31	28.66	67.65	0.00	0.0584	10.02	440.7	371.53	0.0677	552.0	9.937	20.48	11.76	1.60
	78.30	28.69	67.67	0.00	0.0582	9.98	439.3	370.22	0.0685	556.7	10.020	20.64	11.88	1.60
	79.31	28.66	67.65	0.00	0.0583	9.99	439.4	370.44	0.0668	540.6	9.730	20.05	11.44	1.60
	80.31	28.68	67.65	-0.00	0.0583	9.96	438.4	369.62	0.0688	563.6	10.146	20.91	12.07	1.60
	81.29	28.68	67.67	0.00	0.0582	9.95	437.9	369.08	0.0693	571.6	10.288	21.19	12.29	1.60
	82.31	28.68	67.65	-0.00	0.0579	9.94	437.5	368.83	0.0697	573.3	10.319	21.26	12.33	1.60
	83.30	28.68	67.68	-0.00	0.0583	9.95	437.7	368.87	0.0691	574.4	10.340	21.30	12.36	1.60
	84.30	28.66	67.65	-0.00	0.0581	9.93	437.1	368.47	0.0695	577.5	10.394	21.42	12.44	1.60
	85.29	28.68	67.67	0.00	0.0579	9.93	436.8	368.12	0.0692	567.6	10.217	21.05	12.18	1.60
	86.30	28.70	67.65	-0.00	0.0581	9.91	436.1	367.69	0.0684	562.1	10.117	20.85	12.03	1.60
	87.28	28.68	67.67	0.00	0.0582	9.93	437.0	368.26	0.0685	556.8	10.022	20.65	11.89	1.60
	88.31	28.68	67.65	0.00	0.0579	9.92	436.7	368.13	0.0689	563.9	10.150	20.92	12.08	1.60
	89.31	28.68	67.63	0.00	0.0579	9.93	437.0	368.52	0.0694	572.7	10.309	21.25	12.32	1.60
	90.31	28.68	67.65	0.00	0.0580	9.94	437.3	368.66	0.0687	560.1	10.083	20.78	11.98	1.60
	91.31	28.70	67.68	0.00	0.0581	9.93	437.1	368.36	0.0690	569.0	10.242	21.10	12.22	1.60
	92.32	28.73	67.65	-0.00	0.0581	9.91	436.1	367.70	0.0689	564.1	10.154	20.93	12.09	1.60
	93.30	28.70	67.67	-0.00	0.0578	9.91	435.9	367.42	0.0698	572.6	10.306	21.23	12.31	1.60
	94.29	28.69	67.65	0.00	0.0577	9.86	434.0	365.92	0.0706	590.4	10.626	21.90	12.78	1.60
	95.30	28.69	67.65	-0.00	0.0575	9.85	433.6	365.53	0.0719	591.8	10.653	21.95	12.82	1.60
	96.28	28.70	67.67	0.00	0.0572	9.80	431.1	363.32	0.0731	621.9	11.194	23.06	13.58	1.60
	97.31	28.70	67.68	-0.00	0.0575	9.80	431.3	363.46	0.0744	636.7	11.461	23.61	13.94	1.60
	98.30	28.74	67.65	-0.00	0.0577	9.83	432.7	364.86	0.0722	602.6	10.846	22.36	13.09	1.60
	99.29	28.74	67.63	0.00	0.0581	9.89	435.3	367.20	0.0707	592.1	10.658	21.97	12.83	1.60
	100.36	28.68	67.65	0.00	0.0578	9.88	434.8	366.55	0.0720	599.4	10.789	22.23	13.01	1.60
	101.31	28.71	67.65	0.00	0.0573	9.77	429.8	362.38	0.0746	633.2	11.397	23.49	13.85	1.60
	102.31	28.71	67.65	0.00	0.0573	9.76	429.5	362.15	0.0749	641.8	11.553	23.81	14.06	1.60
	103.29	28.72	67.65	0.00	0.0572	9.78	430.3	362.81	0.0746	635.7	11.443	23.58	13.92	1.60
	104.30	28.72	67.65	0.00	0.0572	9.77	430.0	362.60	0.0746	637.1	11.467	23.63	13.95	1.60
	105.28	28.72	67.65	0.00	0.0573	9.77	429.9	362.42	0.0742	631.3	11.364	23.42	13.81	1.60
	106.30	28.71	67.62	0.00	0.0573	9.75	429.2	361.98	0.0753	646.7	11.641	24.00	14.18	1.60
	107.30	28.71	67.67	0.00	0.0571	9.76	429.4	361.89	0.0746	630.1	11.342	23.37	13.78	1.60
	108.30	28.72	67.68	0.00	0.0573	9.75	428.9	361.46	0.0745	634.4	11.419	23.53	13.88	1.60
	109.31	28.74	67.67	-0.00	0.0571	9.76	429.3	361.83	0.0748	644.6	11.603	23.91	14.13	1.60
	110.31	28.68	67.65	-0.00	0.0574	9.78	430.4	362.83	0.0732	619.0	11.142	22.96	13.50	1.60
	111.31	28.72	67.65	0.00	0.0572	9.78	430.4	362.93	0.0742	620.3	11.166	23.01	13.54	1.60
	112.31	28.70	67.65	-0.00	0.0575	9.77	430.1	362.60	0.0739	630.5	11.350	23.39	13.79	1.60
	113.30	28.70	67.63	-0.00	0.0572	9.78	430.2	362.86	0.0738	627.9	11.302	23.30	13.72	1.60
	114.30	28.70	67.65	-0.00	0.0574	9.76	429.3	361.92	0.0735	624.3	11.237	23.16	13.63	1.60
	115.30	28.67	67.65	0.00	0.0574	9.81	431.8	363.98	0.0728	617.8	11.121	22.92	13.47	1.60
	116.31	28.70	67.65	-0.00	0.0576	9.81	431.6	363.93	0.0723	607.0	10.925	22.52	13.20	1.60
	117.30	28.75	67.65	0.00	0.0573	9.80	431.4	363.74	0.0736	619.4	11.150	22.98	13.52	1.60
	118.39	28.74	67.62	-0.00	0.0575	9.81	431.8	364.20	0.0726	611.4	11.005	22.69	13.32	1.60
	119.29	28.72	67.67	0.00	0.0573	9.78	430.2	362.60	0.0747	628.0	11.304	23.29	13.73	1.60
