Jul 28 2015 at 16:27:43
Frequency: 1.00Hz.
CO2
Zero:  Value:0.95  Date:18 Mar 2005	 at 07:22:33	
Span:  Value:1.00  Date:18 Mar 2005	 at 07:25:09	
H2O
Zero:  Value:0.71  Date:18 Mar 2005	 at 07:52:31	
Span:  Value:0.99  Date:18 Mar 2005	 at 11:44:01	
	Relative Time	Temperature	Pressure	Aux Input	CO2 Absorptance	CO2 mmol/m3	CO2 mg/m3	CO2 umol/mol	H2O Absorptance	H2O mmol/m3	H2O g/m3	H2O mmol/mol	H2O(°C)	Cooler Voltage
	0.14	31.90	66.87	0.00	0.0621	10.91	480.0	413.70	0.0395	258.0	4.643	9.78	0.89	1.59
	1.14	31.85	66.92	-0.00	0.0618	10.81	475.7	409.73	0.0407	271.8	4.892	10.30	1.61	1.59
	2.12	31.86	66.89	0.00	0.0617	10.79	474.8	409.08	0.0405	270.8	4.875	10.27	1.56	1.59
	3.14	31.81	66.87	-0.00	0.0618	10.83	476.7	410.79	0.0407	268.4	4.832	10.18	1.43	1.59
	4.12	31.81	66.89	0.00	0.0618	10.81	475.6	409.70	0.0411	274.0	4.932	10.38	1.72	1.59
	5.12	31.84	66.90	0.00	0.0618	10.82	476.1	410.14	0.0415	280.9	5.057	10.65	2.07	1.59
	6.13	31.79	66.89	-0.00	0.0618	10.80	475.2	409.35	0.0418	280.2	5.044	10.62	2.03	1.59
	7.14	31.80	66.89	-0.00	0.0618	10.82	476.2	410.19	0.0419	286.8	5.162	10.87	2.36	1.59
	8.13	31.74	66.89	-0.00	0.0616	10.79	474.8	408.87	0.0415	283.4	5.102	10.74	2.19	1.59
	9.11	31.71	66.87	0.00	0.0616	10.75	473.2	407.63	0.0417	280.1	5.042	10.62	2.02	1.59
	10.12	31.63	66.87	0.00	0.0616	10.76	473.3	407.61	0.0418	282.2	5.080	10.69	2.12	1.59
	11.14	31.59	66.87	0.00	0.0616	10.77	473.8	407.94	0.0424	288.6	5.195	10.93	2.44	1.59
	12.14	31.60	66.89	0.00	0.0614	10.72	471.8	406.16	0.0423	287.2	5.170	10.88	2.37	1.59
	13.12	31.54	66.89	0.00	0.0615	10.72	471.9	406.12	0.0426	288.1	5.186	10.91	2.41	1.59
	14.13	31.52	66.91	0.00	0.0615	10.75	473.0	406.97	0.0431	294.1	5.293	11.13	2.70	1.59
	15.19	31.41	66.89	0.00	0.0615	10.74	472.5	406.52	0.0430	294.7	5.305	11.16	2.72	1.59
	16.13	31.38	66.89	-0.00	0.0614	10.71	471.1	405.24	0.0433	293.6	5.285	11.11	2.67	1.59
	17.13	31.32	66.89	0.00	0.0614	10.71	471.3	405.34	0.0438	300.4	5.407	11.37	2.99	1.59
	18.13	31.22	66.90	0.00	0.0612	10.65	468.6	402.87	0.0435	290.0	5.220	10.97	2.49	1.59
	19.11	31.17	66.87	0.00	0.0614	10.70	470.9	404.96	0.0441	302.5	5.445	11.45	3.08	1.59
	20.14	31.17	66.87	-0.00	0.0613	10.71	471.4	405.34	0.0448	306.3	5.514	11.59	3.26	1.59
	21.22	31.17	66.89	-0.00	0.0614	10.71	471.3	405.13	0.0448	311.2	5.602	11.77	3.48	1.59
	22.14	31.21	66.87	-0.00	0.0613	10.70	470.7	404.87	0.0452	315.5	5.680	11.94	3.68	1.59
	23.12	31.27	66.89	0.00	0.0613	10.70	470.6	404.65	0.0456	317.4	5.713	12.01	3.77	1.59
	24.13	31.31	66.87	0.00	0.0613	10.69	470.4	404.74	0.0451	313.7	5.646	11.87	3.60	1.59
	25.13	31.33	66.94	-0.00	0.0612	10.64	468.1	402.38	0.0462	326.5	5.877	12.35	4.17	1.59
	26.11	31.33	66.87	0.00	0.0612	10.66	468.9	403.43	0.0463	322.5	5.805	12.21	3.99	1.59
	27.13	31.41	66.89	-0.00	0.0612	10.66	469.1	403.62	0.0468	328.4	5.911	12.43	4.26	1.59
	28.13	31.44	66.87	0.00	0.0611	10.66	469.1	403.78	0.0467	328.3	5.909	12.43	4.25	1.59
	29.12	31.41	66.87	0.00	0.0610	10.65	468.7	403.35	0.0468	331.5	5.968	12.55	4.39	1.59
	30.11	31.44	66.87	0.00	0.0611	10.66	468.9	403.59	0.0471	333.0	5.994	12.61	4.46	1.59
	31.14	31.44	66.87	-0.00	0.0612	10.67	469.7	404.24	0.0466	326.4	5.876	12.36	4.17	1.59
	32.12	31.49	66.87	-0.00	0.0612	10.67	469.6	404.25	0.0462	322.7	5.809	12.22	4.01	1.59
	33.12	31.48	66.92	0.00	0.0612	10.67	469.7	404.03	0.0467	323.8	5.829	12.26	4.06	1.59
	34.12	31.53	66.87	0.00	0.0612	10.67	469.5	404.21	0.0467	328.5	5.912	12.44	4.27	1.59
	35.12	31.55	66.92	0.00	0.0611	10.65	468.8	403.31	0.0471	330.5	5.949	12.51	4.35	1.59
	36.13	31.57	66.87	-0.00	0.0611	10.65	468.7	403.61	0.0473	333.2	5.997	12.62	4.47	1.59
	37.14	31.57	66.87	-0.00	0.0612	10.67	469.4	404.21	0.0475	336.5	6.058	12.75	4.61	1.59
	38.13	31.64	66.89	0.00	0.0611	10.65	468.7	403.52	0.0478	336.5	6.058	12.75	4.62	1.59
	39.12	31.63	66.89	0.00	0.0611	10.65	468.4	403.29	0.0479	337.0	6.066	12.77	4.64	1.59
	40.12	31.62	66.89	0.00	0.0611	10.65	468.4	403.27	0.0483	345.6	6.220	13.09	5.00	1.59
	41.12	31.67	66.90	0.00	0.0611	10.64	468.0	402.90	0.0485	345.4	6.216	13.08	4.99	1.59
	42.14	31.74	66.89	-0.00	0.0610	10.64	468.2	403.22	0.0492	347.2	6.250	13.16	5.07	1.59
	43.13	31.67	66.87	-0.00	0.0610	10.63	467.8	402.96	0.0491	350.2	6.304	13.27	5.19	1.59
	44.13	31.70	66.89	-0.00	0.0610	10.64	468.0	402.96	0.0491	350.3	6.305	13.27	5.19	1.59
	45.13	31.73	66.90	-0.00	0.0610	10.63	467.7	402.74	0.0493	351.8	6.332	13.33	5.26	1.59
	46.13	31.75	66.87	0.00	0.0611	10.63	467.8	403.07	0.0494	354.7	6.385	13.45	5.38	1.59
	47.13	31.78	66.89	-0.00	0.0610	10.63	467.5	402.71	0.0490	350.2	6.304	13.27	5.20	1.59
	48.14	31.75	66.91	0.00	0.0610	10.63	467.6	402.56	0.0490	350.0	6.300	13.26	5.19	1.59
	49.12	31.78	66.89	0.00	0.0610	10.62	467.1	402.36	0.0489	349.7	6.294	13.25	5.17	1.59
	50.12	31.77	66.92	0.00	0.0610	10.62	467.5	402.48	0.0491	351.3	6.323	13.31	5.24	1.59
	51.15	31.77	66.87	0.00	0.0608	10.60	466.3	401.79	0.0501	355.6	6.401	13.48	5.41	1.59
	52.12	31.80	66.87	0.00	0.0610	10.62	467.4	402.80	0.0491	352.5	6.345	13.37	5.29	1.59
	53.13	31.76	66.89	-0.00	0.0608	10.59	465.8	401.19	0.0497	356.0	6.407	13.49	5.43	1.59
	54.12	31.77	66.87	0.00	0.0609	10.60	466.2	401.71	0.0492	350.7	6.313	13.30	5.21	1.59
	55.12	31.77	66.90	0.00	0.0608	10.58	465.7	401.09	0.0497	356.8	6.422	13.52	5.46	1.59
	56.13	31.77	66.89	0.00	0.0609	10.58	465.6	401.06	0.0499	356.7	6.421	13.52	5.46	1.59
	57.13	31.77	66.89	-0.00	0.0609	10.61	466.9	402.11	0.0508	366.9	6.603	13.90	5.86	1.59
	58.11	31.80	66.90	0.00	0.0608	10.58	465.5	400.98	0.0502	364.5	6.561	13.81	5.77	1.59
	59.12	31.77	66.90	0.00	0.0608	10.57	465.0	400.46	0.0505	364.2	6.556	13.80	5.76	1.59
	60.12	31.74	66.89	0.00	0.0607	10.55	464.2	399.82	0.0505	366.5	6.597	13.89	5.85	1.59
	61.14	31.76	66.91	-0.00	0.0607	10.56	464.6	400.05	0.0499	357.3	6.431	13.54	5.48	1.59
	62.12	31.78	66.87	0.00	0.0610	10.60	466.4	401.90	0.0528	384.1	6.914	14.56	6.53	1.59
	63.13	31.75	66.87	0.00	0.0608	10.59	466.2	401.64	0.0523	385.2	6.934	14.60	6.57	1.59
	64.12	31.80	66.87	0.00	0.0607	10.55	464.4	400.17	0.0523	382.4	6.883	14.50	6.47	1.59
	65.11	31.81	66.89	0.00	0.0608	10.58	465.5	400.97	0.0523	382.6	6.887	14.50	6.47	1.59
	66.13	31.73	66.84	0.00	0.0608	10.58	465.5	401.20	0.0524	384.7	6.925	14.59	6.55	1.59
	67.13	31.75	66.92	0.00	0.0608	10.59	465.9	401.06	0.0529	388.4	6.991	14.71	6.69	1.59
	68.11	31.80	66.87	0.00	0.0608	10.58	465.4	400.98	0.0532	389.2	7.005	14.76	6.72	1.59
	69.12	31.79	66.92	0.00	0.0608	10.59	465.9	401.15	0.0530	394.8	7.107	14.96	6.93	1.59
	70.14	31.82	66.92	-0.00	0.0608	10.56	464.8	400.22	0.0540	399.4	7.190	15.13	7.10	1.59
	71.12	31.77	66.89	0.00	0.0607	10.56	464.8	400.32	0.0539	402.3	7.242	15.25	7.20	1.59
	72.14	31.78	66.90	-0.00	0.0607	10.55	464.1	399.71	0.0541	400.1	7.202	15.16	7.13	1.59
	73.12	31.82	66.92	0.00	0.0605	10.53	463.3	398.97	0.0540	399.8	7.197	15.15	7.12	1.59
	74.13	31.79	66.89	0.00	0.0607	10.56	464.7	400.26	0.0517	375.6	6.761	14.24	6.21	1.59
	75.11	31.77	66.87	0.00	0.0606	10.54	463.8	399.60	0.0524	396.6	7.138	15.04	6.99	1.59
	76.11	31.78	66.87	0.00	0.0606	10.53	463.4	399.31	0.0520	394.4	7.100	14.95	6.92	1.59
	77.13	31.76	66.87	0.00	0.0607	10.54	463.5	399.39	0.0534	395.8	7.125	15.01	6.97	1.59
	78.12	31.77	66.87	0.00	0.0606	10.53	463.4	399.26	0.0537	394.8	7.106	14.97	6.93	1.59
	79.14	31.82	66.89	-0.00	0.0606	10.54	463.8	399.57	0.0535	397.1	7.148	15.05	7.02	1.59
	80.12	31.77	66.89	0.00	0.0607	10.55	464.2	399.81	0.0532	391.2	7.041	14.83	6.80	1.59
	81.14	31.77	66.85	0.00	0.0606	10.52	462.9	398.96	0.0532	390.9	7.036	14.82	6.78	1.59
	82.13	31.78	66.87	-0.00	0.0606	10.52	463.1	399.01	0.0536	397.5	7.156	15.07	7.03	1.59
	83.12	31.78	66.89	0.00	0.0606	10.54	464.0	399.64	0.0535	395.5	7.118	14.99	6.95	1.59
	84.13	31.73	66.87	0.00	0.0606	10.53	463.2	399.02	0.0533	391.9	7.055	14.86	6.82	1.59
	85.13	31.72	66.87	0.00	0.0606	10.54	463.7	399.46	0.0533	391.5	7.047	14.84	6.80	1.59
	86.11	31.73	66.89	0.00	0.0605	10.52	462.9	398.68	0.0528	389.1	7.004	14.74	6.72	1.59
	87.13	31.75	66.92	0.00	0.0606	10.52	463.0	398.63	0.0536	395.3	7.116	14.98	6.95	1.59
	88.14	31.72	66.89	-0.00	0.0606	10.54	463.6	399.29	0.0539	401.8	7.233	15.23	7.18	1.59
	89.12	31.71	66.87	0.00	0.0605	10.51	462.5	398.46	0.0535	396.8	7.142	15.04	7.00	1.59
	90.14	31.73	66.87	-0.00	0.0605	10.51	462.5	398.44	0.0538	397.7	7.159	15.08	7.03	1.59
	91.12	31.76	66.89	0.00	0.0607	10.51	462.3	398.17	0.0537	403.9	7.270	15.31	7.26	1.59
	92.20	31.73	66.89	0.00	0.0607	10.60	466.4	401.63	0.0525	382.3	6.882	14.49	6.46	1.59
	93.12	31.78	66.89	0.00	0.0608	10.53	463.2	398.98	0.0527	404.3	7.278	15.32	7.28	1.59
	94.11	31.75	66.87	0.00	0.0606	10.51	462.6	398.58	0.0546	410.9	7.397	15.58	7.51	1.59
	95.19	31.75	66.89	0.00	0.0608	10.57	465.1	400.54	0.0540	399.3	7.188	15.13	7.09	1.59
	96.14	31.75	66.89	-0.00	0.0608	10.57	465.2	400.65	0.0540	400.6	7.211	15.18	7.14	1.59
	97.13	31.73	66.94	0.00	0.0610	10.62	467.2	402.03	0.0525	388.6	6.995	14.72	6.70	1.59
	98.12	31.73	66.87	0.00	0.0608	10.59	465.9	401.34	0.0537	397.2	7.150	15.06	7.02	1.59
	99.12	31.73	66.89	-0.00	0.0606	10.55	464.2	399.77	0.0541	403.5	7.262	15.29	7.24	1.59
	100.14	31.76	66.92	-0.00	0.0606	10.52	463.0	398.62	0.0552	414.2	7.455	15.69	7.63	1.59
	101.20	31.72	66.92	0.00	0.0606	10.52	462.7	398.30	0.0542	409.6	7.373	15.51	7.46	1.59
	102.13	31.73	66.89	0.00	0.0606	10.53	463.2	398.92	0.0544	402.8	7.251	15.26	7.22	1.59
	103.13	31.76	66.87	-0.00	0.0608	10.57	465.1	400.75	0.0541	404.1	7.275	15.32	7.27	1.59
	104.13	31.74	66.87	0.00	0.0607	10.55	464.3	400.06	0.0542	404.0	7.273	15.32	7.26	1.59
	105.13	31.75	66.89	0.00	0.0606	10.53	463.2	398.99	0.0536	396.8	7.142	15.04	7.00	1.59
	106.11	31.74	66.89	0.00	0.0607	10.56	464.5	400.06	0.0540	399.7	7.195	15.15	7.11	1.59
	107.11	31.76	66.87	0.00	0.0606	10.54	464.0	399.76	0.0542	403.8	7.268	15.31	7.26	1.59
	108.14	31.73	66.87	-0.00	0.0606	10.53	463.3	399.18	0.0546	404.4	7.278	15.33	7.28	1.59
	109.14	31.74	66.86	-0.00	0.0605	10.51	462.4	398.44	0.0546	408.8	7.358	15.50	7.44	1.59
	110.12	31.73	66.90	0.00	0.0605	10.51	462.6	398.36	0.0544	405.4	7.297	15.36	7.31	1.59
	111.14	31.69	66.87	-0.00	0.0605	10.51	462.5	398.44	0.0558	416.5	7.497	15.79	7.71	1.59
	112.12	31.70	66.87	0.00	0.0604	10.50	462.0	397.98	0.0563	423.0	7.614	16.03	7.93	1.59
	113.13	31.65	66.87	-0.00	0.0605	10.50	462.1	398.01	0.0557	414.6	7.462	15.71	7.64	1.59
	114.13	31.64	66.89	0.00	0.0605	10.50	461.8	397.62	0.0549	401.7	7.230	15.22	7.17	1.59
	115.11	31.60	66.87	0.00	0.0604	10.50	461.9	397.77	0.0542	403.6	7.265	15.29	7.24	1.59
	116.13	31.63	66.89	0.00	0.0604	10.49	461.5	397.29	0.0550	412.9	7.432	15.64	7.58	1.59
	117.14	31.59	66.84	0.00	0.0603	10.48	461.2	397.29	0.0552	413.7	7.447	15.68	7.60	1.59
	118.12	31.62	66.89	0.00	0.0605	10.50	462.0	397.71	0.0560	423.3	7.619	16.03	7.94	1.59
	119.12	31.62	66.87	0.00	0.0604	10.50	461.9	397.75	0.0560	416.6	7.498	15.79	7.71	1.59
	120.11	31.59	66.87	0.00	0.0605	10.49	461.7	397.55	0.0564	425.8	7.664	16.13	8.03	1.59
	121.12	31.56	66.87	0.00	0.0604	10.49	461.5	397.39	0.0572	437.0	7.866	16.56	8.41	1.59
	122.13	31.64	66.86	-0.00	0.0603	10.48	460.9	397.01	0.0580	442.5	7.965	16.77	8.60	1.59
	123.13	31.59	66.84	-0.00	0.0602	10.45	459.8	396.13	0.0581	446.9	8.044	16.94	8.74	1.59
	124.13	31.59	66.89	0.00	0.0603	10.47	460.7	396.62	0.0578	447.7	8.059	16.96	8.77	1.59
	125.14	31.59	66.89	-0.00	0.0603	10.46	460.2	396.14	0.0586	447.6	8.057	16.95	8.76	1.59
