Jul 28 2015 at 13:12:59
Frequency: 1.00Hz.
CO2
Zero:  Value:0.95  Date:18 Mar 2005	 at 07:22:33	
Span:  Value:1.00  Date:18 Mar 2005	 at 07:25:09	
H2O
Zero:  Value:0.71  Date:18 Mar 2005	 at 07:52:31	
Span:  Value:0.99  Date:18 Mar 2005	 at 11:44:01	
	Relative Time	Temperature	Pressure	Aux Input	CO2 Absorptance	CO2 mmol/m3	CO2 mg/m3	CO2 umol/mol	H2O Absorptance	H2O mmol/m3	H2O g/m3	H2O mmol/mol	H2O(°C)	Cooler Voltage
	0.41	30.77	67.70	0.00	0.0617	10.76	473.5	401.68	0.0477	326.9	5.883	12.20	4.16	1.60
	1.42	30.79	67.71	0.00	0.0619	10.80	475.4	403.23	0.0503	361.2	6.502	13.48	5.59	1.60
	2.42	30.80	67.70	0.00	0.0621	10.84	477.1	404.73	0.0503	361.0	6.497	13.47	5.58	1.60
	3.42	30.75	67.70	0.00	0.0623	10.89	479.2	406.45	0.0502	361.3	6.503	13.48	5.60	1.60
	4.51	30.75	67.71	-0.00	0.0621	10.83	476.6	404.18	0.0495	354.7	6.385	13.24	5.33	1.60
	5.43	30.77	67.70	-0.00	0.0621	10.82	476.3	403.98	0.0497	355.1	6.391	13.25	5.35	1.60
	6.43	30.76	67.70	0.00	0.0621	10.83	476.6	404.29	0.0496	354.2	6.376	13.22	5.31	1.60
	7.43	30.71	67.65	-0.00	0.0621	10.84	476.9	404.75	0.0492	351.1	6.319	13.11	5.18	1.60
	8.42	30.71	67.72	-0.00	0.0620	10.81	475.7	403.34	0.0492	349.4	6.289	13.03	5.11	1.60
	9.42	30.73	67.72	-0.00	0.0620	10.80	475.2	402.88	0.0493	350.7	6.313	13.08	5.17	1.60
	10.42	30.76	67.70	-0.00	0.0620	10.82	476.1	403.88	0.0494	353.1	6.357	13.18	5.27	1.60
	11.42	30.75	67.70	0.00	0.0620	10.83	476.5	404.11	0.0498	356.8	6.422	13.31	5.41	1.60
	12.42	30.75	67.72	0.00	0.0620	10.82	475.9	403.54	0.0496	355.0	6.391	13.25	5.34	1.60
	13.51	30.75	67.70	0.00	0.0621	10.82	476.3	403.96	0.0501	359.0	6.462	13.40	5.50	1.60
	14.41	30.75	67.70	0.00	0.0620	10.81	475.6	403.42	0.0504	361.9	6.515	13.51	5.62	1.60
	15.41	30.78	67.70	0.00	0.0621	10.82	476.1	403.90	0.0509	366.7	6.601	13.69	5.81	1.60
	16.43	30.75	67.71	-0.00	0.0621	10.82	476.3	403.92	0.0513	369.7	6.655	13.80	5.93	1.60
	17.41	30.73	67.70	0.00	0.0621	10.84	476.9	404.44	0.0517	376.6	6.779	14.05	6.19	1.60
	18.42	30.78	67.72	-0.00	0.0622	10.84	476.8	404.30	0.0525	382.7	6.888	14.28	6.43	1.60
	19.42	30.77	67.70	0.00	0.0619	10.80	475.4	403.27	0.0513	374.4	6.739	13.97	6.11	1.60
	20.42	30.75	67.70	0.00	0.0621	10.83	476.4	404.11	0.0522	379.3	6.827	14.15	6.30	1.60
	21.42	30.75	67.68	-0.00	0.0620	10.82	476.0	403.87	0.0520	378.6	6.814	14.13	6.27	1.60
	22.42	30.73	67.70	0.00	0.0619	10.79	474.7	402.66	0.0515	372.0	6.696	13.88	6.02	1.60
	23.48	30.78	67.70	0.00	0.0619	10.80	475.2	403.06	0.0521	377.6	6.797	14.09	6.23	1.60
	24.41	30.79	67.70	0.00	0.0620	10.76	473.4	401.57	0.0525	365.8	6.585	13.65	5.78	1.60
	25.41	30.80	67.68	0.00	0.0619	10.79	474.8	402.90	0.0523	381.6	6.869	14.25	6.39	1.60
	26.41	30.77	67.68	0.00	0.0619	10.80	475.2	403.23	0.0529	388.3	6.989	14.50	6.64	1.60
	27.43	30.81	67.70	-0.00	0.0621	10.84	477.2	404.80	0.0539	399.3	7.187	14.90	7.05	1.60
	28.42	30.81	67.68	0.00	0.0620	10.81	475.8	403.81	0.0541	395.8	7.125	14.78	6.92	1.60
	29.42	30.83	67.70	0.00	0.0619	10.80	475.2	403.17	0.0534	390.7	7.032	14.58	6.73	1.60
	30.42	30.84	67.71	0.00	0.0620	10.79	474.8	402.82	0.0538	393.1	7.076	14.67	6.82	1.60
	31.42	30.83	67.68	0.00	0.0619	10.79	474.8	402.94	0.0533	390.3	7.026	14.58	6.72	1.60
	32.49	30.85	67.70	0.00	0.0619	10.78	474.3	402.37	0.0538	393.6	7.085	14.69	6.84	1.60
	33.43	30.84	67.70	-0.00	0.0619	10.79	474.8	402.82	0.0536	394.3	7.098	14.72	6.87	1.60
	34.41	30.84	67.70	-0.00	0.0618	10.78	474.5	402.61	0.0525	384.9	6.929	14.37	6.52	1.60
	35.43	30.85	67.70	-0.00	0.0619	10.78	474.5	402.54	0.0522	378.6	6.815	14.13	6.28	1.60
	36.41	30.85	67.68	0.00	0.0618	10.76	473.6	401.99	0.0520	379.9	6.838	14.19	6.33	1.60
	37.41	30.85	67.70	0.00	0.0618	10.74	472.6	401.01	0.0523	379.8	6.836	14.18	6.32	1.60
	38.41	30.84	67.70	0.00	0.0618	10.77	474.1	402.22	0.0525	387.6	6.977	14.47	6.62	1.60
	39.42	30.85	67.68	-0.00	0.0619	10.79	474.8	403.00	0.0536	396.8	7.143	14.82	6.96	1.60
	40.41	30.83	67.65	0.00	0.0620	10.81	475.7	403.92	0.0548	406.6	7.319	15.19	7.31	1.60
	41.43	30.85	67.68	0.00	0.0621	10.82	476.1	404.13	0.0554	411.6	7.408	15.37	7.49	1.60
	42.42	30.84	67.72	0.00	0.0620	10.82	476.2	403.91	0.0551	411.3	7.403	15.35	7.48	1.60
	43.41	30.83	67.70	0.00	0.0619	10.79	474.8	402.84	0.0550	407.3	7.332	15.21	7.34	1.60
	44.43	30.84	67.68	0.00	0.0620	10.81	475.7	403.76	0.0553	413.8	7.449	15.46	7.57	1.60
	45.43	30.83	67.70	-0.00	0.0621	10.82	475.9	403.75	0.0557	414.6	7.462	15.48	7.60	1.60
	46.43	30.80	67.68	-0.00	0.0621	10.84	477.0	404.77	0.0559	419.2	7.546	15.65	7.76	1.60
	47.42	30.81	67.68	-0.00	0.0619	10.80	475.2	403.30	0.0552	415.1	7.472	15.50	7.62	1.60
	48.42	30.84	67.68	-0.00	0.0619	10.79	474.7	402.93	0.0552	408.4	7.352	15.25	7.38	1.60
	49.41	30.86	67.68	0.00	0.0619	10.80	475.3	403.42	0.0552	416.1	7.491	15.54	7.65	1.60
	50.50	30.81	67.72	-0.00	0.0617	10.77	473.8	401.83	0.0542	405.0	7.290	15.11	7.25	1.60
	51.40	30.82	67.70	0.00	0.0618	10.77	473.8	401.94	0.0546	404.9	7.287	15.11	7.25	1.60
	52.42	30.81	67.70	0.00	0.0620	10.80	475.1	403.01	0.0564	421.7	7.591	15.74	7.85	1.60
	53.41	30.79	67.68	0.00	0.0619	10.81	475.6	403.61	0.0560	421.7	7.591	15.75	7.85	1.60
	54.41	30.77	67.68	0.00	0.0621	10.83	476.4	404.26	0.0573	432.9	7.791	16.16	8.23	1.60
	55.43	30.80	67.70	0.00	0.0620	10.81	475.6	403.49	0.0567	427.4	7.693	15.95	8.04	1.60
	56.41	30.84	67.68	0.00	0.0620	10.81	475.6	403.63	0.0563	425.9	7.667	15.91	7.99	1.60
	57.42	30.80	67.68	0.00	0.0620	10.81	475.5	403.57	0.0564	424.9	7.649	15.87	7.96	1.60
	58.41	30.78	67.70	0.00	0.0620	10.82	476.0	403.74	0.0572	432.8	7.791	16.15	8.23	1.60
	59.44	30.80	67.70	-0.00	0.0620	10.80	475.3	403.22	0.0572	426.9	7.685	15.94	8.03	1.60
	60.40	30.80	67.68	0.00	0.0620	10.79	474.9	403.01	0.0568	425.2	7.653	15.88	7.97	1.60
	61.43	30.77	67.72	-0.00	0.0620	10.83	476.4	403.93	0.0573	433.3	7.799	16.16	8.24	1.61
	62.42	30.77	67.68	0.00	0.0622	10.85	477.5	405.17	0.0578	440.9	7.937	16.46	8.50	1.60
	63.41	30.82	67.68	0.00	0.0622	10.88	478.8	406.38	0.0585	456.8	8.223	17.06	9.03	1.60
	64.43	30.79	67.68	0.00	0.0622	10.89	479.0	406.45	0.0589	454.1	8.174	16.96	8.94	1.60
	65.41	30.77	67.70	0.00	0.0622	10.86	478.0	405.44	0.0586	448.4	8.071	16.73	8.75	1.60
	66.42	30.75	67.67	0.00	0.0620	10.85	477.3	405.01	0.0581	446.5	8.037	16.67	8.69	1.60
	67.42	30.75	67.68	-0.00	0.0621	10.83	476.4	404.24	0.0583	446.8	8.043	16.68	8.70	1.61
	68.42	30.78	67.70	0.00	0.0621	10.81	475.7	403.58	0.0585	441.7	7.950	16.48	8.53	1.61
	69.42	30.75	67.70	0.00	0.0621	10.80	475.2	403.06	0.0585	439.9	7.919	16.42	8.47	1.60
	70.44	30.74	67.72	0.00	0.0620	10.82	476.0	403.62	0.0583	449.8	8.097	16.78	8.80	1.60
	71.42	30.77	67.70	0.00	0.0620	10.83	476.6	404.27	0.0586	451.1	8.119	16.84	8.84	1.60
	72.43	30.77	67.70	-0.00	0.0621	10.82	476.0	403.77	0.0590	448.2	8.067	16.73	8.74	1.60
	73.41	30.75	67.68	-0.00	0.0621	10.83	476.6	404.40	0.0595	457.9	8.242	17.09	9.06	1.61
	74.41	30.79	67.73	0.00	0.0620	10.83	476.4	403.99	0.0593	457.5	8.234	17.07	9.05	1.61
	75.41	30.80	67.70	0.00	0.0622	10.84	477.0	404.70	0.0600	461.6	8.308	17.23	9.18	1.60
	76.41	30.77	67.68	0.00	0.0622	10.84	477.0	404.79	0.0599	459.7	8.274	17.16	9.12	1.60
	77.41	30.73	67.68	0.00	0.0621	10.86	477.6	405.26	0.0597	462.3	8.321	17.26	9.20	1.60
	78.50	30.75	67.68	0.00	0.0622	10.84	476.8	404.55	0.0598	459.3	8.267	17.15	9.10	1.60
	79.42	30.77	67.68	0.00	0.0620	10.82	476.1	404.00	0.0593	458.4	8.251	17.11	9.08	1.61
	80.42	30.79	67.70	-0.00	0.0620	10.81	475.6	403.47	0.0596	457.4	8.233	17.07	9.04	1.61
	81.42	30.71	67.68	0.00	0.0621	10.82	476.2	404.01	0.0597	458.5	8.253	17.12	9.08	1.61
	82.49	30.70	67.68	0.00	0.0619	10.80	475.3	403.24	0.0587	450.4	8.107	16.81	8.81	1.61
	83.43	30.67	67.70	-0.00	0.0619	10.81	475.7	403.37	0.0594	458.6	8.256	17.11	9.08	1.61
	84.43	30.69	67.70	-0.00	0.0622	10.82	476.1	403.76	0.0605	461.6	8.309	17.22	9.17	1.61
	85.41	30.71	67.68	0.00	0.0620	10.78	474.4	402.45	0.0598	458.0	8.245	17.10	9.06	1.61
	86.42	30.76	67.72	-0.00	0.0623	10.86	478.0	405.33	0.0607	471.5	8.487	17.59	9.49	1.61
	87.42	30.75	67.70	0.00	0.0622	10.86	477.8	405.28	0.0609	472.0	8.496	17.61	9.51	1.61
	88.41	30.75	67.68	0.00	0.0622	10.87	478.2	405.75	0.0609	474.4	8.539	17.71	9.58	1.61
	89.40	30.77	67.71	0.00	0.0619	10.82	475.9	403.64	0.0600	467.1	8.408	17.43	9.35	1.61
	90.43	30.79	67.68	-0.00	0.0621	10.85	477.6	405.29	0.0605	473.5	8.523	17.68	9.56	1.61
	91.42	30.81	67.70	0.00	0.0619	10.78	474.3	402.40	0.0594	454.5	8.181	16.96	8.95	1.61
	92.42	30.81	67.70	0.00	0.0620	10.79	474.9	402.88	0.0602	461.5	8.308	17.23	9.18	1.61
	93.41	30.81	67.68	0.00	0.0620	10.81	475.7	403.69	0.0600	463.6	8.345	17.31	9.25	1.61
	94.49	30.77	67.68	0.00	0.0620	10.82	475.9	403.79	0.0601	465.4	8.377	17.38	9.30	1.61
	95.41	30.75	67.68	0.00	0.0619	10.79	474.9	402.94	0.0597	459.9	8.279	17.17	9.12	1.61
	96.42	30.71	67.68	-0.00	0.0619	10.80	475.1	403.11	0.0599	464.6	8.364	17.35	9.27	1.61
	97.41	30.73	67.70	0.00	0.0618	10.79	474.6	402.50	0.0594	459.0	8.262	17.13	9.09	1.61
	98.42	30.73	67.70	0.00	0.0620	10.79	474.9	402.74	0.0605	465.6	8.381	17.37	9.31	1.61
	99.40	30.76	67.70	0.00	0.0621	10.83	476.5	404.18	0.0611	472.5	8.504	17.63	9.52	1.61
	100.43	30.79	67.70	-0.00	0.0621	10.81	475.8	403.62	0.0610	471.2	8.481	17.59	9.48	1.61
	101.42	30.81	67.70	-0.00	0.0622	10.86	478.0	405.51	0.0615	479.8	8.636	17.91	9.76	1.61
	102.43	30.81	67.68	-0.00	0.0622	10.83	476.4	404.30	0.0613	476.0	8.569	17.78	9.64	1.61
	103.43	30.81	67.68	0.00	0.0622	10.86	477.7	405.39	0.0613	477.3	8.591	17.82	9.68	1.61
	104.43	30.83	67.68	-0.00	0.0622	10.86	478.0	405.69	0.0611	479.1	8.624	17.89	9.74	1.61
	105.44	30.86	67.68	-0.00	0.0622	10.84	476.9	404.83	0.0616	475.5	8.559	17.76	9.63	1.61
	106.42	30.88	67.72	-0.00	0.0621	10.83	476.7	404.35	0.0614	479.7	8.635	17.90	9.76	1.61
	107.42	30.82	67.65	0.00	0.0623	10.85	477.2	405.17	0.0622	485.1	8.732	18.12	9.92	1.61
	108.41	30.85	67.70	0.00	0.0621	10.83	476.4	404.21	0.0614	478.8	8.619	17.88	9.73	1.61
	109.44	30.82	67.70	-0.00	0.0620	10.81	475.8	403.70	0.0612	478.1	8.606	17.85	9.70	1.61
	110.42	30.86	67.70	0.00	0.0620	10.80	475.4	403.33	0.0611	476.0	8.569	17.77	9.64	1.61
	111.42	30.78	67.70	0.00	0.0620	10.82	475.9	403.69	0.0615	481.4	8.665	17.97	9.80	1.61
	112.49	30.81	67.73	-0.00	0.0621	10.81	475.7	403.42	0.0617	480.3	8.645	17.92	9.77	1.61
	113.41	30.83	67.70	0.00	0.0620	10.82	476.2	404.00	0.0613	479.0	8.623	17.88	9.73	1.61
	114.41	30.75	67.70	0.00	0.0621	10.82	476.3	403.95	0.0625	489.9	8.818	18.28	10.06	1.61
	115.49	30.78	67.70	0.00	0.0624	10.88	478.5	405.90	0.0638	501.0	9.018	18.70	10.40	1.61
	116.42	30.73	67.72	-0.00	0.0621	10.84	477.1	404.53	0.0625	493.2	8.878	18.40	10.16	1.61
	117.42	30.71	67.72	0.00	0.0622	10.84	477.0	404.39	0.0627	487.5	8.776	18.19	9.99	1.61
	118.42	30.75	67.70	-0.00	0.0621	10.82	476.2	403.88	0.0619	483.0	8.694	18.02	9.85	1.61
	119.42	30.73	67.72	0.00	0.0619	10.78	474.3	402.17	0.0607	467.5	8.415	17.44	9.37	1.61
	120.42	30.74	67.70	0.00	0.0624	10.84	476.7	404.33	0.0630	489.5	8.811	18.27	10.05	1.61
	121.43	30.69	67.70	-0.00	0.0620	10.83	476.6	404.13	0.0622	489.2	8.806	18.25	10.04	1.61
	122.41	30.73	67.70	0.00	0.0621	10.81	475.5	403.29	0.0622	485.4	8.737	18.11	9.93	1.61
	123.41	30.74	67.70	0.00	0.0622	10.81	475.6	403.35	0.0626	487.9	8.782	18.21	10.00	1.61
