Jul 28 2015 at 13:45:26
Frequency: 1.00Hz.
CO2
Zero:  Value:0.95  Date:18 Mar 2005	 at 07:22:33	
Span:  Value:1.00  Date:18 Mar 2005	 at 07:25:09	
H2O
Zero:  Value:0.71  Date:18 Mar 2005	 at 07:52:31	
Span:  Value:0.99  Date:18 Mar 2005	 at 11:44:01	
	Relative Time	Temperature	Pressure	Aux Input	CO2 Absorptance	CO2 mmol/m3	CO2 mg/m3	CO2 umol/mol	H2O Absorptance	H2O mmol/m3	H2O g/m3	H2O mmol/mol	H2O(°C)	Cooler Voltage
	0.11	31.57	67.68	0.00	0.0621	10.84	477.0	405.86	0.0485	344.3	6.197	12.89	4.94	1.51
	1.12	31.57	67.68	-0.00	0.0621	10.83	476.6	405.49	0.0482	344.0	6.192	12.88	4.93	1.51
	2.11	31.57	67.68	0.00	0.0622	10.87	478.1	406.72	0.0477	331.6	5.969	12.41	4.40	1.51
	3.10	31.60	67.68	0.00	0.0619	10.77	473.8	403.17	0.0512	358.6	6.455	13.43	5.53	1.51
	4.10	31.60	67.68	0.00	0.0618	10.77	473.7	403.09	0.0512	370.6	6.672	13.88	6.00	1.51
	5.10	31.61	67.68	0.00	0.0621	10.80	475.1	404.27	0.0495	354.9	6.387	13.29	5.38	1.51
	6.12	31.59	67.68	-0.00	0.0620	10.80	475.3	404.43	0.0491	359.6	6.473	13.46	5.57	1.51
	7.11	31.61	67.68	-0.00	0.0621	10.84	476.8	405.71	0.0464	326.0	5.868	12.20	4.16	1.51
	8.10	31.64	67.68	0.00	0.0621	10.84	477.2	406.06	0.0468	324.3	5.837	12.14	4.09	1.51
	9.11	31.68	67.68	-0.00	0.0621	10.84	476.9	405.85	0.0455	316.4	5.696	11.85	3.74	1.51
	10.09	31.61	67.68	0.00	0.0620	10.82	476.2	405.17	0.0481	336.9	6.064	12.61	4.63	1.51
	11.11	31.61	67.68	-0.00	0.0620	10.80	475.3	404.45	0.0493	347.9	6.263	13.03	5.09	1.51
	12.11	31.62	67.68	0.00	0.0619	10.78	474.5	403.76	0.0501	357.1	6.428	13.37	5.47	1.51
	13.10	31.63	67.68	0.00	0.0619	10.79	474.6	403.83	0.0507	364.9	6.569	13.66	5.78	1.51
	14.09	31.63	67.70	0.00	0.0619	10.79	474.6	403.75	0.0500	361.4	6.505	13.53	5.64	1.52
	15.12	31.63	67.65	0.00	0.0618	10.76	473.3	402.90	0.0495	357.5	6.435	13.39	5.48	1.51
	16.08	31.63	67.68	0.00	0.0618	10.76	473.4	402.85	0.0520	376.8	6.782	14.11	6.24	1.51
	17.11	31.60	67.68	0.00	0.0618	10.76	473.4	402.77	0.0524	380.7	6.852	14.25	6.39	1.51
	18.10	31.63	67.70	0.00	0.0617	10.74	472.8	402.17	0.0524	383.8	6.909	14.37	6.51	1.51
	19.13	31.65	67.65	-0.00	0.0616	10.71	471.1	401.08	0.0535	388.4	6.991	14.55	6.69	1.51
	20.11	31.65	67.68	0.00	0.0616	10.71	471.4	401.16	0.0547	389.5	7.012	14.59	6.73	1.51
	21.12	31.63	67.68	0.00	0.0616	10.70	470.9	400.72	0.0554	404.7	7.284	15.15	7.28	1.52
	22.11	31.65	67.68	0.00	0.0615	10.69	470.6	400.45	0.0544	406.0	7.308	15.20	7.33	1.52
	23.12	31.64	67.67	-0.00	0.0615	10.70	470.8	400.71	0.0547	407.9	7.341	15.27	7.40	1.52
	24.10	31.63	67.68	-0.00	0.0615	10.70	470.7	400.56	0.0538	396.6	7.139	14.85	6.99	1.52
	25.10	31.63	67.65	0.00	0.0615	10.68	470.1	400.19	0.0534	392.1	7.058	14.69	6.82	1.52
	26.10	31.65	67.68	0.00	0.0613	10.66	469.0	399.11	0.0533	389.0	7.002	14.57	6.71	1.52
	27.13	31.65	67.68	-0.00	0.0614	10.67	469.5	399.52	0.0536	393.0	7.074	14.72	6.86	1.52
	28.11	31.68	67.68	0.00	0.0614	10.66	469.1	399.26	0.0547	402.5	7.246	15.07	7.21	1.52
	29.11	31.65	67.68	-0.00	0.0614	10.66	469.1	399.24	0.0556	406.1	7.310	15.21	7.34	1.52
	30.11	31.65	67.65	0.00	0.0615	10.70	470.8	400.79	0.0570	417.8	7.520	15.65	7.75	1.52
	31.09	31.64	67.68	0.00	0.0614	10.67	469.6	399.63	0.0567	428.2	7.707	16.03	8.11	1.52
	32.12	31.68	67.68	-0.00	0.0614	10.67	469.6	399.69	0.0563	421.4	7.585	15.78	7.88	1.52
	33.10	31.63	67.67	-0.00	0.0613	10.66	468.8	398.99	0.0568	426.9	7.683	15.98	8.06	1.52
	34.13	31.65	67.68	-0.00	0.0612	10.62	467.1	397.48	0.0578	439.7	7.915	16.47	8.50	1.52
	35.12	31.67	67.70	-0.00	0.0611	10.63	467.8	397.96	0.0573	434.7	7.824	16.27	8.33	1.52
	36.10	31.61	67.68	0.00	0.0611	10.62	467.4	397.75	0.0579	439.2	7.905	16.44	8.48	1.52
	37.11	31.62	67.68	-0.00	0.0610	10.58	465.5	396.10	0.0593	460.0	8.280	17.22	9.17	1.52
	38.11	31.64	67.68	-0.00	0.0607	10.52	463.0	393.98	0.0614	479.1	8.624	17.94	9.78	1.52
	39.11	31.70	67.70	0.00	0.0608	10.53	463.2	394.14	0.0613	477.9	8.602	17.89	9.74	1.52
	40.09	31.69	67.70	0.00	0.0607	10.53	463.4	394.30	0.0626	483.3	8.699	18.09	9.91	1.52
	41.11	31.74	67.67	0.00	0.0605	10.48	461.3	392.70	0.0631	499.4	8.990	18.71	10.40	1.52
	42.09	31.72	67.65	0.00	0.0608	10.51	462.7	393.97	0.0607	478.1	8.605	17.91	9.75	1.52
	43.10	31.67	67.68	0.00	0.0607	10.52	463.0	394.05	0.0607	469.2	8.445	17.57	9.46	1.52
	44.09	31.66	67.68	0.00	0.0608	10.54	463.9	394.82	0.0609	472.2	8.500	17.68	9.56	1.52
	45.12	31.63	67.68	0.00	0.0608	10.54	463.9	394.74	0.0606	469.9	8.459	17.60	9.49	1.52
	46.10	31.60	67.68	0.00	0.0608	10.54	463.9	394.69	0.0601	463.0	8.333	17.33	9.26	1.52
	47.13	31.62	67.70	-0.00	0.0609	10.55	464.2	394.88	0.0614	476.6	8.580	17.84	9.70	1.52
	48.11	31.59	67.65	-0.00	0.0609	10.55	464.2	395.10	0.0615	480.3	8.646	17.99	9.81	1.52
	49.11	31.61	67.68	0.00	0.0609	10.56	464.6	395.28	0.0616	480.4	8.647	17.99	9.81	1.52
	50.17	31.63	67.70	0.00	0.0608	10.54	463.8	394.57	0.0618	482.5	8.684	18.06	9.88	1.52
	51.12	31.59	67.68	0.00	0.0607	10.54	463.6	394.46	0.0612	477.6	8.597	17.88	9.73	1.52
	52.10	31.62	67.60	0.00	0.0605	10.49	461.4	393.05	0.0639	503.5	9.063	18.87	10.52	1.52
	53.09	31.63	67.68	0.00	0.0605	10.48	461.2	392.49	0.0640	505.5	9.100	18.93	10.58	1.52
	54.10	31.65	67.70	0.00	0.0604	10.46	460.3	391.61	0.0639	506.9	9.124	18.97	10.62	1.52
	55.10	31.66	67.68	0.00	0.0604	10.46	460.4	391.80	0.0636	501.8	9.032	18.79	10.47	1.52
	56.19	31.63	67.68	-0.00	0.0604	10.46	460.2	391.58	0.0638	509.8	9.177	19.09	10.70	1.52
	57.10	31.61	67.65	0.00	0.0605	10.46	460.4	391.93	0.0634	501.5	9.026	18.78	10.46	1.52
	58.11	31.62	67.70	0.00	0.0605	10.46	460.4	391.65	0.0626	496.2	8.932	18.57	10.30	1.52
	59.09	31.61	67.68	0.00	0.0604	10.46	460.3	391.68	0.0617	481.9	8.675	18.04	9.86	1.52
	60.11	31.62	67.70	0.00	0.0603	10.45	459.7	391.06	0.0619	486.4	8.756	18.21	10.00	1.52
	61.09	31.61	67.68	0.00	0.0604	10.45	459.7	391.13	0.0620	485.4	8.737	18.17	9.97	1.52
	62.10	31.59	67.70	0.00	0.0604	10.46	460.2	391.45	0.0632	498.7	8.976	18.66	10.37	1.52
	63.09	31.56	67.65	0.00	0.0605	10.46	460.2	391.62	0.0635	500.9	9.016	18.76	10.44	1.52
	64.10	31.57	67.68	0.00	0.0603	10.42	458.5	390.12	0.0635	500.9	9.016	18.75	10.44	1.52
	65.18	31.57	67.68	0.00	0.0603	10.44	459.2	390.64	0.0630	497.3	8.951	18.62	10.33	1.52
	66.11	31.57	67.68	0.00	0.0603	10.42	458.5	390.08	0.0634	502.0	9.035	18.79	10.47	1.52
	67.10	31.55	67.70	0.00	0.0602	10.41	458.2	389.69	0.0632	501.1	9.019	18.75	10.44	1.52
	68.11	31.58	67.70	-0.00	0.0604	10.45	459.6	390.91	0.0635	496.5	8.937	18.58	10.30	1.52
	69.09	31.60	67.70	-0.00	0.0604	10.44	459.6	390.89	0.0619	493.3	8.879	18.46	10.21	1.52
	70.12	31.55	67.62	-0.00	0.0604	10.45	459.9	391.59	0.0623	485.4	8.738	18.18	9.97	1.52
	71.11	31.60	67.68	0.00	0.0603	10.43	458.8	390.36	0.0630	495.9	8.927	18.57	10.29	1.52
	72.12	31.60	67.68	-0.00	0.0604	10.44	459.2	390.68	0.0625	494.1	8.893	18.50	10.23	1.52
	73.12	31.57	67.68	-0.00	0.0605	10.47	460.5	391.78	0.0622	483.8	8.709	18.11	9.92	1.52
	74.10	31.59	67.68	0.00	0.0604	10.46	460.0	391.40	0.0626	491.8	8.853	18.41	10.16	1.52
	75.11	31.55	67.68	-0.00	0.0605	10.46	460.4	391.67	0.0623	488.4	8.792	18.28	10.06	1.52
	76.10	31.54	67.68	0.00	0.0605	10.48	460.9	392.10	0.0625	490.3	8.825	18.35	10.11	1.52
	77.10	31.57	67.68	0.00	0.0605	10.48	461.0	392.22	0.0626	490.9	8.836	18.38	10.13	1.52
	78.11	31.57	67.65	0.00	0.0604	10.45	460.0	391.49	0.0630	498.4	8.972	18.67	10.36	1.52
	79.11	31.57	67.68	-0.00	0.0604	10.46	460.3	391.66	0.0633	501.2	9.021	18.76	10.45	1.52
	80.11	31.57	67.68	-0.00	0.0605	10.48	461.3	392.45	0.0628	491.6	8.849	18.40	10.16	1.52
	81.09	31.58	67.68	0.00	0.0602	10.42	458.3	389.98	0.0656	522.3	9.402	19.55	11.07	1.52
	82.12	31.59	67.70	0.00	0.0602	10.37	456.2	388.02	0.0659	542.6	9.768	20.31	11.64	1.52
	83.10	31.63	67.68	0.00	0.0602	10.42	458.4	390.11	0.0651	519.5	9.351	19.45	10.99	1.53
	84.12	31.59	67.68	-0.00	0.0602	10.41	458.0	389.67	0.0652	522.2	9.400	19.55	11.06	1.52
	85.11	31.59	67.68	-0.00	0.0602	10.40	457.7	389.40	0.0650	521.2	9.381	19.51	11.03	1.52
	86.10	31.64	67.65	0.00	0.0603	10.42	458.4	390.25	0.0648	517.9	9.323	19.40	10.94	1.52
	87.11	31.61	67.65	-0.00	0.0601	10.39	457.0	389.02	0.0649	517.2	9.310	19.37	10.92	1.52
	88.11	31.60	67.68	-0.00	0.0602	10.40	457.7	389.42	0.0649	519.2	9.346	19.44	10.98	1.53
	89.09	31.61	67.70	0.00	0.0602	10.40	457.7	389.35	0.0649	518.3	9.329	19.40	10.95	1.53
	90.11	31.61	67.68	0.00	0.0603	10.42	458.6	390.25	0.0652	521.8	9.393	19.54	11.05	1.53
	91.11	31.61	67.68	0.00	0.0602	10.41	458.2	389.88	0.0658	526.1	9.470	19.70	11.18	1.53
	92.10	31.64	67.65	0.00	0.0602	10.41	458.2	390.03	0.0659	530.4	9.547	19.87	11.30	1.53
	93.18	31.63	67.68	0.00	0.0602	10.41	457.9	389.66	0.0659	532.1	9.578	19.92	11.35	1.53
	94.10	31.62	67.70	0.00	0.0601	10.38	456.9	388.62	0.0666	540.2	9.723	20.22	11.58	1.53
	95.10	31.66	67.68	0.00	0.0601	10.36	455.9	387.99	0.0665	536.6	9.659	20.09	11.48	1.53
	96.10	31.63	67.68	0.00	0.0600	10.38	456.6	388.59	0.0665	537.7	9.679	20.13	11.51	1.53
	97.11	31.65	67.68	-0.00	0.0600	10.38	456.6	388.60	0.0665	535.6	9.640	20.05	11.45	1.53
	98.12	31.68	67.65	-0.00	0.0600	10.36	455.9	388.14	0.0666	538.0	9.685	20.16	11.52	1.53
	99.11	31.64	67.65	0.00	0.0597	10.33	454.3	386.75	0.0683	550.5	9.909	20.62	11.86	1.53
	100.11	31.66	67.68	0.00	0.0597	10.29	452.6	385.19	0.0677	555.2	9.994	20.79	11.99	1.53
	101.10	31.68	67.65	0.00	0.0597	10.30	453.2	385.82	0.0671	541.3	9.743	20.28	11.61	1.53
	102.10	31.64	67.68	0.00	0.0597	10.30	453.2	385.66	0.0675	549.1	9.883	20.56	11.82	1.53
	103.12	31.65	67.68	-0.00	0.0598	10.33	454.5	386.80	0.0673	547.6	9.857	20.51	11.78	1.53
	104.10	31.65	67.68	0.00	0.0597	10.28	452.4	384.98	0.0690	571.6	10.289	21.40	12.43	1.53
	105.10	31.70	67.68	0.00	0.0598	10.29	452.7	385.33	0.0682	559.4	10.070	20.95	12.11	1.53
	106.10	31.65	67.68	0.00	0.0598	10.33	454.3	386.64	0.0679	555.3	9.996	20.79	12.00	1.53
	107.09	31.65	67.68	0.00	0.0597	10.32	454.0	386.33	0.0683	555.4	9.998	20.80	12.00	1.53
	108.17	31.66	67.67	0.00	0.0597	10.31	453.4	385.91	0.0686	562.5	10.125	21.06	12.19	1.53
	109.11	31.67	67.67	-0.00	0.0598	10.31	453.6	386.09	0.0685	562.8	10.130	21.07	12.20	1.53
	110.11	31.66	67.68	-0.00	0.0597	10.30	453.4	385.84	0.0688	563.3	10.139	21.09	12.21	1.53
	111.12	31.63	67.70	-0.00	0.0598	10.31	453.7	385.93	0.0674	559.7	10.074	20.95	12.11	1.53
	112.20	31.63	67.68	-0.00	0.0597	10.31	453.5	385.87	0.0686	560.8	10.095	21.00	12.14	1.53
	113.10	31.63	67.68	0.00	0.0597	10.29	452.8	385.33	0.0692	571.3	10.283	21.39	12.43	1.53
	114.10	31.61	67.68	0.00	0.0596	10.29	452.8	385.27	0.0695	573.3	10.319	21.46	12.48	1.53
	115.11	31.60	67.68	0.00	0.0596	10.27	452.1	384.67	0.0697	574.4	10.339	21.50	12.51	1.53
	116.11	31.59	67.65	0.00	0.0598	10.30	453.4	385.92	0.0685	559.1	10.064	20.94	12.10	1.53
	117.11	31.59	67.65	-0.00	0.0597	10.30	453.2	385.78	0.0686	561.1	10.099	21.01	12.15	1.53
	118.11	31.59	67.65	0.00	0.0598	10.30	453.4	385.94	0.0680	554.6	9.983	20.77	11.97	1.53
	119.09	31.59	67.70	0.00	0.0598	10.31	453.4	385.68	0.0679	557.3	10.031	20.86	12.05	1.53
	120.11	31.59	67.68	0.00	0.0598	10.31	453.7	386.07	0.0675	549.8	9.896	20.58	11.84	1.53
	121.10	31.59	67.65	-0.00	0.0600	10.35	455.4	387.66	0.0663	535.8	9.644	20.07	11.45	1.53
	122.10	31.59	67.67	0.00	0.0600	10.36	455.8	387.85	0.0662	534.3	9.617	20.00	11.41	1.53
	123.12	31.61	67.70	0.00	0.0600	10.35	455.4	387.41	0.0657	530.4	9.546	19.85	11.30	1.53
	124.13	31.61	67.68	-0.00	0.0599	10.34	455.1	387.26	0.0653	524.0	9.431	19.62	11.11	1.53
	125.11	31.68	67.68	-0.00	0.0600	10.37	456.2	388.30	0.0657	528.0	9.503	19.77	11.23	1.53
	126.13	31.61	67.68	-0.00	0.0602	10.39	457.2	389.05	0.0643	524.4	9.440	19.63	11.13	1.53
	127.11	31.61	67.68	0.00	0.0601	10.40	457.6	389.41	0.0646	512.1	9.217	19.17	10.77	1.53
