Jul 28 2015 at 12:13:28
Frequency: 1.00Hz.
CO2
Zero:  Value:0.95  Date:18 Mar 2005	 at 07:22:33	
Span:  Value:1.00  Date:18 Mar 2005	 at 07:25:09	
H2O
Zero:  Value:0.71  Date:18 Mar 2005	 at 07:52:31	
Span:  Value:0.99  Date:18 Mar 2005	 at 11:44:01	
	Relative Time	Temperature	Pressure	Aux Input	CO2 Absorptance	CO2 mmol/m3	CO2 mg/m3	CO2 umol/mol	H2O Absorptance	H2O mmol/m3	H2O g/m3	H2O mmol/mol	H2O(°C)	Cooler Voltage
	0.16	29.49	67.68	-0.00	0.0620	10.79	474.8	401.17	0.0418	281.7	5.070	10.47	2.00	1.59
	1.16	29.48	67.70	0.00	0.0619	10.78	474.1	400.44	0.0422	283.8	5.108	10.55	2.10	1.59
	2.15	29.46	67.70	0.00	0.0619	10.79	474.8	401.05	0.0426	288.0	5.185	10.70	2.31	1.59
	3.15	29.46	67.70	0.00	0.0618	10.79	474.9	401.13	0.0425	290.5	5.230	10.80	2.43	1.59
	4.15	29.50	67.68	0.00	0.0619	10.79	474.6	401.04	0.0426	289.8	5.217	10.78	2.40	1.59
	5.16	29.46	67.68	-0.00	0.0617	10.76	473.6	400.15	0.0428	290.4	5.227	10.80	2.43	1.59
	6.16	29.45	67.68	-0.00	0.0618	10.76	473.4	399.99	0.0435	292.9	5.272	10.89	2.55	1.59
	7.16	29.47	67.65	-0.00	0.0617	10.74	472.6	399.48	0.0441	300.9	5.417	11.19	2.93	1.59
	8.16	29.43	67.68	-0.00	0.0616	10.73	472.0	398.72	0.0446	305.9	5.506	11.37	3.16	1.60
	9.14	29.43	67.72	0.00	0.0618	10.74	472.4	398.83	0.0440	309.2	5.566	11.49	3.31	1.59
	10.16	29.41	67.70	0.00	0.0616	10.72	471.7	398.35	0.0451	312.4	5.623	11.61	3.45	1.59
	11.14	29.41	67.68	0.00	0.0617	10.74	472.5	399.17	0.0450	307.7	5.539	11.44	3.24	1.59
	12.21	29.37	67.68	0.00	0.0617	10.74	472.5	399.10	0.0445	309.8	5.576	11.51	3.33	1.59
	13.14	29.38	67.68	0.00	0.0617	10.74	472.6	399.20	0.0457	314.1	5.654	11.67	3.53	1.59
	14.15	29.45	67.70	0.00	0.0617	10.74	472.6	399.19	0.0452	317.9	5.723	11.81	3.70	1.59
	15.15	29.47	67.68	0.00	0.0621	10.82	475.9	402.09	0.0451	312.5	5.624	11.62	3.46	1.59
	16.16	29.53	67.70	0.00	0.0621	10.86	477.9	403.74	0.0455	318.1	5.726	11.82	3.72	1.59
	17.16	29.46	67.68	-0.00	0.0620	10.79	474.6	401.04	0.0466	320.1	5.761	11.90	3.80	1.59
	18.16	29.46	67.68	0.00	0.0620	10.82	476.0	402.15	0.0467	331.0	5.959	12.31	4.28	1.59
	19.22	29.45	67.68	0.00	0.0620	10.81	475.6	401.82	0.0457	318.7	5.737	11.85	3.74	1.59
	20.16	29.43	67.68	0.00	0.0617	10.77	474.0	400.46	0.0471	329.1	5.924	12.23	4.19	1.59
	21.15	29.41	67.75	0.00	0.0616	10.75	472.8	398.99	0.0464	329.5	5.931	12.23	4.21	1.60
	22.17	29.38	67.72	0.00	0.0617	10.74	472.6	398.88	0.0455	317.3	5.712	11.79	3.68	1.59
	23.15	29.41	67.68	0.00	0.0618	10.75	472.9	399.51	0.0470	326.2	5.871	12.12	4.07	1.59
	24.15	29.38	67.68	0.00	0.0618	10.77	473.8	400.18	0.0488	346.7	6.241	12.89	4.94	1.59
	25.15	29.37	67.68	0.00	0.0615	10.67	469.7	396.70	0.0467	326.2	5.872	12.12	4.07	1.59
	26.16	29.38	67.68	0.00	0.0617	10.74	472.5	399.12	0.0472	329.9	5.938	12.26	4.23	1.60
	27.14	29.39	67.70	0.00	0.0616	10.72	471.8	398.39	0.0472	331.4	5.966	12.31	4.29	1.59
	28.14	29.37	67.68	-0.00	0.0615	10.68	469.8	396.82	0.0472	332.8	5.990	12.37	4.35	1.59
	29.14	29.35	67.70	0.00	0.0609	10.57	464.9	392.54	0.0516	365.3	6.576	13.57	5.69	1.59
	30.14	29.41	67.70	0.00	0.0612	10.62	467.4	394.69	0.0513	380.1	6.842	14.12	6.26	1.59
	31.15	29.35	67.68	-0.00	0.0614	10.67	469.4	396.47	0.0500	358.9	6.459	13.34	5.43	1.59
	32.15	29.35	67.70	-0.00	0.0613	10.66	469.0	395.97	0.0508	365.4	6.578	13.57	5.69	1.59
	33.23	29.36	67.70	0.00	0.0616	10.70	471.0	397.68	0.0482	343.9	6.190	12.78	4.82	1.59
	34.15	29.41	67.68	0.00	0.0615	10.69	470.4	397.36	0.0502	358.2	6.448	13.31	5.41	1.59
	35.16	29.38	67.68	-0.00	0.0615	10.71	471.3	398.13	0.0494	349.7	6.294	13.00	5.06	1.59
	36.15	29.36	67.68	0.00	0.0616	10.73	472.1	398.78	0.0494	350.2	6.304	13.02	5.08	1.59
	37.14	29.41	67.70	0.00	0.0614	10.66	469.0	396.06	0.0495	354.5	6.381	13.17	5.26	1.59
	38.16	29.41	67.70	-0.00	0.0612	10.64	468.2	395.35	0.0502	359.8	6.477	13.37	5.47	1.59
	39.14	29.39	67.70	0.00	0.0613	10.67	469.4	396.31	0.0514	371.4	6.685	13.80	5.93	1.59
	40.14	29.37	67.68	0.00	0.0614	10.66	469.1	396.23	0.0509	368.5	6.633	13.70	5.82	1.59
	41.17	29.37	67.70	-0.00	0.0614	10.67	469.6	396.52	0.0511	368.4	6.631	13.69	5.81	1.59
	42.15	29.37	67.68	-0.00	0.0611	10.60	466.5	394.06	0.0524	379.4	6.829	14.10	6.24	1.59
	43.15	29.39	67.70	0.00	0.0613	10.67	469.7	396.56	0.0511	361.8	6.512	13.44	5.55	1.59
	44.15	29.41	67.70	-0.00	0.0611	10.62	467.4	394.69	0.0520	377.7	6.799	14.03	6.17	1.59
	45.16	29.41	67.70	-0.00	0.0612	10.65	468.8	395.88	0.0514	373.9	6.731	13.89	6.03	1.59
	46.16	29.36	67.70	-0.00	0.0614	10.67	469.5	396.44	0.0517	371.9	6.695	13.82	5.95	1.59
	47.16	29.39	67.70	-0.00	0.0613	10.66	469.2	396.19	0.0513	369.4	6.649	13.72	5.85	1.59
	48.16	29.37	67.70	-0.00	0.0613	10.65	468.8	395.84	0.0522	381.8	6.872	14.18	6.33	1.59
	49.16	29.37	67.70	-0.00	0.0612	10.64	468.3	395.37	0.0524	382.5	6.886	14.21	6.36	1.59
	50.16	29.38	67.68	0.00	0.0612	10.64	468.1	395.38	0.0524	384.6	6.923	14.29	6.43	1.59
	51.15	29.38	67.70	0.00	0.0611	10.62	467.3	394.60	0.0516	374.0	6.731	13.89	6.03	1.59
	52.15	29.41	67.70	0.00	0.0613	10.64	468.0	395.23	0.0523	379.4	6.830	14.10	6.24	1.59
	53.15	29.43	67.65	0.00	0.0612	10.65	468.6	395.99	0.0518	381.1	6.859	14.17	6.30	1.59
	54.15	29.41	67.68	0.00	0.0612	10.63	467.8	395.13	0.0513	373.7	6.727	13.89	6.02	1.59
	55.16	29.43	67.70	-0.00	0.0613	10.65	468.4	395.61	0.0526	380.9	6.857	14.16	6.30	1.59
	56.16	29.45	67.68	0.00	0.0611	10.60	466.5	394.13	0.0525	382.5	6.885	14.22	6.36	1.59
	57.14	29.43	67.70	0.00	0.0612	10.63	467.5	394.79	0.0532	392.4	7.063	14.58	6.73	1.59
	58.16	29.42	67.70	-0.00	0.0609	10.58	465.7	393.26	0.0559	413.8	7.448	15.37	7.50	1.59
	59.14	29.43	67.70	0.00	0.0609	10.55	464.3	392.08	0.0549	412.5	7.425	15.33	7.46	1.59
	60.15	29.41	67.70	-0.00	0.0609	10.56	464.6	392.33	0.0557	413.1	7.436	15.35	7.48	1.59
	61.15	29.36	67.70	-0.00	0.0608	10.57	465.3	392.84	0.0560	417.8	7.521	15.52	7.64	1.59
	62.14	29.35	67.70	0.00	0.0609	10.58	465.4	392.91	0.0554	411.6	7.408	15.29	7.42	1.59
	63.15	29.33	67.75	0.00	0.0609	10.57	465.1	392.36	0.0549	407.8	7.341	15.14	7.29	1.59
	64.15	29.32	67.70	0.00	0.0609	10.56	464.5	392.18	0.0554	416.8	7.503	15.48	7.60	1.59
	65.16	29.35	67.70	0.00	0.0608	10.56	464.4	392.10	0.0561	419.1	7.544	15.57	7.69	1.59
	66.14	29.37	67.70	0.00	0.0609	10.55	464.4	392.05	0.0556	414.5	7.462	15.40	7.53	1.59
	67.16	29.39	67.68	-0.00	0.0609	10.56	464.6	392.45	0.0543	405.7	7.302	15.08	7.21	1.59
	68.14	29.38	67.70	0.00	0.0608	10.54	464.0	391.73	0.0558	419.2	7.545	15.57	7.69	1.59
	69.14	29.39	67.70	0.00	0.0608	10.55	464.4	392.13	0.0548	408.7	7.357	15.18	7.32	1.59
	70.15	29.40	67.70	0.00	0.0607	10.53	463.3	391.23	0.0555	414.7	7.464	15.41	7.53	1.59
	71.14	29.39	67.70	0.00	0.0607	10.53	463.5	391.40	0.0566	423.8	7.629	15.75	7.85	1.59
	72.15	29.36	67.70	0.00	0.0607	10.52	463.0	390.89	0.0568	425.8	7.664	15.82	7.92	1.59
	73.17	29.35	67.70	-0.00	0.0608	10.53	463.2	391.07	0.0563	426.3	7.674	15.84	7.94	1.59
	74.15	29.37	67.70	0.00	0.0608	10.54	463.9	391.68	0.0563	421.7	7.590	15.67	7.78	1.59
	75.16	29.37	67.70	-0.00	0.0607	10.53	463.3	391.20	0.0588	440.8	7.934	16.38	8.43	1.59
	76.16	29.35	67.68	-0.00	0.0606	10.51	462.3	390.44	0.0576	441.5	7.947	16.41	8.45	1.59
	77.14	29.32	67.70	0.00	0.0606	10.51	462.4	390.37	0.0584	444.9	8.008	16.53	8.56	1.59
	78.14	29.33	67.68	0.00	0.0606	10.50	461.9	390.06	0.0583	442.9	7.972	16.46	8.50	1.60
	79.23	29.35	67.68	-0.00	0.0606	10.50	462.0	390.17	0.0583	443.5	7.984	16.48	8.52	1.59
	80.15	29.31	67.70	-0.00	0.0605	10.47	460.9	389.04	0.0597	458.5	8.254	17.03	9.01	1.59
	81.23	29.34	67.65	0.00	0.0605	10.47	460.7	389.24	0.0591	455.2	8.194	16.92	8.90	1.59
	82.15	29.34	67.68	-0.00	0.0606	10.49	461.4	389.65	0.0579	445.4	8.018	16.55	8.58	1.59
	83.17	29.29	67.70	-0.00	0.0605	10.47	460.7	388.88	0.0582	441.0	7.939	16.38	8.43	1.59
	84.15	29.28	67.72	0.00	0.0605	10.47	460.8	388.81	0.0580	440.3	7.926	16.35	8.41	1.60
	85.16	29.29	67.70	-0.00	0.0606	10.48	461.3	389.37	0.0576	438.0	7.884	16.27	8.33	1.59
	86.16	29.27	67.73	0.00	0.0605	10.48	461.3	389.18	0.0578	440.3	7.925	16.35	8.41	1.59
	87.14	29.27	67.68	0.00	0.0606	10.49	461.4	389.57	0.0573	435.1	7.831	16.16	8.23	1.59
	88.16	29.27	67.70	0.00	0.0605	10.48	461.0	389.15	0.0580	440.5	7.929	16.36	8.41	1.59
	89.14	29.25	67.70	0.00	0.0606	10.48	461.2	389.19	0.0581	437.4	7.874	16.24	8.31	1.59
	90.17	29.23	67.68	-0.00	0.0605	10.47	460.9	389.09	0.0584	446.7	8.040	16.59	8.62	1.60
	91.21	29.23	67.68	0.00	0.0605	10.47	460.7	388.94	0.0588	443.7	7.987	16.48	8.52	1.59
	92.15	29.26	67.68	0.00	0.0603	10.47	460.7	389.02	0.0587	457.5	8.234	16.99	8.97	1.59
	93.15	29.26	67.70	0.00	0.0613	10.67	469.3	396.12	0.0567	429.9	7.738	15.97	8.06	1.59
	94.13	29.23	67.66	0.00	0.0614	10.66	469.1	396.15	0.0557	419.1	7.544	15.57	7.68	1.59
	95.14	29.21	67.72	-0.00	0.0604	10.46	460.0	388.10	0.0607	461.9	8.314	17.14	9.11	1.59
	96.14	29.21	67.70	0.00	0.0603	10.43	458.9	387.28	0.0612	480.2	8.643	17.83	9.69	1.60
	97.16	29.26	67.70	0.00	0.0604	10.45	459.8	388.12	0.0606	465.8	8.384	17.30	9.24	1.59
	98.14	29.27	67.68	0.00	0.0603	10.44	459.2	387.71	0.0618	478.7	8.617	17.79	9.65	1.59
	99.17	29.25	67.68	-0.00	0.0601	10.37	456.1	385.13	0.0631	505.1	9.092	18.77	10.45	1.59
	100.15	29.25	67.71	-0.00	0.0602	10.41	457.8	386.37	0.0620	486.8	8.762	18.08	9.90	1.59
	101.17	29.27	67.68	-0.00	0.0602	10.39	457.4	386.19	0.0618	484.7	8.724	18.01	9.83	1.59
	102.15	29.29	67.68	0.00	0.0601	10.40	457.4	386.27	0.0622	485.2	8.734	18.03	9.85	1.60
	103.13	29.30	67.70	0.00	0.0601	10.38	456.8	385.61	0.0628	499.3	8.987	18.55	10.28	1.59
	104.22	29.35	67.68	-0.00	0.0600	10.36	455.7	384.92	0.0622	497.7	8.959	18.50	10.23	1.59
	105.13	29.35	67.70	0.00	0.0601	10.41	457.9	386.58	0.0620	478.8	8.618	17.79	9.65	1.59
	106.14	29.32	67.70	0.00	0.0599	10.34	454.8	383.91	0.0651	517.7	9.319	19.23	10.82	1.59
	107.13	29.34	67.73	0.00	0.0601	10.37	456.1	384.88	0.0633	503.6	9.065	18.70	10.41	1.60
	108.14	29.37	67.70	0.00	0.0601	10.37	456.4	385.39	0.0631	497.3	8.952	18.48	10.22	1.60
	109.15	29.36	67.72	0.00	0.0600	10.37	456.2	385.01	0.0632	500.4	9.007	18.58	10.31	1.59
	110.17	29.35	67.68	-0.00	0.0601	10.38	456.5	385.58	0.0619	486.9	8.764	18.09	9.90	1.59
	111.15	29.35	67.68	0.00	0.0601	10.37	456.3	385.42	0.0625	488.8	8.799	18.17	9.96	1.59
	112.17	29.38	67.72	-0.00	0.0600	10.36	456.1	384.95	0.0625	497.3	8.952	18.47	10.22	1.59
	113.15	29.35	67.70	0.00	0.0600	10.37	456.1	385.08	0.0627	494.2	8.895	18.36	10.12	1.60
	114.16	29.33	67.70	-0.00	0.0600	10.36	456.0	385.00	0.0629	494.7	8.905	18.38	10.14	1.60
	115.16	29.35	67.72	-0.00	0.0600	10.35	455.3	384.25	0.0638	509.8	9.177	18.93	10.59	1.59
	116.22	29.33	67.68	0.00	0.0600	10.34	455.1	384.37	0.0643	514.0	9.252	19.10	10.71	1.59
	117.16	29.33	67.72	0.00	0.0599	10.35	455.5	384.42	0.0637	509.5	9.171	18.92	10.58	1.60
	118.16	29.33	67.70	0.00	0.0599	10.35	455.6	384.63	0.0635	500.7	9.012	18.60	10.32	1.60
	119.14	29.33	67.68	0.00	0.0599	10.34	454.8	384.12	0.0643	512.6	9.228	19.05	10.67	1.60
	120.15	29.33	67.70	0.00	0.0599	10.33	454.5	383.69	0.0647	519.0	9.342	19.28	10.86	1.59
