Jul 28 2015 at 11:03:12
Frequency: 1.00Hz.
CO2
Zero:  Value:0.95  Date:18 Mar 2005	 at 07:22:33	
Span:  Value:1.00  Date:18 Mar 2005	 at 07:25:09	
H2O
Zero:  Value:0.71  Date:18 Mar 2005	 at 07:52:31	
Span:  Value:0.99  Date:18 Mar 2005	 at 11:44:01	
	Relative Time	Temperature	Pressure	Aux Input	CO2 Absorptance	CO2 mmol/m3	CO2 mg/m3	CO2 umol/mol	H2O Absorptance	H2O mmol/m3	H2O g/m3	H2O mmol/mol	H2O(°C)	Cooler Voltage
	0.20	28.38	67.62	0.00	0.0622	10.83	476.6	401.57	0.0390	255.8	4.605	9.48	0.61	1.59
	1.22	28.40	67.65	0.00	0.0624	10.89	479.4	403.76	0.0378	246.8	4.442	9.15	0.11	1.59
	2.20	28.40	67.65	0.00	0.0621	10.87	478.1	402.69	0.0385	251.6	4.530	9.33	0.38	1.59
	3.21	28.38	67.65	0.00	0.0621	10.86	477.8	402.44	0.0383	250.2	4.503	9.27	0.30	1.59
	4.21	28.33	67.65	-0.00	0.0619	10.83	476.6	401.31	0.0375	242.2	4.359	8.97	-0.15	1.59
	5.29	28.36	67.65	-0.00	0.0620	10.83	476.7	401.49	0.0378	246.9	4.444	9.15	0.12	1.59
	6.19	28.38	67.68	0.00	0.0619	10.81	475.8	400.55	0.0400	261.5	4.707	9.69	0.91	1.59
	7.21	28.37	67.65	-0.00	0.0620	10.84	476.8	401.56	0.0405	270.8	4.875	10.04	1.40	1.59
	8.19	28.44	67.68	0.00	0.0620	10.79	474.8	399.84	0.0402	266.9	4.804	9.89	1.20	1.59
	9.20	28.43	67.65	-0.00	0.0622	10.85	477.4	402.13	0.0394	263.0	4.734	9.75	1.00	1.59
	10.22	28.45	67.65	-0.00	0.0621	10.82	475.9	400.92	0.0394	265.7	4.783	9.85	1.14	1.59
	11.22	28.45	67.65	-0.00	0.0619	10.80	475.0	400.19	0.0399	268.3	4.830	9.95	1.27	1.59
	12.21	28.47	67.65	0.00	0.0618	10.75	473.1	398.54	0.0400	267.0	4.806	9.90	1.21	1.59
	13.20	28.45	67.63	0.00	0.0617	10.76	473.5	399.04	0.0398	264.1	4.753	9.79	1.05	1.59
	14.21	28.47	67.63	0.00	0.0617	10.74	472.6	398.29	0.0406	268.9	4.840	9.97	1.31	1.59
	15.20	28.49	67.65	0.00	0.0618	10.78	474.1	399.46	0.0408	271.6	4.889	10.07	1.45	1.59
	16.21	28.51	67.65	0.00	0.0618	10.74	472.7	398.25	0.0407	271.9	4.895	10.08	1.46	1.59
	17.21	28.51	67.65	0.00	0.0619	10.78	474.3	399.59	0.0413	278.6	5.014	10.33	1.80	1.59
	18.22	28.55	67.65	-0.00	0.0618	10.72	471.8	397.62	0.0410	274.8	4.947	10.19	1.61	1.59
	19.20	28.55	67.65	-0.00	0.0617	10.72	471.9	397.65	0.0421	288.2	5.188	10.69	2.28	1.59
	20.20	28.53	67.65	-0.00	0.0619	10.78	474.3	399.66	0.0453	311.0	5.598	11.53	3.35	1.59
	21.20	28.53	67.65	0.00	0.0617	10.76	473.4	398.90	0.0431	313.0	5.635	11.61	3.44	1.59
	22.26	28.55	67.65	0.00	0.0617	10.77	473.9	399.34	0.0437	294.7	5.305	10.93	2.59	1.59
	23.20	28.55	67.65	0.00	0.0618	10.75	473.1	398.72	0.0416	294.2	5.296	10.91	2.57	1.59
	24.20	28.52	67.65	0.00	0.0618	10.75	473.2	398.71	0.0429	287.1	5.167	10.64	2.22	1.59
	25.21	28.53	67.65	0.00	0.0616	10.73	472.2	397.88	0.0449	307.3	5.531	11.39	3.18	1.59
	26.21	28.53	67.65	0.00	0.0618	10.74	472.8	398.35	0.0470	326.4	5.875	12.10	4.03	1.59
	27.22	28.51	67.65	-0.00	0.0616	10.73	472.2	397.89	0.0473	329.2	5.925	12.20	4.15	1.59
	28.22	28.52	67.67	-0.00	0.0615	10.73	472.3	397.85	0.0466	322.7	5.809	11.96	3.87	1.59
	29.19	28.50	67.65	0.00	0.0618	10.75	472.9	398.46	0.0448	309.0	5.562	11.46	3.26	1.59
	30.20	28.52	67.67	0.00	0.0616	10.74	472.4	397.88	0.0463	321.0	5.779	11.90	3.80	1.59
	31.20	28.59	67.65	-0.00	0.0616	10.74	472.7	398.37	0.0454	309.6	5.573	11.48	3.29	1.59
	32.20	28.56	67.65	0.00	0.0617	10.73	472.0	397.80	0.0450	310.0	5.580	11.50	3.31	1.59
	33.20	28.59	67.65	0.00	0.0616	10.73	472.1	397.84	0.0451	315.3	5.676	11.69	3.55	1.59
	34.20	28.57	67.65	0.00	0.0613	10.70	470.8	396.76	0.0456	315.2	5.674	11.69	3.54	1.59
	35.23	28.59	67.67	-0.00	0.0615	10.68	469.7	395.73	0.0450	308.4	5.552	11.43	3.23	1.59
	36.19	28.61	67.65	0.00	0.0616	10.69	470.5	396.51	0.0468	319.9	5.758	11.86	3.75	1.59
	37.21	28.59	67.65	0.00	0.0614	10.70	470.6	396.65	0.0472	328.1	5.905	12.17	4.11	1.59
	38.20	28.60	67.65	0.00	0.0614	10.70	470.7	396.72	0.0469	328.4	5.911	12.18	4.12	1.59
	39.19	28.60	67.67	0.00	0.0614	10.69	470.3	396.29	0.0468	327.4	5.892	12.14	4.08	1.59
	40.20	28.60	67.65	0.00	0.0614	10.69	470.4	396.41	0.0475	334.8	6.027	12.42	4.40	1.59
	41.18	28.59	67.65	0.00	0.0614	10.70	470.9	396.88	0.0473	330.9	5.956	12.27	4.23	1.58
	42.20	28.57	67.65	0.00	0.0616	10.70	471.0	396.94	0.0466	326.0	5.868	12.09	4.02	1.58
	43.21	28.56	67.65	-0.00	0.0615	10.67	469.7	395.81	0.0475	330.8	5.954	12.26	4.23	1.58
	44.23	28.59	67.65	-0.00	0.0615	10.68	469.8	395.97	0.0489	341.2	6.142	12.65	4.67	1.58
	45.19	28.58	67.65	0.00	0.0611	10.64	468.0	394.43	0.0501	356.8	6.422	13.23	5.31	1.59
	46.19	28.56	67.65	0.00	0.0612	10.65	468.4	394.72	0.0505	366.0	6.588	13.57	5.68	1.59
	47.21	28.56	67.62	-0.00	0.0613	10.65	468.7	395.12	0.0502	360.1	6.481	13.36	5.44	1.59
	48.20	28.55	67.67	-0.00	0.0614	10.65	468.6	394.77	0.0503	361.8	6.512	13.41	5.51	1.58
	49.20	28.57	67.65	0.00	0.0614	10.65	468.6	394.90	0.0506	364.1	6.555	13.50	5.60	1.58
	50.20	28.55	67.65	0.00	0.0611	10.63	467.6	394.06	0.0507	367.9	6.623	13.64	5.75	1.59
	51.20	28.55	67.65	0.00	0.0611	10.64	468.2	394.54	0.0504	361.3	6.503	13.40	5.49	1.59
	52.20	28.59	67.65	0.00	0.0613	10.65	468.5	394.82	0.0505	363.8	6.549	13.49	5.59	1.58
	53.20	28.56	67.67	0.00	0.0613	10.64	468.2	394.46	0.0504	363.7	6.546	13.48	5.59	1.58
	54.21	28.59	67.65	-0.00	0.0611	10.60	466.5	393.14	0.0493	353.0	6.355	13.09	5.16	1.58
	55.21	28.60	67.62	-0.00	0.0612	10.63	467.6	394.22	0.0505	364.7	6.564	13.53	5.63	1.58
	56.21	28.59	67.65	-0.00	0.0611	10.60	466.5	393.21	0.0496	354.4	6.380	13.14	5.22	1.58
	57.21	28.61	67.65	-0.00	0.0610	10.62	467.2	393.74	0.0499	357.3	6.431	13.25	5.33	1.59
	58.20	28.60	67.65	-0.00	0.0610	10.61	467.0	393.61	0.0501	358.7	6.457	13.30	5.39	1.58
	59.20	28.61	67.65	0.00	0.0612	10.63	467.6	394.16	0.0511	368.1	6.626	13.65	5.76	1.58
	60.22	28.57	67.67	-0.00	0.0613	10.62	467.1	393.48	0.0509	367.4	6.613	13.62	5.73	1.58
	61.22	28.59	67.62	-0.00	0.0612	10.61	466.7	393.48	0.0509	366.1	6.590	13.58	5.68	1.58
	62.20	28.57	67.65	0.00	0.0610	10.61	466.9	393.44	0.0511	371.0	6.677	13.76	5.87	1.59
	63.21	28.56	67.65	0.00	0.0610	10.59	466.0	392.71	0.0515	373.1	6.716	13.84	5.96	1.59
	64.19	28.57	67.63	0.00	0.0611	10.58	465.7	392.61	0.0515	372.8	6.710	13.83	5.94	1.58
	65.21	28.56	67.65	0.00	0.0612	10.61	466.8	393.40	0.0514	371.9	6.695	13.79	5.91	1.58
	66.21	28.59	67.67	-0.00	0.0612	10.62	467.1	393.55	0.0513	372.5	6.704	13.81	5.93	1.59
	67.20	28.56	67.65	0.00	0.0610	10.58	465.5	392.30	0.0523	380.5	6.850	14.11	6.24	1.58
	68.20	28.57	67.65	-0.00	0.0610	10.59	466.1	392.84	0.0525	381.8	6.873	14.16	6.29	1.58
	69.22	28.58	67.65	-0.00	0.0609	10.58	465.5	392.34	0.0529	387.8	6.980	14.38	6.52	1.58
	70.19	28.59	67.65	0.00	0.0608	10.57	465.2	392.08	0.0528	386.6	6.958	14.34	6.47	1.59
	71.22	28.59	67.62	-0.00	0.0610	10.57	465.1	392.11	0.0531	387.3	6.972	14.37	6.50	1.58
	72.20	28.60	67.65	-0.00	0.0609	10.57	465.0	391.96	0.0532	390.3	7.026	14.48	6.61	1.59
	73.21	28.59	67.65	-0.00	0.0609	10.56	464.7	391.65	0.0533	391.4	7.045	14.51	6.65	1.59
	74.21	28.62	67.67	0.00	0.0609	10.55	464.4	391.29	0.0532	390.0	7.020	14.46	6.60	1.59
	75.19	28.62	67.67	0.00	0.0608	10.55	464.2	391.15	0.0526	386.3	6.953	14.32	6.46	1.59
	76.21	28.60	67.62	0.00	0.0606	10.52	463.0	390.35	0.0526	383.5	6.904	14.23	6.36	1.58
	77.20	28.60	67.67	0.00	0.0607	10.53	463.3	390.34	0.0530	388.6	6.994	14.41	6.55	1.58
	78.20	28.60	67.67	0.00	0.0607	10.52	462.8	389.92	0.0530	388.9	7.000	14.42	6.56	1.58
	79.26	28.60	67.65	0.00	0.0607	10.51	462.5	389.79	0.0527	386.6	6.959	14.34	6.47	1.59
	80.22	28.61	67.65	-0.00	0.0605	10.48	461.2	388.68	0.0521	379.8	6.837	14.09	6.22	1.59
	81.28	28.60	67.67	-0.00	0.0607	10.52	462.9	390.06	0.0534	391.0	7.037	14.49	6.63	1.58
	82.21	28.57	67.65	-0.00	0.0606	10.53	463.1	390.27	0.0541	401.5	7.226	14.89	7.02	1.58
	83.21	28.55	67.65	-0.00	0.0608	10.52	463.0	390.19	0.0539	397.2	7.150	14.73	6.86	1.58
	84.19	28.53	67.65	0.00	0.0611	10.59	465.8	392.44	0.0507	360.6	6.491	13.37	5.46	1.59
	85.21	28.51	67.65	-0.00	0.0608	10.55	464.1	391.06	0.0516	374.0	6.731	13.86	5.99	1.59
	86.21	28.49	67.63	-0.00	0.0606	10.52	463.0	390.25	0.0524	383.0	6.895	14.20	6.33	1.59
	87.22	28.50	67.67	-0.00	0.0606	10.51	462.6	389.61	0.0525	385.4	6.937	14.28	6.42	1.58
	88.20	28.49	67.65	0.00	0.0607	10.49	461.6	388.91	0.0531	386.9	6.964	14.34	6.48	1.58
	89.20	28.51	67.65	0.00	0.0606	10.50	462.1	389.36	0.0533	392.2	7.060	14.54	6.68	1.58
	90.20	28.52	67.65	0.00	0.0604	10.46	460.4	387.91	0.0537	397.5	7.155	14.74	6.87	1.58
	91.20	28.51	67.62	0.00	0.0606	10.48	461.0	388.58	0.0532	391.6	7.049	14.52	6.65	1.59
	92.21	28.55	67.67	-0.00	0.0604	10.50	461.8	389.06	0.0531	390.3	7.025	14.47	6.61	1.59
	93.27	28.57	67.65	0.00	0.0605	10.49	461.6	388.99	0.0535	394.0	7.093	14.61	6.75	1.58
	94.19	28.59	67.62	0.00	0.0606	10.50	461.9	389.47	0.0532	389.6	7.014	14.45	6.58	1.58
	95.19	28.65	67.65	0.00	0.0606	10.49	461.6	389.12	0.0533	391.1	7.040	14.51	6.64	1.58
	96.19	28.62	67.65	0.00	0.0606	10.49	461.4	388.92	0.0541	400.1	7.202	14.84	6.97	1.59
	97.20	28.62	67.62	-0.00	0.0607	10.48	461.1	388.85	0.0537	398.7	7.177	14.79	6.92	1.59
	98.22	28.58	67.67	0.00	0.0605	10.49	461.7	389.00	0.0541	399.1	7.184	14.80	6.93	1.59
	99.20	28.62	67.65	0.00	0.0605	10.49	461.5	388.99	0.0532	394.4	7.100	14.63	6.76	1.58
	100.22	28.60	67.65	-0.00	0.0605	10.50	462.0	389.41	0.0533	386.2	6.951	14.32	6.46	1.58
	101.20	28.67	67.62	0.00	0.0605	10.50	461.8	389.45	0.0549	409.2	7.365	15.18	7.30	1.58
	102.21	28.66	67.65	-0.00	0.0605	10.49	461.6	389.14	0.0541	398.7	7.176	14.79	6.92	1.59
	103.19	28.72	67.65	0.00	0.0605	10.49	461.4	389.08	0.0552	407.8	7.341	15.13	7.26	1.59
	104.19	28.72	67.67	-0.00	0.0605	10.49	461.6	389.06	0.0551	409.9	7.377	15.20	7.33	1.59
	105.19	28.72	67.62	0.00	0.0605	10.48	461.1	388.91	0.0555	411.2	7.402	15.26	7.38	1.58
	106.19	28.72	67.62	0.00	0.0605	10.48	461.2	388.97	0.0558	419.8	7.556	15.58	7.68	1.58
	107.20	28.71	67.62	-0.00	0.0607	10.49	461.5	389.28	0.0557	416.9	7.504	15.47	7.58	1.58
	108.20	28.71	67.68	0.00	0.0606	10.47	460.8	388.33	0.0561	419.0	7.543	15.54	7.65	1.59
	109.20	28.68	67.63	0.00	0.0606	10.48	461.1	388.86	0.0561	421.8	7.593	15.65	7.75	1.59
	110.22	28.66	67.67	-0.00	0.0606	10.47	460.9	388.37	0.0561	422.9	7.612	15.68	7.78	1.59
	111.21	28.64	67.65	0.00	0.0606	10.46	460.1	387.85	0.0565	425.2	7.654	15.77	7.86	1.58
	112.21	28.64	67.62	-0.00	0.0604	10.45	460.0	387.89	0.0562	422.4	7.604	15.67	7.77	1.58
	113.21	28.59	67.65	0.00	0.0603	10.45	459.7	387.45	0.0563	423.9	7.631	15.72	7.82	1.58
	114.21	28.59	67.65	-0.00	0.0603	10.43	459.1	386.90	0.0563	423.1	7.616	15.69	7.79	1.59
	115.21	28.59	67.67	0.00	0.0604	10.45	459.8	387.40	0.0562	422.0	7.597	15.65	7.75	1.58
	116.19	28.52	67.65	0.00	0.0604	10.44	459.1	386.88	0.0561	421.7	7.590	15.63	7.74	1.58
	117.20	28.54	67.65	0.00	0.0602	10.42	458.3	386.16	0.0562	421.7	7.591	15.63	7.74	1.59
	118.27	28.55	67.62	0.00	0.0602	10.42	458.5	386.53	0.0564	424.4	7.639	15.74	7.83	1.58
	119.20	28.54	67.67	0.00	0.0602	10.41	458.0	385.85	0.0566	425.8	7.664	15.78	7.88	1.58
	120.20	28.55	67.63	0.00	0.0604	10.43	458.8	386.70	0.0570	430.4	7.747	15.96	8.04	1.59
	121.18	28.54	67.65	0.00	0.0602	10.41	458.1	386.00	0.0567	425.6	7.660	15.78	7.87	1.59
	122.23	28.53	67.67	-0.00	0.0603	10.42	458.4	386.18	0.0572	432.0	7.775	16.01	8.09	1.58
