Jul 28 2015 at 9:35:08
Frequency: 1.00Hz.
CO2
Zero:  Value:0.95  Date:18 Mar 2005	 at 07:22:33	
Span:  Value:1.00  Date:18 Mar 2005	 at 07:25:09	
H2O
Zero:  Value:0.71  Date:18 Mar 2005	 at 07:52:31	
Span:  Value:0.99  Date:18 Mar 2005	 at 11:44:01	
	Relative Time	Temperature	Pressure	Aux Input	CO2 Absorptance	CO2 mmol/m3	CO2 mg/m3	CO2 umol/mol	H2O Absorptance	H2O mmol/m3	H2O g/m3	H2O mmol/mol	H2O(°C)	Cooler Voltage
	0.59	14.97	67.68	-0.00	0.0610	10.55	464.0	373.25	0.0473	344.8	6.207	12.21	4.16	1.43
	1.57	15.00	67.65	0.00	0.0607	10.52	462.7	372.40	0.0492	348.0	6.263	12.32	4.29	1.43
	2.59	14.95	67.66	0.00	0.0606	10.53	463.4	372.87	0.0491	350.9	6.315	12.42	4.41	1.44
	3.57	14.93	67.66	-0.00	0.0606	10.52	462.7	372.27	0.0489	348.4	6.271	12.33	4.31	1.43
	4.59	14.93	67.65	0.00	0.0607	10.51	462.2	371.93	0.0485	344.8	6.206	12.21	4.16	1.44
	5.57	14.93	67.65	0.00	0.0608	10.52	463.1	372.62	0.0491	351.9	6.334	12.46	4.45	1.44
	6.58	14.92	67.65	0.00	0.0608	10.52	462.7	372.31	0.0500	353.1	6.355	12.50	4.50	1.44
	7.58	14.92	67.65	0.00	0.0606	10.52	462.8	372.39	0.0502	360.6	6.490	12.76	4.80	1.44
	8.60	14.95	67.66	-0.00	0.0608	10.53	463.2	372.73	0.0509	365.6	6.581	12.94	5.00	1.44
	9.59	14.97	67.66	-0.00	0.0607	10.53	463.2	372.69	0.0508	367.6	6.616	13.01	5.08	1.43
	10.58	14.97	67.65	-0.00	0.0607	10.54	463.9	373.28	0.0510	368.5	6.634	13.05	5.11	1.44
	11.59	14.98	67.66	0.00	0.0606	10.53	463.3	372.79	0.0509	367.6	6.616	13.01	5.08	1.44
	12.57	14.98	67.68	0.00	0.0606	10.52	462.7	372.27	0.0508	366.9	6.604	12.99	5.05	1.44
	13.59	15.00	67.65	0.00	0.0607	10.52	463.0	372.62	0.0511	369.6	6.654	13.09	5.16	1.44
	14.66	14.98	67.66	0.00	0.0606	10.50	461.8	371.66	0.0503	366.1	6.590	12.96	5.02	1.44
	15.58	14.98	67.63	-0.00	0.0606	10.52	462.9	372.64	0.0513	370.8	6.674	13.13	5.20	1.44
	16.58	14.98	67.65	-0.00	0.0605	10.52	462.9	372.52	0.0512	368.2	6.628	13.04	5.10	1.44
	17.58	15.00	67.65	0.00	0.0606	10.51	462.6	372.32	0.0505	365.3	6.576	12.94	4.99	1.44
	18.59	15.00	67.65	0.00	0.0608	10.54	463.6	373.12	0.0504	360.3	6.486	12.76	4.79	1.44
	19.59	15.01	67.63	-0.00	0.0609	10.53	463.2	372.98	0.0504	363.8	6.549	12.89	4.93	1.44
	20.65	15.01	67.60	0.00	0.0606	10.50	462.1	372.21	0.0507	365.8	6.584	12.96	5.01	1.44
	21.57	15.01	67.66	0.00	0.0607	10.50	461.9	371.78	0.0508	367.5	6.615	13.01	5.08	1.44
	22.59	15.00	67.65	-0.00	0.0605	10.51	462.3	372.06	0.0505	366.6	6.599	12.98	5.04	1.44
	23.59	15.01	67.67	-0.00	0.0606	10.50	461.9	371.62	0.0515	370.9	6.676	13.13	5.21	1.44
	24.59	15.01	67.65	0.00	0.0604	10.50	461.9	371.73	0.0511	366.9	6.604	12.99	5.05	1.44
	25.58	15.01	67.65	0.00	0.0606	10.50	462.1	371.91	0.0502	367.1	6.608	13.00	5.06	1.44
	26.66	15.03	67.66	-0.00	0.0605	10.50	461.9	371.74	0.0516	374.8	6.746	13.27	5.36	1.44
	27.58	15.03	67.65	-0.00	0.0606	10.48	461.3	371.30	0.0518	377.4	6.793	13.37	5.46	1.44
	28.59	15.03	67.66	-0.00	0.0604	10.48	461.0	371.04	0.0514	372.1	6.698	13.18	5.26	1.44
	29.58	15.05	67.63	0.00	0.0606	10.49	461.5	371.55	0.0519	374.7	6.744	13.27	5.35	1.44
	30.59	15.05	67.65	-0.00	0.0603	10.44	459.5	369.86	0.0525	385.1	6.932	13.64	5.75	1.44
	31.59	15.05	67.65	0.00	0.0605	10.46	460.2	370.44	0.0525	384.8	6.926	13.63	5.74	1.44
	32.59	15.03	67.63	0.00	0.0604	10.45	459.7	370.18	0.0530	388.3	6.989	13.76	5.87	1.44
	33.57	15.05	67.63	-0.00	0.0603	10.45	459.9	370.31	0.0529	388.2	6.988	13.75	5.87	1.44
	34.59	15.06	67.66	0.00	0.0604	10.44	459.5	369.85	0.0533	390.7	7.033	13.84	5.96	1.44
	35.60	15.05	67.65	0.00	0.0603	10.43	459.0	369.49	0.0535	394.8	7.106	13.98	6.11	1.44
	36.58	15.08	67.68	0.00	0.0602	10.42	458.6	369.04	0.0538	397.7	7.159	14.08	6.22	1.44
	37.60	15.03	67.61	0.00	0.0603	10.43	458.7	369.45	0.0539	396.9	7.145	14.07	6.19	1.44
	38.58	15.05	67.63	-0.00	0.0602	10.40	457.4	368.33	0.0537	401.0	7.218	14.21	6.34	1.44
	39.59	15.09	67.68	-0.00	0.0601	10.40	457.8	368.40	0.0545	403.6	7.265	14.29	6.43	1.44
	40.58	15.05	67.65	-0.00	0.0602	10.40	457.8	368.48	0.0534	394.7	7.105	13.98	6.11	1.44
	41.59	15.08	67.66	-0.00	0.0602	10.41	458.2	368.84	0.0533	392.1	7.058	13.89	6.01	1.44
	42.60	15.08	67.66	-0.00	0.0603	10.42	458.5	369.12	0.0546	400.5	7.208	14.18	6.32	1.44
	43.60	15.08	67.65	0.00	0.0603	10.42	458.4	369.02	0.0547	407.5	7.335	14.43	6.57	1.44
	44.59	15.08	67.66	-0.00	0.0600	10.39	457.3	368.11	0.0549	410.5	7.389	14.54	6.68	1.44
	45.58	15.10	67.66	-0.00	0.0602	10.41	458.0	368.70	0.0554	408.4	7.351	14.47	6.60	1.44
	46.60	15.10	67.66	-0.00	0.0600	10.38	456.5	367.53	0.0549	410.3	7.386	14.53	6.67	1.44
	47.58	15.11	67.65	-0.00	0.0602	10.41	458.0	368.76	0.0553	414.3	7.457	14.68	6.81	1.44
	48.58	15.10	67.66	0.00	0.0600	10.39	457.0	367.93	0.0552	415.2	7.473	14.71	6.84	1.44
	49.58	15.09	67.65	-0.00	0.0601	10.39	457.1	368.02	0.0556	414.8	7.466	14.69	6.83	1.44
	50.59	15.11	67.68	0.00	0.0600	10.40	457.5	368.20	0.0557	417.7	7.518	14.79	6.93	1.44
	51.59	15.11	67.66	-0.00	0.0598	10.36	455.7	366.87	0.0558	412.4	7.424	14.61	6.75	1.44
	52.59	15.11	67.66	0.00	0.0602	10.37	456.5	367.49	0.0560	420.4	7.567	14.89	7.02	1.44
	53.60	15.13	67.65	-0.00	0.0600	10.37	456.2	367.31	0.0559	419.5	7.552	14.86	7.00	1.44
	54.58	15.13	67.66	-0.00	0.0598	10.32	454.3	365.75	0.0564	424.9	7.648	15.05	7.18	1.44
	55.58	15.13	67.65	-0.00	0.0599	10.34	455.2	366.49	0.0567	429.1	7.723	15.20	7.32	1.44
	56.58	15.13	67.66	0.00	0.0598	10.32	454.2	365.68	0.0570	431.5	7.767	15.29	7.41	1.44
	57.59	15.14	67.68	0.00	0.0600	10.35	455.2	366.44	0.0566	426.1	7.670	15.09	7.22	1.44
	58.58	15.16	67.65	0.00	0.0598	10.35	455.3	366.65	0.0570	427.9	7.702	15.16	7.29	1.44
	59.58	15.18	67.70	0.00	0.0599	10.34	454.9	366.04	0.0569	429.3	7.727	15.20	7.33	1.44
	60.65	15.14	67.65	0.00	0.0599	10.34	455.1	366.42	0.0568	428.3	7.710	15.18	7.30	1.44
	61.59	15.14	67.65	0.00	0.0598	10.33	454.5	365.98	0.0570	429.6	7.733	15.22	7.34	1.44
	62.59	15.14	67.63	0.00	0.0598	10.30	453.0	364.93	0.0577	433.3	7.800	15.36	7.47	1.44
	63.60	15.14	67.66	-0.00	0.0598	10.31	453.5	365.15	0.0579	440.5	7.929	15.61	7.71	1.44
	64.58	15.16	67.65	0.00	0.0598	10.32	454.1	365.70	0.0569	430.2	7.744	15.24	7.37	1.44
	65.58	15.16	67.66	0.00	0.0600	10.34	455.0	366.33	0.0560	419.3	7.547	14.85	6.99	1.44
	66.58	15.18	67.65	-0.00	0.0598	10.33	454.5	366.01	0.0563	423.1	7.615	14.99	7.12	1.44
	67.59	15.18	67.65	0.00	0.0597	10.31	453.7	365.35	0.0561	422.0	7.596	14.95	7.08	1.44
	68.58	15.18	67.63	0.00	0.0596	10.29	452.9	364.90	0.0562	418.8	7.539	14.85	6.97	1.44
	69.58	15.18	67.66	-0.00	0.0597	10.29	452.9	364.68	0.0570	430.2	7.743	15.24	7.37	1.45
	70.57	15.19	67.65	0.00	0.0595	10.28	452.1	364.13	0.0571	433.3	7.800	15.36	7.47	1.44
	71.57	15.18	67.63	0.00	0.0597	10.30	453.2	365.08	0.0577	437.4	7.873	15.50	7.61	1.44
	72.59	15.21	67.65	0.00	0.0599	10.32	454.0	365.62	0.0580	440.8	7.934	15.62	7.72	1.44
	73.58	15.18	67.61	0.00	0.0596	10.29	452.7	364.84	0.0575	435.9	7.846	15.45	7.56	1.44
	74.60	15.19	67.66	-0.00	0.0596	10.28	452.1	364.09	0.0573	434.2	7.816	15.39	7.50	1.44
	75.60	15.19	67.68	0.00	0.0596	10.28	452.3	364.14	0.0581	441.2	7.942	15.63	7.74	1.44
	76.60	15.19	67.66	-0.00	0.0595	10.28	452.2	364.12	0.0573	436.2	7.852	15.46	7.57	1.45
	77.58	15.19	67.65	-0.00	0.0596	10.27	451.7	363.80	0.0579	440.4	7.928	15.61	7.71	1.44
	78.59	15.21	67.66	0.00	0.0597	10.29	453.0	364.78	0.0582	442.6	7.966	15.68	7.78	1.44
	79.58	15.19	67.65	-0.00	0.0595	10.26	451.5	363.65	0.0582	443.8	7.988	15.72	7.82	1.44
	80.59	15.21	67.66	0.00	0.0595	10.26	451.3	363.48	0.0590	447.4	8.053	15.85	7.94	1.45
	81.59	15.21	67.65	-0.00	0.0596	10.24	450.5	362.81	0.0592	454.8	8.186	16.12	8.18	1.45
	82.59	15.22	67.68	-0.00	0.0598	10.28	452.5	364.34	0.0590	452.5	8.145	16.03	8.11	1.45
	83.57	15.22	67.66	0.00	0.0594	10.25	451.2	363.35	0.0585	447.8	8.060	15.87	7.95	1.44
	84.58	15.22	67.68	-0.00	0.0593	10.23	450.1	362.38	0.0583	444.6	8.002	15.75	7.85	1.45
	85.58	15.22	67.65	-0.00	0.0594	10.25	451.1	363.32	0.0585	446.2	8.032	15.81	7.90	1.44
	86.60	15.26	67.66	0.00	0.0594	10.25	450.9	363.18	0.0588	449.4	8.089	15.93	8.01	1.45
	87.59	15.26	67.68	-0.00	0.0594	10.23	450.1	362.39	0.0593	458.3	8.249	16.24	8.30	1.45
	88.66	15.24	67.63	-0.00	0.0595	10.25	450.8	363.26	0.0598	457.5	8.236	16.22	8.27	1.45
	89.59	15.26	67.66	0.00	0.0594	10.24	450.7	363.02	0.0596	458.0	8.243	16.23	8.29	1.45
	90.59	15.24	67.66	-0.00	0.0594	10.24	450.4	362.79	0.0596	458.8	8.259	16.26	8.31	1.45
	91.57	15.24	67.65	-0.00	0.0596	10.25	450.8	363.14	0.0599	465.0	8.371	16.48	8.51	1.45
	92.59	15.24	67.65	-0.00	0.0594	10.23	450.2	362.63	0.0600	463.1	8.336	16.41	8.45	1.45
	93.57	15.27	67.66	0.00	0.0594	10.26	451.5	363.69	0.0591	458.1	8.247	16.24	8.29	1.45
	94.60	15.27	67.68	0.00	0.0595	10.25	451.0	363.22	0.0597	455.7	8.203	16.15	8.22	1.45
	95.60	15.26	67.63	0.00	0.0594	10.23	450.1	362.68	0.0595	459.3	8.267	16.28	8.33	1.45
	96.58	15.26	67.65	-0.00	0.0594	10.24	450.6	363.00	0.0589	451.4	8.126	16.00	8.08	1.45
	97.59	15.27	67.63	-0.00	0.0594	10.23	450.2	362.80	0.0600	455.6	8.201	16.16	8.21	1.45
	98.58	15.27	67.65	-0.00	0.0594	10.27	451.8	363.93	0.0597	461.3	8.304	16.35	8.40	1.45
	99.58	15.29	67.66	0.00	0.0593	10.23	450.1	362.61	0.0601	461.4	8.305	16.35	8.40	1.45
	100.57	15.27	67.63	-0.00	0.0594	10.25	450.8	363.29	0.0603	466.9	8.404	16.56	8.57	1.45
	101.59	15.29	67.66	-0.00	0.0594	10.23	450.0	362.52	0.0594	455.4	8.196	16.14	8.21	1.45
	102.60	15.29	67.65	-0.00	0.0593	10.22	449.6	362.21	0.0602	463.9	8.350	16.44	8.48	1.45
	103.58	15.29	67.66	0.00	0.0595	10.24	450.4	362.87	0.0600	461.9	8.314	16.37	8.41	1.45
	104.60	15.29	67.65	-0.00	0.0593	10.22	449.6	362.22	0.0601	462.8	8.330	16.40	8.44	1.45
	105.58	15.32	67.63	0.00	0.0592	10.18	448.1	361.17	0.0600	463.2	8.338	16.43	8.46	1.45
	106.58	15.31	67.65	-0.00	0.0595	10.23	450.0	362.58	0.0602	466.4	8.396	16.54	8.56	1.45
	107.58	15.29	67.65	-0.00	0.0595	10.23	449.9	362.48	0.0609	473.2	8.517	16.77	8.77	1.45
	108.58	15.29	67.65	-0.00	0.0593	10.22	449.7	362.27	0.0607	471.0	8.478	16.70	8.70	1.45
	109.59	15.31	67.63	-0.00	0.0594	10.21	449.1	361.95	0.0606	468.9	8.441	16.63	8.64	1.45
	110.59	15.31	67.65	0.00	0.0593	10.21	449.2	361.93	0.0605	466.5	8.397	16.54	8.56	1.45
	111.59	15.32	67.65	0.00	0.0593	10.22	449.8	362.37	0.0606	467.1	8.408	16.56	8.58	1.45
	112.58	15.32	67.68	0.00	0.0594	10.22	449.8	362.29	0.0601	463.2	8.338	16.41	8.46	1.45
	113.58	15.32	67.65	-0.00	0.0593	10.21	449.2	361.91	0.0614	477.8	8.600	16.94	8.92	1.45
	114.58	15.32	67.63	0.00	0.0593	10.20	449.0	361.90	0.0613	478.0	8.603	16.95	8.92	1.45
	115.64	15.32	67.66	0.00	0.0594	10.20	448.9	361.66	0.0616	480.7	8.652	17.04	9.01	1.45
	116.58	15.34	67.65	0.00	0.0593	10.20	449.0	361.75	0.0617	481.4	8.665	17.07	9.03	1.45
	117.59	15.34	67.65	0.00	0.0592	10.19	448.5	361.41	0.0620	484.8	8.726	17.19	9.13	1.45
	118.58	15.34	67.68	0.00	0.0593	10.22	449.8	362.32	0.0619	485.4	8.737	17.20	9.15	1.45
	119.59	15.32	67.63	0.00	0.0593	10.23	450.0	362.66	0.0621	487.2	8.769	17.28	9.20	1.45
	120.57	15.37	67.68	0.00	0.0593	10.22	449.5	362.08	0.0620	487.4	8.774	17.28	9.22	1.45
