Jul 28 2015 at 10:23:08
Frequency: 1.00Hz.
CO2
Zero:  Value:0.95  Date:18 Mar 2005	 at 07:22:33	
Span:  Value:1.00  Date:18 Mar 2005	 at 07:25:09	
H2O
Zero:  Value:0.71  Date:18 Mar 2005	 at 07:52:31	
Span:  Value:0.99  Date:18 Mar 2005	 at 11:44:01	
	Relative Time	Temperature	Pressure	Aux Input	CO2 Absorptance	CO2 mmol/m3	CO2 mg/m3	CO2 umol/mol	H2O Absorptance	H2O mmol/m3	H2O g/m3	H2O mmol/mol	H2O(°C)	Cooler Voltage
	0.70	24.15	67.63	-0.00	0.0626	10.97	482.8	401.04	0.0375	244.3	4.397	8.93	-0.22	1.57
	1.69	24.13	67.65	0.00	0.0627	10.97	482.9	400.94	0.0376	245.1	4.411	8.95	-0.18	1.57
	2.67	24.15	67.65	0.00	0.0629	11.03	485.4	403.03	0.0376	244.7	4.404	8.94	-0.20	1.57
	3.68	24.15	67.62	0.00	0.0627	11.00	484.1	402.17	0.0375	243.0	4.375	8.88	-0.29	1.57
	4.68	24.17	67.62	-0.00	0.0627	10.99	483.7	401.84	0.0377	244.6	4.403	8.94	-0.20	1.57
	5.68	24.17	67.65	0.00	0.0627	10.97	482.5	400.71	0.0376	245.9	4.426	8.99	-0.13	1.57
	6.69	24.19	67.65	0.00	0.0627	10.96	482.4	400.63	0.0378	246.0	4.429	8.99	-0.12	1.57
	7.69	24.21	67.65	-0.00	0.0628	10.97	482.8	400.95	0.0384	247.9	4.462	9.06	-0.02	1.57
	8.69	24.19	67.65	-0.00	0.0630	11.06	486.6	404.11	0.0388	256.5	4.617	9.37	0.45	1.57
	9.67	24.19	67.65	0.00	0.0632	11.10	488.4	405.58	0.0395	261.7	4.711	9.56	0.73	1.57
	10.69	24.21	67.65	-0.00	0.0628	11.01	484.3	402.22	0.0399	263.6	4.745	9.63	0.83	1.57
	11.68	24.23	67.68	-0.00	0.0627	10.99	483.6	401.53	0.0404	269.7	4.854	9.85	1.15	1.57
	12.68	24.19	67.65	0.00	0.0626	10.94	481.3	399.74	0.0413	282.0	5.077	10.31	1.77	1.57
	13.70	24.21	67.67	-0.00	0.0625	10.92	480.6	399.04	0.0425	289.6	5.213	10.58	2.14	1.57
	14.68	24.18	67.65	0.00	0.0624	10.92	480.6	399.14	0.0417	279.8	5.036	10.22	1.66	1.57
	15.69	24.19	67.65	0.00	0.0625	10.94	481.4	399.82	0.0412	281.5	5.067	10.29	1.74	1.57
	16.68	24.18	67.65	0.00	0.0623	10.90	479.7	398.42	0.0429	292.9	5.273	10.70	2.30	1.57
	17.69	24.21	67.65	0.00	0.0623	10.89	479.2	397.99	0.0444	303.7	5.466	11.10	2.81	1.57
	18.69	24.21	67.65	-0.00	0.0623	10.88	478.8	397.63	0.0452	314.5	5.662	11.49	3.31	1.57
	19.67	24.21	67.65	-0.00	0.0623	10.89	479.3	398.06	0.0450	303.1	5.456	11.08	2.78	1.57
	20.68	24.21	67.63	-0.00	0.0623	10.85	477.4	396.68	0.0485	337.6	6.077	12.34	4.31	1.57
	21.68	24.21	67.65	-0.00	0.0622	10.85	477.4	396.45	0.0485	337.7	6.078	12.34	4.31	1.57
	22.68	24.24	67.65	-0.00	0.0621	10.82	476.0	395.39	0.0487	345.9	6.226	12.64	4.66	1.57
	23.66	24.18	67.65	0.00	0.0621	10.82	476.1	395.39	0.0489	346.1	6.231	12.65	4.67	1.57
	24.70	24.21	67.65	-0.00	0.0619	10.80	475.4	394.83	0.0500	357.2	6.429	13.05	5.12	1.57
	25.69	24.23	67.60	-0.00	0.0617	10.77	474.0	393.95	0.0523	373.6	6.724	13.66	5.76	1.57
	26.69	24.17	67.65	0.00	0.0618	10.77	474.0	393.60	0.0519	366.6	6.598	13.39	5.49	1.57
	27.67	24.21	67.65	0.00	0.0617	10.75	472.9	392.75	0.0522	377.8	6.801	13.81	5.93	1.57
	28.69	24.21	67.65	0.00	0.0617	10.75	472.8	392.70	0.0523	385.1	6.931	14.07	6.20	1.57
	29.67	24.21	67.62	0.00	0.0616	10.74	472.6	392.65	0.0524	381.4	6.865	13.94	6.06	1.57
	30.68	24.22	67.63	0.00	0.0617	10.74	472.6	392.69	0.0519	375.2	6.754	13.72	5.83	1.57
	31.68	24.22	67.65	-0.00	0.0617	10.74	472.5	392.46	0.0518	376.4	6.776	13.76	5.87	1.57
	32.68	24.24	67.65	0.00	0.0618	10.74	472.7	392.66	0.0512	373.9	6.730	13.67	5.78	1.57
	33.68	24.26	67.63	0.00	0.0618	10.76	473.2	393.26	0.0498	362.5	6.526	13.26	5.33	1.57
	34.68	24.24	67.65	0.00	0.0617	10.74	472.4	392.36	0.0516	372.6	6.706	13.62	5.73	1.57
	35.69	24.24	67.65	-0.00	0.0616	10.72	471.6	391.76	0.0525	383.5	6.902	14.01	6.14	1.57
	36.69	24.26	67.65	-0.00	0.0616	10.73	472.1	392.15	0.0517	370.1	6.662	13.53	5.63	1.57
	37.67	24.27	67.65	0.00	0.0616	10.72	471.7	391.84	0.0520	377.8	6.800	13.81	5.93	1.57
	38.69	24.26	67.65	-0.00	0.0615	10.71	471.1	391.36	0.0524	381.9	6.874	13.96	6.08	1.57
	39.67	24.28	67.65	0.00	0.0616	10.73	472.0	392.10	0.0521	373.6	6.724	13.65	5.77	1.57
	40.69	24.28	67.65	0.00	0.0615	10.66	469.3	389.82	0.0534	403.5	7.264	14.75	6.89	1.57
	41.68	24.29	67.65	0.00	0.0615	10.67	469.3	389.94	0.0523	393.7	7.087	14.39	6.53	1.57
	42.68	24.29	67.65	0.00	0.0615	10.69	470.2	390.62	0.0522	383.9	6.911	14.03	6.16	1.57
	43.68	24.31	67.65	0.00	0.0614	10.68	469.9	390.38	0.0538	394.6	7.103	14.43	6.56	1.57
	44.68	24.31	67.63	0.00	0.0614	10.67	469.3	390.07	0.0536	398.0	7.164	14.55	6.69	1.57
	45.69	24.31	67.65	0.00	0.0614	10.67	469.5	390.03	0.0537	397.2	7.149	14.52	6.66	1.57
	46.67	24.31	67.65	0.00	0.0614	10.65	468.7	389.39	0.0537	400.6	7.212	14.65	6.78	1.57
	47.69	24.29	67.63	0.00	0.0612	10.63	467.8	388.77	0.0554	411.7	7.411	15.06	7.18	1.57
	48.67	24.29	67.65	0.00	0.0612	10.62	467.2	388.12	0.0560	420.5	7.569	15.37	7.49	1.57
	49.70	24.31	67.65	-0.00	0.0612	10.63	467.9	388.75	0.0550	409.0	7.362	14.95	7.08	1.57
	50.68	24.29	67.65	-0.00	0.0611	10.60	466.5	387.57	0.0562	418.9	7.540	15.31	7.43	1.57
	51.70	24.31	67.62	-0.00	0.0610	10.59	465.9	387.26	0.0567	425.8	7.664	15.57	7.67	1.57
	52.68	24.31	67.65	0.00	0.0610	10.58	465.4	386.64	0.0573	431.6	7.769	15.78	7.87	1.57
	53.70	24.31	67.65	-0.00	0.0610	10.56	464.8	386.18	0.0573	439.7	7.914	16.07	8.14	1.57
	54.68	24.33	67.65	-0.00	0.0607	10.52	463.1	384.74	0.0594	456.1	8.210	16.68	8.69	1.57
	55.68	24.33	67.65	0.00	0.0607	10.52	462.7	384.43	0.0588	451.8	8.132	16.52	8.54	1.57
	56.67	24.33	67.65	0.00	0.0609	10.57	465.1	386.43	0.0574	431.4	7.766	15.77	7.87	1.57
	57.67	24.35	67.65	0.00	0.0608	10.56	464.8	386.22	0.0578	436.9	7.863	15.97	8.05	1.57
	58.70	24.33	67.65	-0.00	0.0609	10.54	463.8	385.37	0.0568	441.1	7.940	16.13	8.19	1.57
	59.69	24.34	67.65	-0.00	0.0609	10.59	466.0	387.18	0.0565	416.7	7.501	15.24	7.36	1.57
	60.68	24.33	67.65	0.00	0.0607	10.52	463.0	384.71	0.0587	441.6	7.949	16.15	8.21	1.57
	61.68	24.33	67.65	-0.00	0.0606	10.50	462.2	384.06	0.0595	455.7	8.203	16.66	8.67	1.57
	62.70	24.35	67.68	-0.00	0.0607	10.51	462.6	384.28	0.0583	449.1	8.083	16.41	8.46	1.57
	63.68	24.34	67.65	0.00	0.0606	10.49	461.4	383.37	0.0602	463.4	8.342	16.94	8.92	1.57
	64.66	24.37	67.65	0.00	0.0606	10.48	461.2	383.24	0.0604	468.6	8.436	17.14	9.09	1.57
	65.71	24.37	67.65	-0.00	0.0605	10.49	461.6	383.62	0.0601	464.9	8.369	17.00	8.97	1.57
	66.69	24.36	67.65	0.00	0.0605	10.49	461.7	383.62	0.0593	454.2	8.176	16.61	8.63	1.57
	67.70	24.37	67.65	-0.00	0.0607	10.49	461.5	383.55	0.0594	455.1	8.192	16.64	8.65	1.57
	68.69	24.36	67.65	-0.00	0.0605	10.47	460.5	382.67	0.0601	465.0	8.370	17.00	8.97	1.57
	69.67	24.36	67.62	0.00	0.0605	10.46	460.2	382.59	0.0604	471.8	8.493	17.26	9.19	1.57
	70.68	24.38	67.65	0.00	0.0605	10.51	462.2	384.12	0.0593	449.2	8.086	16.42	8.46	1.57
	71.68	24.35	67.65	-0.00	0.0603	10.46	460.4	382.54	0.0609	471.0	8.478	17.22	9.16	1.57
	72.68	24.36	67.65	0.00	0.0603	10.44	459.3	381.71	0.0614	478.9	8.621	17.51	9.41	1.57
	73.66	24.40	67.62	0.00	0.0603	10.47	460.6	382.96	0.0601	460.3	8.285	16.84	8.82	1.57
	74.68	24.34	67.63	0.00	0.0604	10.47	460.5	382.77	0.0597	463.6	8.346	16.96	8.93	1.57
	75.68	24.38	67.65	-0.00	0.0603	10.45	459.8	382.07	0.0610	469.9	8.457	17.18	9.13	1.57
	76.70	24.38	67.63	-0.00	0.0603	10.41	458.0	380.76	0.0621	485.3	8.736	17.75	9.61	1.57
	77.69	24.40	67.68	0.00	0.0602	10.41	458.2	380.69	0.0622	484.7	8.724	17.72	9.59	1.57
	78.69	24.42	67.65	0.00	0.0602	10.41	458.0	380.67	0.0621	486.7	8.761	17.80	9.65	1.57
	79.76	24.46	67.63	-0.00	0.0601	10.40	457.6	380.49	0.0631	492.8	8.870	18.03	9.84	1.57
	80.68	24.40	67.65	0.00	0.0602	10.39	457.1	379.89	0.0628	495.6	8.921	18.12	9.92	1.57
	81.70	24.41	67.65	-0.00	0.0601	10.37	456.3	379.19	0.0632	506.0	9.107	18.50	10.23	1.57
	82.70	24.42	67.65	-0.00	0.0600	10.36	455.8	378.81	0.0640	508.1	9.147	18.58	10.30	1.57
	83.69	24.41	67.65	-0.00	0.0599	10.35	455.6	378.63	0.0644	511.6	9.208	18.71	10.40	1.57
	84.75	24.42	67.65	0.00	0.0598	10.34	454.9	378.06	0.0647	516.3	9.294	18.88	10.53	1.57
	85.69	24.43	67.65	-0.00	0.0598	10.33	454.5	377.75	0.0648	517.5	9.315	18.93	10.57	1.57
	86.77	24.43	67.65	-0.00	0.0597	10.31	453.8	377.20	0.0651	521.1	9.379	19.06	10.67	1.57
	87.67	24.45	67.65	0.00	0.0598	10.32	454.0	377.38	0.0651	521.8	9.392	19.08	10.70	1.57
	88.69	24.45	67.68	-0.00	0.0597	10.28	452.4	375.90	0.0650	519.7	9.355	19.00	10.64	1.57
	89.75	24.45	67.68	0.00	0.0598	10.31	453.8	377.04	0.0650	520.9	9.375	19.04	10.67	1.57
	90.68	24.45	67.65	-0.00	0.0598	10.32	454.2	377.57	0.0640	514.1	9.254	18.80	10.47	1.57
	91.68	24.47	67.65	0.00	0.0597	10.31	453.6	377.05	0.0654	524.3	9.437	19.18	10.77	1.57
	92.70	24.47	67.65	-0.00	0.0597	10.31	453.8	377.25	0.0654	524.0	9.432	19.17	10.76	1.57
	93.69	24.47	67.65	0.00	0.0596	10.30	453.2	376.76	0.0655	526.4	9.474	19.25	10.83	1.57
	94.68	24.47	67.65	0.00	0.0597	10.31	453.5	377.00	0.0654	524.7	9.445	19.19	10.78	1.57
	95.69	24.47	67.62	0.00	0.0597	10.30	453.2	376.92	0.0658	526.9	9.484	19.28	10.84	1.57
	96.67	24.49	67.65	0.00	0.0598	10.29	452.9	376.54	0.0655	528.7	9.517	19.34	10.90	1.57
	97.67	24.51	67.65	0.00	0.0596	10.27	451.8	375.57	0.0660	531.8	9.572	19.45	10.98	1.57
	98.75	24.50	67.65	0.00	0.0595	10.25	451.0	374.96	0.0665	537.7	9.679	19.67	11.15	1.57
	99.67	24.51	67.65	0.00	0.0595	10.25	451.1	375.06	0.0664	535.9	9.645	19.60	11.10	1.57
	100.70	24.50	67.65	0.00	0.0595	10.23	450.2	374.31	0.0669	541.8	9.753	19.82	11.26	1.57
	101.68	24.51	67.65	0.00	0.0596	10.25	451.2	375.14	0.0665	538.0	9.684	19.68	11.16	1.57
	102.68	24.52	67.65	-0.00	0.0595	10.27	451.8	375.67	0.0669	542.5	9.766	19.85	11.29	1.57
	103.68	24.48	67.65	0.00	0.0595	10.25	451.1	374.99	0.0664	537.0	9.666	19.64	11.13	1.57
	104.68	24.53	67.65	0.00	0.0595	10.26	451.4	375.34	0.0666	541.6	9.749	19.81	11.26	1.57
	105.67	24.51	67.65	0.00	0.0595	10.24	450.5	374.58	0.0667	540.3	9.726	19.77	11.22	1.57
	106.67	24.48	67.65	0.00	0.0595	10.25	451.0	374.89	0.0664	535.7	9.643	19.60	11.09	1.57
	107.69	24.52	67.65	0.00	0.0593	10.24	450.6	374.63	0.0670	539.2	9.705	19.72	11.19	1.57
	108.67	24.52	67.65	0.00	0.0594	10.23	450.3	374.42	0.0670	542.5	9.765	19.85	11.28	1.57
	109.68	24.52	67.63	0.00	0.0594	10.23	450.1	374.33	0.0675	548.3	9.869	20.06	11.44	1.57
	110.75	24.54	67.60	0.00	0.0593	10.20	448.9	373.55	0.0681	556.4	10.015	20.37	11.67	1.57
	111.70	24.52	67.65	0.00	0.0592	10.18	448.0	372.50	0.0686	560.2	10.084	20.50	11.77	1.57
	112.68	24.52	67.65	0.00	0.0591	10.18	448.0	372.48	0.0692	568.8	10.239	20.81	12.00	1.57
	113.68	24.54	67.68	0.00	0.0590	10.16	447.1	371.64	0.0699	574.8	10.347	21.02	12.16	1.57
	114.69	24.54	67.65	-0.00	0.0591	10.15	446.5	371.30	0.0697	577.8	10.401	21.14	12.24	1.57
	115.67	24.52	67.65	0.00	0.0591	10.16	447.0	371.62	0.0696	572.6	10.308	20.95	12.10	1.57
	116.69	24.56	67.65	-0.00	0.0591	10.15	446.6	371.39	0.0705	585.5	10.539	21.42	12.44	1.57
	117.69	24.54	67.65	-0.00	0.0589	10.13	445.7	370.57	0.0710	589.7	10.615	21.57	12.55	1.57
	118.76	24.56	67.63	-0.00	0.0590	10.15	446.6	371.50	0.0705	587.8	10.581	21.51	12.50	1.57
	119.68	24.59	67.65	-0.00	0.0591	10.16	446.9	371.69	0.0707	589.8	10.616	21.58	12.56	1.57
	120.68	24.61	67.65	0.00	0.0591	10.15	446.6	371.40	0.0706	587.7	10.578	21.51	12.50	1.57
