Jul 28 2015 at 11:48:07
Frequency: 1.00Hz.
CO2
Zero:  Value:0.95  Date:18 Mar 2005	 at 07:22:33	
Span:  Value:1.00  Date:18 Mar 2005	 at 07:25:09	
H2O
Zero:  Value:0.71  Date:18 Mar 2005	 at 07:52:31	
Span:  Value:0.99  Date:18 Mar 2005	 at 11:44:01	
	Relative Time	Temperature	Pressure	Aux Input	CO2 Absorptance	CO2 mmol/m3	CO2 mg/m3	CO2 umol/mol	H2O Absorptance	H2O mmol/m3	H2O g/m3	H2O mmol/mol	H2O(°C)	Cooler Voltage
	0.39	28.95	67.64	0.00	0.0617	10.73	471.9	398.23	0.0516	373.2	6.718	13.86	5.98	1.61
	1.39	28.99	67.67	0.00	0.0612	10.68	469.7	396.27	0.0515	373.9	6.730	13.88	6.01	1.61
	2.39	28.99	67.68	-0.00	0.0613	10.66	468.8	395.49	0.0514	373.4	6.722	13.86	5.99	1.61
	3.40	28.97	67.67	-0.00	0.0613	10.63	467.6	394.49	0.0517	375.7	6.763	13.94	6.07	1.61
	4.37	28.99	67.67	0.00	0.0617	10.76	473.4	399.39	0.0526	385.7	6.942	14.32	6.46	1.61
	5.38	28.99	67.65	0.00	0.0618	10.76	473.3	399.46	0.0526	384.4	6.920	14.27	6.41	1.61
	6.38	28.95	67.65	-0.00	0.0617	10.72	471.8	398.11	0.0528	383.7	6.907	14.25	6.38	1.61
	7.39	28.97	67.67	0.00	0.0616	10.71	471.3	397.62	0.0527	384.3	6.917	14.26	6.40	1.61
	8.39	28.95	67.68	-0.00	0.0620	10.77	473.8	399.62	0.0536	390.5	7.029	14.49	6.63	1.61
	9.41	28.90	67.65	0.00	0.0620	10.78	474.5	400.30	0.0537	396.9	7.145	14.74	6.87	1.61
	10.39	28.91	67.68	0.00	0.0618	10.78	474.3	399.97	0.0535	393.9	7.090	14.62	6.76	1.61
	11.39	28.93	67.67	0.00	0.0617	10.75	473.1	399.05	0.0533	390.4	7.028	14.49	6.63	1.61
	12.39	28.89	67.68	0.00	0.0617	10.80	475.0	400.58	0.0535	395.6	7.121	14.68	6.82	1.61
	13.37	28.88	67.68	0.00	0.0618	10.78	474.3	399.96	0.0538	396.3	7.134	14.70	6.85	1.61
	14.38	28.91	67.65	0.00	0.0619	10.78	474.1	400.01	0.0537	394.8	7.106	14.66	6.79	1.61
	15.46	28.89	67.68	0.00	0.0619	10.78	474.4	400.04	0.0527	395.4	7.118	14.67	6.81	1.61
	16.38	28.91	67.65	0.00	0.0619	10.76	473.5	399.49	0.0532	388.0	6.984	14.40	6.54	1.61
	17.38	28.90	67.67	0.00	0.0619	10.76	473.5	399.34	0.0531	392.5	7.066	14.57	6.71	1.61
	18.39	28.91	67.67	-0.00	0.0618	10.74	472.7	398.65	0.0538	390.0	7.019	14.47	6.61	1.61
	19.38	28.91	67.67	0.00	0.0618	10.74	472.7	398.70	0.0540	399.9	7.198	14.84	6.98	1.61
	20.39	28.91	67.65	-0.00	0.0617	10.74	472.4	398.58	0.0534	396.3	7.133	14.71	6.85	1.61
	21.37	28.91	67.65	0.00	0.0616	10.70	470.8	397.20	0.0539	396.4	7.135	14.71	6.85	1.61
	22.39	28.91	67.68	-0.00	0.0617	10.73	472.0	398.05	0.0540	398.1	7.166	14.77	6.91	1.61
	23.38	28.90	67.65	0.00	0.0614	10.72	471.7	397.99	0.0536	400.2	7.203	14.86	6.99	1.61
	24.40	28.89	67.65	0.00	0.0614	10.70	470.9	397.23	0.0531	387.2	6.969	14.37	6.51	1.61
	25.38	28.89	67.65	0.00	0.0614	10.71	471.3	397.56	0.0539	395.5	7.118	14.68	6.82	1.61
	26.39	28.89	67.65	0.00	0.0614	10.70	470.7	397.11	0.0534	392.6	7.066	14.57	6.71	1.61
	27.38	28.90	67.67	0.00	0.0614	10.72	471.6	397.76	0.0535	394.6	7.102	14.64	6.78	1.61
	28.39	28.91	67.65	0.00	0.0614	10.69	470.4	396.88	0.0533	392.6	7.067	14.58	6.71	1.61
	29.39	28.87	67.65	0.00	0.0612	10.66	469.2	395.82	0.0530	388.5	6.993	14.42	6.56	1.61
	30.39	28.88	67.65	0.00	0.0614	10.69	470.3	396.77	0.0532	391.4	7.045	14.53	6.66	1.61
	31.45	28.91	67.68	0.00	0.0613	10.70	470.6	396.91	0.0535	396.0	7.128	14.70	6.84	1.61
	32.37	28.91	67.63	0.00	0.0613	10.66	469.2	395.97	0.0534	394.2	7.096	14.64	6.77	1.61
	33.38	28.89	67.65	-0.00	0.0614	10.70	470.6	397.06	0.0542	399.9	7.197	14.84	6.98	1.61
	34.38	28.89	67.63	-0.00	0.0612	10.67	469.3	396.02	0.0539	397.8	7.161	14.77	6.90	1.61
	35.38	28.88	67.65	0.00	0.0612	10.64	468.0	394.84	0.0536	393.7	7.086	14.61	6.75	1.61
	36.38	28.95	67.65	-0.00	0.0614	10.67	469.6	396.23	0.0538	398.7	7.177	14.80	6.94	1.61
	37.41	28.90	67.65	-0.00	0.0614	10.66	469.0	395.71	0.0539	396.9	7.144	14.73	6.87	1.61
	38.38	28.90	67.65	0.00	0.0614	10.66	468.9	395.63	0.0547	405.8	7.304	15.06	7.19	1.61
	39.41	28.90	67.67	-0.00	0.0611	10.62	467.4	394.16	0.0544	401.1	7.220	14.88	7.02	1.61
	40.39	28.88	67.65	0.00	0.0612	10.64	468.0	394.79	0.0546	404.9	7.289	15.03	7.16	1.61
	41.37	28.93	67.68	0.00	0.0612	10.64	468.3	394.95	0.0543	402.6	7.246	14.94	7.08	1.61
	42.38	28.89	67.65	0.00	0.0611	10.64	468.3	395.06	0.0544	405.3	7.295	15.04	7.17	1.61
	43.37	28.88	67.65	0.00	0.0610	10.63	467.8	394.63	0.0550	408.8	7.358	15.17	7.30	1.61
	44.38	28.93	67.65	0.00	0.0610	10.61	467.0	394.00	0.0546	407.1	7.328	15.11	7.24	1.61
	45.37	28.91	67.65	0.00	0.0611	10.64	468.2	395.04	0.0547	406.4	7.315	15.09	7.21	1.61
	46.40	28.89	67.65	-0.00	0.0610	10.61	466.9	393.87	0.0546	404.9	7.287	15.03	7.16	1.61
	47.39	28.89	67.65	0.00	0.0609	10.61	466.8	393.84	0.0547	407.2	7.329	15.11	7.24	1.61
	48.41	28.87	67.65	-0.00	0.0612	10.63	467.8	394.64	0.0546	408.1	7.347	15.15	7.27	1.61
	49.47	28.87	67.65	-0.00	0.0612	10.62	467.3	394.19	0.0556	414.4	7.459	15.38	7.50	1.61
	50.40	28.87	67.68	-0.00	0.0613	10.63	467.9	394.56	0.0548	407.0	7.325	15.10	7.23	1.61
	51.40	28.90	67.65	-0.00	0.0612	10.61	466.7	393.77	0.0546	406.6	7.318	15.09	7.22	1.61
	52.37	28.87	67.65	0.00	0.0612	10.61	467.0	393.95	0.0553	410.5	7.389	15.24	7.36	1.61
	53.38	28.89	67.65	0.00	0.0610	10.60	466.4	393.46	0.0556	415.7	7.483	15.43	7.55	1.61
	54.38	28.89	67.65	-0.00	0.0611	10.60	466.4	393.45	0.0556	414.2	7.456	15.38	7.49	1.61
	55.38	28.89	67.65	0.00	0.0608	10.58	465.4	392.62	0.0555	412.6	7.427	15.32	7.43	1.61
	56.38	28.89	67.65	0.00	0.0609	10.60	466.4	393.46	0.0557	417.3	7.511	15.49	7.60	1.61
	57.38	28.89	67.62	0.00	0.0608	10.55	464.2	391.79	0.0553	414.1	7.455	15.38	7.49	1.61
	58.38	28.89	67.68	0.00	0.0611	10.58	465.6	392.61	0.0556	417.6	7.516	15.49	7.61	1.61
	59.39	28.90	67.63	-0.00	0.0608	10.54	463.9	391.53	0.0557	415.6	7.481	15.43	7.54	1.61
	60.37	28.91	67.63	0.00	0.0608	10.56	464.7	392.23	0.0560	418.2	7.527	15.53	7.63	1.61
	61.39	28.91	67.67	-0.00	0.0608	10.56	464.7	391.93	0.0562	422.8	7.610	15.69	7.79	1.61
	62.38	28.91	67.65	0.00	0.0610	10.55	464.2	391.64	0.0565	424.7	7.645	15.77	7.86	1.61
	63.40	28.93	67.60	0.00	0.0609	10.55	464.3	392.07	0.0567	425.6	7.661	15.81	7.89	1.61
	64.38	28.93	67.70	0.00	0.0609	10.56	464.7	391.82	0.0564	422.3	7.601	15.67	7.78	1.61
	65.39	28.91	67.65	0.00	0.0609	10.58	465.6	392.81	0.0567	427.1	7.688	15.85	7.94	1.61
	66.38	28.89	67.65	0.00	0.0609	10.58	465.4	392.61	0.0564	427.1	7.688	15.85	7.94	1.61
	67.38	28.93	67.65	0.00	0.0608	10.54	463.9	391.38	0.0558	417.4	7.513	15.49	7.60	1.61
	68.38	28.91	67.65	0.00	0.0609	10.56	464.6	391.97	0.0558	418.9	7.540	15.55	7.66	1.61
	69.41	28.93	67.65	0.00	0.0611	10.58	465.7	392.93	0.0564	424.7	7.645	15.77	7.86	1.61
	70.39	28.88	67.65	-0.00	0.0610	10.55	464.3	391.66	0.0564	421.8	7.593	15.66	7.76	1.61
	71.37	28.88	67.65	0.00	0.0610	10.56	464.6	391.89	0.0565	426.2	7.672	15.82	7.91	1.61
	72.38	28.91	67.65	0.00	0.0607	10.55	464.4	391.78	0.0575	438.0	7.885	16.26	8.31	1.61
	73.38	28.91	67.65	-0.00	0.0607	10.54	463.8	391.34	0.0575	434.1	7.814	16.12	8.18	1.61
	74.38	28.91	67.67	0.00	0.0607	10.54	463.9	391.27	0.0571	434.2	7.815	16.11	8.18	1.61
	75.36	28.90	67.65	0.00	0.0608	10.53	463.1	390.71	0.0574	435.5	7.839	16.17	8.23	1.61
	76.38	28.89	67.67	0.00	0.0608	10.53	463.2	390.67	0.0577	436.8	7.862	16.21	8.27	1.61
	77.38	28.89	67.68	-0.00	0.0606	10.52	462.7	390.18	0.0577	437.6	7.877	16.24	8.30	1.61
	78.41	28.89	67.65	-0.00	0.0607	10.51	462.5	390.19	0.0573	435.2	7.833	16.15	8.22	1.61
	79.39	28.89	67.67	-0.00	0.0607	10.54	463.8	391.16	0.0580	442.2	7.959	16.41	8.45	1.61
	80.39	28.88	67.67	0.00	0.0607	10.53	463.5	390.88	0.0584	444.9	8.009	16.51	8.54	1.61
	81.39	28.91	67.67	0.00	0.0609	10.53	463.3	390.72	0.0581	444.0	7.992	16.48	8.51	1.61
	82.38	28.89	67.68	0.00	0.0605	10.50	461.9	389.50	0.0579	440.6	7.931	16.35	8.40	1.61
	83.38	28.91	67.67	0.00	0.0605	10.50	461.8	389.53	0.0578	439.8	7.917	16.32	8.37	1.61
	84.40	28.89	67.72	-0.00	0.0608	10.53	463.3	390.44	0.0583	445.4	8.018	16.52	8.56	1.61
	85.38	28.89	67.65	0.00	0.0606	10.52	463.0	390.63	0.0586	446.2	8.031	16.56	8.58	1.61
	86.46	28.88	67.68	0.00	0.0606	10.52	462.9	390.37	0.0587	448.0	8.063	16.62	8.64	1.61
	87.38	28.88	67.68	0.00	0.0607	10.52	462.8	390.23	0.0583	446.7	8.040	16.57	8.60	1.62
	88.37	28.89	67.68	0.00	0.0605	10.50	462.0	389.61	0.0584	446.1	8.030	16.55	8.58	1.61
	89.37	28.87	67.65	0.00	0.0607	10.51	462.3	389.99	0.0587	445.4	8.017	16.53	8.56	1.61
	90.39	28.90	67.65	-0.00	0.0604	10.50	461.9	389.66	0.0586	449.3	8.087	16.68	8.69	1.61
	91.37	28.87	67.65	0.00	0.0607	10.49	461.6	389.41	0.0589	450.4	8.108	16.72	8.72	1.61
	92.38	28.87	67.68	0.00	0.0604	10.48	461.0	388.77	0.0582	445.3	8.016	16.52	8.56	1.61
	93.40	28.89	67.65	0.00	0.0604	10.48	461.1	388.97	0.0587	447.3	8.052	16.61	8.62	1.61
	94.40	28.89	67.65	-0.00	0.0606	10.51	462.2	389.96	0.0590	451.0	8.118	16.74	8.74	1.62
	95.39	28.89	67.67	0.00	0.0605	10.45	459.8	387.78	0.0581	441.3	7.943	16.37	8.42	1.61
	96.38	28.89	67.67	0.00	0.0605	10.49	461.5	389.17	0.0586	449.0	8.083	16.66	8.68	1.61
	97.39	28.89	67.67	0.00	0.0603	10.47	460.5	388.39	0.0587	447.8	8.061	16.62	8.64	1.61
	98.39	28.91	67.65	-0.00	0.0603	10.46	460.4	388.45	0.0598	455.2	8.194	16.90	8.88	1.61
	99.39	28.93	67.65	0.00	0.0607	10.48	461.0	389.01	0.0594	459.3	8.267	17.05	9.01	1.61
	100.45	28.91	67.65	0.00	0.0606	10.46	460.1	388.18	0.0594	457.0	8.225	16.96	8.94	1.61
	101.37	28.93	67.68	0.00	0.0604	10.48	461.1	388.87	0.0594	458.8	8.258	17.02	9.00	1.61
	102.38	28.93	67.65	-0.00	0.0604	10.45	459.8	387.98	0.0594	460.2	8.284	17.09	9.04	1.61
	103.37	28.92	67.65	0.00	0.0605	10.44	459.2	387.38	0.0594	453.2	8.157	16.82	8.82	1.61
	104.40	28.93	67.68	-0.00	0.0604	10.46	460.4	388.31	0.0596	456.9	8.224	16.96	8.94	1.61
	105.38	28.95	67.65	0.00	0.0603	10.45	459.9	388.06	0.0595	457.7	8.239	16.99	8.97	1.61
	106.38	28.91	67.65	0.00	0.0603	10.46	460.4	388.44	0.0596	458.0	8.244	17.00	8.97	1.61
	107.39	28.91	67.65	-0.00	0.0604	10.48	461.1	388.98	0.0599	457.8	8.240	16.99	8.96	1.61
	108.39	28.98	67.65	-0.00	0.0605	10.44	459.2	387.54	0.0599	459.8	8.276	17.07	9.03	1.61
	109.39	28.91	67.65	-0.00	0.0605	10.45	459.9	388.05	0.0603	463.5	8.344	17.21	9.15	1.61
	110.37	28.93	67.70	0.00	0.0604	10.46	460.4	388.18	0.0597	460.3	8.285	17.08	9.05	1.61
	111.39	28.93	67.65	0.00	0.0602	10.45	459.8	387.99	0.0601	465.3	8.375	17.27	9.21	1.61
	112.40	28.90	67.65	-0.00	0.0603	10.46	460.2	388.20	0.0595	459.7	8.275	17.07	9.03	1.61
	113.38	28.91	67.65	0.00	0.0605	10.45	459.6	387.77	0.0600	463.0	8.334	17.19	9.13	1.61
	114.46	28.92	67.66	0.00	0.0605	10.45	459.6	387.73	0.0600	463.9	8.350	17.22	9.16	1.61
	115.38	28.92	67.68	0.00	0.0603	10.45	459.6	387.65	0.0604	466.3	8.393	17.30	9.24	1.61
	116.38	28.92	67.67	-0.00	0.0602	10.43	459.0	387.17	0.0598	461.7	8.311	17.14	9.09	1.61
	117.38	28.93	67.68	0.00	0.0601	10.41	458.3	386.50	0.0598	459.8	8.276	17.06	9.03	1.61
	118.37	28.88	67.68	0.00	0.0603	10.43	458.7	386.82	0.0599	463.2	8.338	17.19	9.14	1.61
	119.39	28.93	67.68	0.00	0.0603	10.43	458.9	387.05	0.0601	464.6	8.363	17.24	9.18	1.61
	120.39	28.93	67.65	0.00	0.0603	10.41	457.9	386.36	0.0599	461.9	8.314	17.15	9.10	1.61
