Jul 28 2015 at 16:18:52
Frequency: 1.00Hz.
CO2
Zero:  Value:0.95  Date:18 Mar 2005	 at 07:22:33	
Span:  Value:1.00  Date:18 Mar 2005	 at 07:25:09	
H2O
Zero:  Value:0.71  Date:18 Mar 2005	 at 07:52:31	
Span:  Value:0.99  Date:18 Mar 2005	 at 11:44:01	
	Relative Time	Temperature	Pressure	Aux Input	CO2 Absorptance	CO2 mmol/m3	CO2 mg/m3	CO2 umol/mol	H2O Absorptance	H2O mmol/m3	H2O g/m3	H2O mmol/mol	H2O(°C)	Cooler Voltage
	0.95	32.99	66.89	0.00	0.0617	10.76	473.2	409.24	0.0387	254.5	4.582	9.68	0.75	1.60
	1.97	32.99	66.89	0.00	0.0618	10.81	475.6	411.30	0.0383	252.1	4.538	9.59	0.62	1.59
	2.98	33.02	66.89	-0.00	0.0618	10.81	475.5	411.28	0.0385	253.0	4.554	9.63	0.67	1.60
	3.98	32.98	66.87	0.00	0.0616	10.79	474.7	410.65	0.0384	254.4	4.579	9.68	0.74	1.60
	5.04	32.94	66.84	0.00	0.0616	10.77	473.8	409.97	0.0387	254.7	4.585	9.70	0.76	1.59
	5.96	32.89	66.87	0.00	0.0617	10.78	474.2	410.09	0.0391	258.5	4.653	9.84	0.96	1.60
	6.97	32.85	66.87	-0.00	0.0615	10.77	473.9	409.79	0.0393	261.3	4.704	9.94	1.11	1.59
	7.97	32.85	66.87	-0.00	0.0615	10.75	472.9	408.88	0.0396	262.0	4.717	9.97	1.15	1.59
	8.97	32.85	66.87	-0.00	0.0616	10.77	473.8	409.70	0.0398	261.7	4.710	9.96	1.13	1.60
	9.97	32.88	66.89	-0.00	0.0616	10.75	473.2	409.04	0.0398	265.1	4.772	10.08	1.31	1.60
	10.98	32.83	66.90	-0.00	0.0615	10.74	472.6	408.44	0.0398	265.9	4.787	10.11	1.35	1.59
	11.95	32.84	66.87	0.00	0.0614	10.72	471.7	407.85	0.0407	271.9	4.894	10.34	1.66	1.59
	12.95	32.85	66.87	0.00	0.0613	10.67	469.3	405.79	0.0402	265.8	4.784	10.11	1.34	1.59
	13.98	32.90	66.89	-0.00	0.0614	10.71	471.2	407.39	0.0407	271.8	4.893	10.34	1.66	1.59
	14.96	32.83	66.84	0.00	0.0612	10.68	469.8	406.40	0.0402	268.2	4.828	10.21	1.47	1.59
	15.94	32.83	66.84	0.00	0.0610	10.64	468.2	405.00	0.0397	264.2	4.756	10.05	1.26	1.59
	16.99	32.86	66.89	0.00	0.0610	10.62	467.5	404.10	0.0394	262.3	4.721	9.98	1.16	1.59
	17.97	32.88	66.89	0.00	0.0611	10.68	470.0	406.32	0.0393	260.5	4.689	9.91	1.07	1.59
	18.95	32.85	66.87	0.00	0.0612	10.68	470.1	406.50	0.0406	269.4	4.849	10.25	1.53	1.59
	19.98	32.86	66.89	0.00	0.0612	10.67	469.6	405.88	0.0412	277.1	4.987	10.54	1.92	1.59
	20.98	32.81	66.84	-0.00	0.0611	10.66	469.1	405.69	0.0417	281.2	5.062	10.70	2.13	1.59
	21.96	32.81	66.85	-0.00	0.0612	10.68	470.1	406.57	0.0412	277.1	4.988	10.54	1.92	1.59
	22.98	32.81	66.84	-0.00	0.0612	10.66	469.1	405.69	0.0417	282.4	5.083	10.75	2.19	1.59
	23.96	32.81	66.89	0.00	0.0611	10.66	469.2	405.52	0.0423	286.1	5.150	10.88	2.37	1.59
	25.04	32.84	66.87	-0.00	0.0610	10.63	467.8	404.50	0.0434	295.2	5.314	11.23	2.81	1.59
	25.98	32.79	66.86	-0.00	0.0610	10.63	467.6	404.23	0.0428	290.9	5.236	11.06	2.60	1.59
	26.96	32.85	66.89	0.00	0.0610	10.62	467.2	403.87	0.0419	285.1	5.132	10.84	2.32	1.59
	27.96	32.87	66.86	0.00	0.0609	10.61	467.0	403.83	0.0427	289.2	5.205	11.00	2.52	1.59
	28.95	32.84	66.86	0.00	0.0609	10.60	466.3	403.17	0.0436	297.8	5.360	11.33	2.94	1.59
	29.95	32.81	66.89	0.00	0.0609	10.62	467.1	403.73	0.0439	301.9	5.434	11.48	3.13	1.59
	30.97	32.82	66.87	-0.00	0.0609	10.62	467.1	403.85	0.0445	307.4	5.533	11.69	3.38	1.59
	31.96	32.81	66.87	0.00	0.0610	10.62	467.1	403.88	0.0448	308.5	5.554	11.74	3.44	1.59
	32.98	32.79	66.84	0.00	0.0608	10.57	465.3	402.39	0.0449	310.5	5.589	11.82	3.53	1.59
	33.98	32.81	66.87	-0.00	0.0609	10.59	465.9	402.83	0.0457	317.6	5.717	12.08	3.85	1.59
	34.98	32.79	66.87	-0.00	0.0608	10.59	465.9	402.78	0.0468	329.3	5.928	12.53	4.36	1.59
	35.97	32.79	66.89	-0.00	0.0607	10.59	465.8	402.51	0.0467	340.2	6.123	12.94	4.83	1.59
	36.97	32.82	66.86	-0.00	0.0607	10.54	464.0	401.17	0.0473	334.4	6.019	12.72	4.58	1.59
	37.95	32.77	66.89	0.00	0.0607	10.58	465.3	402.11	0.0480	339.2	6.105	12.90	4.78	1.59
	38.97	32.78	66.89	0.00	0.0608	10.57	465.1	401.94	0.0488	345.1	6.211	13.12	5.03	1.59
	39.97	32.77	66.87	-0.00	0.0607	10.55	464.4	401.39	0.0484	343.9	6.191	13.08	4.98	1.59
	40.95	32.80	66.89	0.00	0.0608	10.58	465.7	402.49	0.0483	344.9	6.208	13.12	5.02	1.59
	41.98	32.82	66.87	-0.00	0.0608	10.58	465.7	402.63	0.0478	340.2	6.123	12.94	4.83	1.59
	42.96	32.85	66.91	0.00	0.0609	10.59	466.0	402.65	0.0474	334.7	6.025	12.73	4.60	1.59
	43.95	32.79	66.84	0.00	0.0609	10.60	466.4	403.35	0.0478	336.8	6.063	12.82	4.68	1.59
	44.94	32.79	66.90	0.00	0.0610	10.60	466.5	403.11	0.0477	337.3	6.071	12.82	4.70	1.59
	45.97	32.78	66.91	0.00	0.0608	10.60	466.2	402.74	0.0467	332.0	5.976	12.62	4.48	1.59
	46.96	32.79	66.87	0.00	0.0608	10.59	466.0	402.87	0.0465	329.0	5.922	12.52	4.35	1.59
	47.95	32.79	66.85	0.00	0.0609	10.61	467.0	403.91	0.0472	331.4	5.965	12.61	4.45	1.59
	48.98	32.77	66.86	-0.00	0.0607	10.58	465.7	402.58	0.0469	330.7	5.953	12.58	4.42	1.59
	49.97	32.82	66.87	0.00	0.0608	10.58	465.4	402.41	0.0467	325.7	5.863	12.39	4.21	1.59
	50.97	32.82	66.87	-0.00	0.0608	10.58	465.5	402.45	0.0474	334.9	6.028	12.74	4.60	1.59
	51.96	32.82	66.92	0.00	0.0607	10.57	465.2	401.93	0.0473	333.8	6.008	12.69	4.55	1.59
	52.96	32.82	66.87	0.00	0.0607	10.56	464.8	401.88	0.0472	333.0	5.993	12.67	4.52	1.59
	53.96	32.82	66.89	0.00	0.0607	10.56	464.6	401.51	0.0470	332.1	5.979	12.63	4.49	1.59
	54.96	32.82	66.87	0.00	0.0608	10.58	465.6	402.52	0.0470	330.9	5.956	12.59	4.43	1.59
	55.96	32.83	66.90	0.00	0.0607	10.56	464.6	401.54	0.0465	326.8	5.882	12.43	4.25	1.59
	56.97	32.81	66.87	-0.00	0.0608	10.58	465.5	402.48	0.0461	322.0	5.796	12.25	4.04	1.59
	57.97	32.77	66.88	-0.00	0.0608	10.58	465.5	402.35	0.0459	320.9	5.776	12.20	3.99	1.59
	58.97	32.79	66.89	-0.00	0.0607	10.57	465.0	401.85	0.0455	317.4	5.714	12.07	3.84	1.59
	60.05	32.84	66.87	-0.00	0.0608	10.57	464.9	401.99	0.0457	318.6	5.735	12.12	3.89	1.59
	60.97	32.79	66.87	-0.00	0.0607	10.57	465.0	402.01	0.0455	317.6	5.717	12.08	3.85	1.59
	61.96	32.81	66.87	-0.00	0.0608	10.58	465.4	402.32	0.0451	312.9	5.633	11.90	3.64	1.59
	62.98	32.86	66.87	-0.00	0.0608	10.57	465.2	402.27	0.0450	311.5	5.606	11.85	3.57	1.59
	63.96	32.80	66.87	0.00	0.0608	10.57	465.1	402.09	0.0457	317.2	5.709	12.07	3.83	1.59
	64.96	32.78	66.89	-0.00	0.0608	10.58	465.3	402.12	0.0464	326.5	5.876	12.41	4.24	1.59
	65.97	32.81	66.87	-0.00	0.0607	10.56	464.8	401.84	0.0468	328.0	5.903	12.48	4.30	1.59
	66.97	32.78	66.84	0.00	0.0608	10.56	464.7	401.88	0.0468	329.6	5.932	12.54	4.37	1.59
	67.97	32.84	66.89	-0.00	0.0608	10.56	464.6	401.55	0.0470	331.0	5.957	12.59	4.44	1.59
	68.98	32.84	66.89	-0.00	0.0606	10.55	464.3	401.34	0.0471	332.1	5.977	12.63	4.48	1.59
	69.98	32.78	66.87	0.00	0.0606	10.53	463.4	400.62	0.0470	331.3	5.964	12.60	4.45	1.59
	70.97	32.81	66.87	-0.00	0.0607	10.56	464.5	401.61	0.0470	330.2	5.944	12.56	4.40	1.59
	71.98	32.79	66.87	-0.00	0.0608	10.58	465.5	402.45	0.0471	330.4	5.947	12.57	4.41	1.59
	72.98	32.85	66.92	-0.00	0.0608	10.56	464.7	401.50	0.0480	342.0	6.155	13.00	4.90	1.59
	73.96	32.81	66.89	0.00	0.0606	10.55	464.1	401.10	0.0483	343.3	6.179	13.05	4.96	1.59
	74.97	32.79	66.84	-0.00	0.0606	10.53	463.5	400.84	0.0489	347.8	6.261	13.24	5.14	1.59
	75.96	32.79	66.87	0.00	0.0605	10.52	462.8	400.07	0.0500	358.4	6.451	13.63	5.57	1.59
	76.97	32.84	66.87	-0.00	0.0605	10.51	462.5	399.92	0.0492	349.3	6.287	13.29	5.21	1.59
	77.97	32.79	66.87	-0.00	0.0605	10.53	463.3	400.54	0.0503	362.8	6.531	13.80	5.75	1.59
	78.95	32.76	66.87	0.00	0.0606	10.53	463.5	400.63	0.0508	368.5	6.633	14.02	5.98	1.59
	79.97	32.79	66.89	-0.00	0.0604	10.50	462.0	399.27	0.0476	343.4	6.182	13.06	4.96	1.59
	80.97	32.79	66.84	0.00	0.0605	10.49	461.6	399.23	0.0495	349.9	6.298	13.31	5.23	1.59
	81.96	32.79	66.89	-0.00	0.0606	10.54	463.5	400.61	0.0482	338.8	6.099	12.88	4.77	1.59
	82.95	32.81	66.87	0.00	0.0606	10.55	464.0	401.17	0.0485	341.0	6.138	12.97	4.86	1.59
	83.96	32.81	66.89	0.00	0.0606	10.54	463.7	400.79	0.0493	349.8	6.297	13.30	5.23	1.59
	84.97	32.79	66.89	0.00	0.0605	10.51	462.7	399.84	0.0487	347.3	6.251	13.21	5.12	1.59
	85.97	32.84	66.87	-0.00	0.0604	10.51	462.4	399.85	0.0497	357.3	6.431	13.59	5.53	1.59
	86.99	32.79	66.89	-0.00	0.0605	10.51	462.4	399.61	0.0497	356.5	6.416	13.55	5.50	1.59
	88.05	32.83	66.87	-0.00	0.0604	10.50	461.9	399.33	0.0509	368.5	6.633	14.02	5.98	1.59
	88.97	32.84	66.87	-0.00	0.0606	10.52	462.9	400.27	0.0504	363.3	6.540	13.82	5.77	1.59
	89.98	32.79	66.89	-0.00	0.0605	10.53	463.1	400.23	0.0519	371.1	6.680	14.11	6.08	1.59
	90.98	32.82	66.87	-0.00	0.0604	10.50	461.9	399.38	0.0529	389.2	7.005	14.80	6.77	1.59
	91.96	32.82	66.87	0.00	0.0605	10.51	462.3	399.68	0.0531	392.9	7.072	14.95	6.91	1.59
	92.96	32.83	66.89	0.00	0.0605	10.51	462.4	399.67	0.0519	383.0	6.894	14.57	6.54	1.59
	93.96	32.80	66.87	0.00	0.0606	10.53	463.5	400.70	0.0519	378.8	6.818	14.41	6.38	1.59
	94.96	32.84	66.89	0.00	0.0606	10.53	463.3	400.42	0.0517	374.8	6.747	14.25	6.23	1.59
	95.94	32.84	66.89	0.00	0.0606	10.54	463.7	400.81	0.0507	366.6	6.599	13.94	5.91	1.59
	96.95	32.82	66.85	0.00	0.0605	10.51	462.3	399.84	0.0517	375.6	6.761	14.29	6.25	1.59
	97.95	32.81	66.87	0.00	0.0605	10.52	463.0	400.29	0.0533	395.0	7.110	15.03	6.99	1.59
	98.95	32.84	66.89	-0.00	0.0604	10.50	461.8	399.18	0.0506	365.1	6.572	13.89	5.85	1.59
	99.97	32.78	66.92	0.00	0.0605	10.52	462.9	399.90	0.0516	376.2	6.772	14.30	6.28	1.59
	100.96	32.82	66.87	0.00	0.0606	10.52	463.0	400.32	0.0534	392.7	7.068	14.94	6.90	1.59
	101.96	32.80	66.87	0.00	0.0606	10.52	462.8	400.13	0.0529	397.4	7.154	15.12	7.08	1.59
	102.98	32.76	66.89	-0.00	0.0605	10.52	463.0	400.13	0.0490	355.2	6.394	13.51	5.45	1.59
	103.96	32.81	66.87	0.00	0.0606	10.53	463.3	400.53	0.0501	364.4	6.559	13.86	5.82	1.59
	104.96	32.84	66.89	0.00	0.0605	10.52	462.7	399.93	0.0516	375.2	6.754	14.27	6.24	1.59
	105.97	32.81	66.89	0.00	0.0605	10.51	462.6	399.78	0.0519	377.8	6.801	14.37	6.34	1.59
	106.95	32.84	66.87	0.00	0.0606	10.53	463.4	400.71	0.0523	380.1	6.841	14.46	6.43	1.59
	107.95	32.84	66.86	0.00	0.0606	10.53	463.5	400.83	0.0519	380.9	6.857	14.49	6.46	1.59
	108.97	32.83	66.87	0.00	0.0606	10.54	463.7	400.90	0.0519	383.4	6.902	14.59	6.55	1.59
	109.95	32.81	66.87	0.00	0.0606	10.54	463.8	400.96	0.0521	383.2	6.898	14.58	6.55	1.59
	110.95	32.83	66.89	0.00	0.0606	10.53	463.4	400.53	0.0558	419.7	7.555	15.96	7.88	1.59
	111.98	32.79	66.87	-0.00	0.0607	10.55	464.0	401.14	0.0572	425.4	7.657	16.18	8.07	1.59
	112.96	32.79	66.86	-0.00	0.0607	10.56	464.5	401.63	0.0563	435.4	7.837	16.56	8.41	1.59
	113.96	32.82	66.87	-0.00	0.0607	10.56	464.4	401.56	0.0549	410.6	7.390	15.62	7.55	1.59
	114.96	32.82	66.87	0.00	0.0606	10.54	463.9	401.09	0.0541	404.5	7.281	15.39	7.33	1.59
	115.96	32.82	66.87	0.00	0.0607	10.54	463.9	401.06	0.0537	397.6	7.157	15.13	7.08	1.59
	116.97	32.82	66.89	-0.00	0.0606	10.54	463.8	400.88	0.0530	390.9	7.035	14.86	6.83	1.59
	117.97	32.79	66.87	0.00	0.0606	10.54	463.6	400.79	0.0524	384.4	6.919	14.62	6.59	1.59
	118.98	32.79	66.87	-0.00	0.0607	10.54	463.9	401.03	0.0533	390.5	7.030	14.86	6.82	1.59
