Jul 28 2015 at 14:55:53
Frequency: 1.00Hz.
CO2
Zero:  Value:0.95  Date:18 Mar 2005	 at 07:22:33	
Span:  Value:1.00  Date:18 Mar 2005	 at 07:25:09	
H2O
Zero:  Value:0.71  Date:18 Mar 2005	 at 07:52:31	
Span:  Value:0.99  Date:18 Mar 2005	 at 11:44:01	
	Relative Time	Temperature	Pressure	Aux Input	CO2 Absorptance	CO2 mmol/m3	CO2 mg/m3	CO2 umol/mol	H2O Absorptance	H2O mmol/m3	H2O g/m3	H2O mmol/mol	H2O(°C)	Cooler Voltage
	0.81	33.53	67.72	-0.00	0.0633	10.79	474.9	406.33	0.0544	537.8	9.680	20.25	11.60	1.62
	1.78	33.58	67.72	0.00	0.0631	11.13	489.8	419.16	0.0534	368.2	6.627	13.86	6.00	1.62
	2.82	33.56	67.73	-0.00	0.0625	10.92	480.7	411.33	0.0557	401.7	7.230	15.12	7.27	1.62
	3.82	33.61	67.75	-0.00	0.0626	10.96	482.1	412.44	0.0542	381.1	6.861	14.35	6.50	1.62
	4.80	33.57	67.72	0.00	0.0621	10.81	475.8	407.13	0.0587	458.7	8.256	17.27	9.22	1.62
	5.80	33.58	67.71	0.00	0.0619	10.82	475.9	407.39	0.0611	453.9	8.170	17.10	9.07	1.63
	6.82	33.56	67.73	0.00	0.0617	10.74	472.6	404.38	0.0623	479.9	8.639	18.07	9.89	1.63
	7.82	33.56	67.72	0.00	0.0616	10.70	470.6	402.71	0.0644	531.5	9.566	20.01	11.43	1.62
	8.81	33.54	67.72	0.00	0.0617	10.72	471.5	403.45	0.0636	509.1	9.163	19.17	10.78	1.62
	9.80	33.60	67.72	0.00	0.0617	10.73	472.3	404.21	0.0632	499.7	8.995	18.82	10.50	1.63
	10.81	33.58	67.73	0.00	0.0618	10.77	473.9	405.55	0.0617	481.4	8.665	18.13	9.94	1.62
	11.79	33.59	67.75	0.00	0.0617	10.76	473.5	405.06	0.0614	475.1	8.551	17.88	9.74	1.62
	12.81	33.55	67.70	0.00	0.0619	10.77	473.8	405.61	0.0607	475.3	8.556	17.90	9.75	1.62
	13.81	33.58	67.72	-0.00	0.0617	10.74	472.7	404.53	0.0607	470.8	8.475	17.73	9.61	1.63
	14.88	33.56	67.75	-0.00	0.0616	10.73	471.9	403.70	0.0601	461.3	8.303	17.36	9.30	1.63
	15.79	33.58	67.70	0.00	0.0617	10.73	472.1	404.14	0.0597	461.6	8.309	17.39	9.32	1.63
	16.88	33.59	67.73	0.00	0.0616	10.73	472.0	403.91	0.0597	461.0	8.298	17.36	9.30	1.63
	17.80	33.56	67.73	-0.00	0.0616	10.72	471.9	403.80	0.0594	455.6	8.201	17.15	9.12	1.63
	18.81	33.59	67.75	0.00	0.0617	10.74	472.4	404.11	0.0592	454.7	8.185	17.12	9.09	1.63
	19.80	33.57	67.73	0.00	0.0616	10.72	471.6	403.52	0.0588	453.9	8.171	17.09	9.07	1.63
	20.81	33.56	67.73	0.00	0.0615	10.68	469.7	401.95	0.0585	444.2	7.995	16.72	8.74	1.62
	21.87	33.54	67.78	0.00	0.0616	10.70	470.9	402.64	0.0581	441.0	7.938	16.59	8.64	1.63
	22.82	33.59	67.70	-0.00	0.0616	10.73	472.0	404.07	0.0587	449.3	8.088	16.93	8.92	1.63
	23.81	33.61	67.73	-0.00	0.0615	10.71	471.3	403.37	0.0580	449.3	8.088	16.92	8.92	1.63
	24.84	33.54	67.73	0.00	0.0615	10.71	471.3	403.24	0.0585	447.2	8.050	16.84	8.84	1.63
	25.80	33.56	67.73	0.00	0.0617	10.73	472.3	404.14	0.0590	451.2	8.122	16.99	8.98	1.63
	26.80	33.53	67.73	0.00	0.0616	10.73	471.9	403.79	0.0587	449.6	8.093	16.93	8.92	1.63
	27.82	33.54	67.73	-0.00	0.0617	10.72	471.8	403.71	0.0593	453.7	8.167	17.08	9.06	1.63
	28.78	33.54	67.73	0.00	0.0618	10.75	473.1	404.80	0.0597	459.8	8.277	17.31	9.26	1.63
	29.81	33.52	67.73	-0.00	0.0616	10.72	471.6	403.51	0.0595	456.0	8.208	17.17	9.13	1.63
	30.80	33.52	67.71	-0.00	0.0616	10.72	471.5	403.53	0.0596	455.9	8.206	17.17	9.13	1.63
	31.79	33.52	67.75	0.00	0.0619	10.78	474.5	405.82	0.0607	470.6	8.470	17.71	9.60	1.63
	32.79	33.52	67.70	-0.00	0.0619	10.79	474.7	406.30	0.0609	472.4	8.503	17.79	9.66	1.63
	33.80	33.57	67.75	0.00	0.0619	10.80	475.0	406.35	0.0606	471.5	8.487	17.75	9.63	1.63
	34.80	33.56	67.70	0.00	0.0617	10.77	473.9	405.68	0.0597	466.1	8.390	17.56	9.46	1.63
	35.79	33.59	67.72	0.00	0.0618	10.78	474.1	405.77	0.0602	465.2	8.374	17.52	9.43	1.63
	36.80	33.59	67.71	0.00	0.0617	10.76	473.2	405.11	0.0597	462.0	8.317	17.40	9.33	1.63
	37.81	33.56	67.75	-0.00	0.0618	10.75	473.0	404.60	0.0601	462.8	8.330	17.42	9.35	1.63
	38.80	33.60	67.73	-0.00	0.0618	10.77	473.8	405.47	0.0602	465.6	8.380	17.53	9.44	1.63
	39.81	33.61	67.75	0.00	0.0617	10.76	473.6	405.14	0.0599	463.9	8.351	17.46	9.39	1.63
	40.87	33.59	67.72	-0.00	0.0619	10.78	474.3	405.92	0.0604	468.1	8.426	17.63	9.52	1.63
	41.79	33.56	67.72	0.00	0.0618	10.76	473.4	405.08	0.0602	465.1	8.372	17.51	9.43	1.63
	42.81	33.54	67.76	-0.00	0.0616	10.71	471.4	403.18	0.0598	460.8	8.295	17.34	9.29	1.63
	43.80	33.54	67.72	-0.00	0.0617	10.73	472.2	404.02	0.0599	460.5	8.290	17.34	9.28	1.63
	44.82	33.53	67.70	-0.00	0.0617	10.74	472.7	404.63	0.0601	464.0	8.352	17.47	9.39	1.63
	45.79	33.54	67.70	0.00	0.0617	10.73	472.1	404.15	0.0604	464.9	8.368	17.51	9.42	1.63
	46.82	33.56	67.73	-0.00	0.0616	10.77	473.8	405.38	0.0599	469.3	8.448	17.67	9.56	1.63
	47.81	33.61	67.72	-0.00	0.0615	10.72	471.6	403.61	0.0597	462.5	8.325	17.42	9.35	1.63
	48.81	33.60	67.70	0.00	0.0617	10.72	471.5	403.62	0.0603	461.9	8.314	17.40	9.33	1.63
	49.81	33.60	67.73	-0.00	0.0618	10.74	472.4	404.29	0.0609	468.4	8.431	17.64	9.53	1.63
	50.79	33.59	67.70	0.00	0.0616	10.71	471.5	403.62	0.0605	466.4	8.395	17.57	9.47	1.63
	51.81	33.56	67.72	0.00	0.0618	10.77	474.0	405.65	0.0612	476.2	8.571	17.93	9.78	1.63
	52.81	33.58	67.75	-0.00	0.0620	10.80	475.3	406.61	0.0617	483.4	8.701	18.19	10.00	1.63
	53.80	33.55	67.73	-0.00	0.0617	10.74	472.6	404.42	0.0608	471.7	8.491	17.76	9.64	1.63
	54.80	33.58	67.70	-0.00	0.0616	10.72	471.5	403.61	0.0607	470.4	8.468	17.72	9.60	1.63
	55.80	33.61	67.75	-0.00	0.0617	10.75	473.1	404.79	0.0610	474.9	8.548	17.88	9.74	1.63
	56.80	33.61	67.70	-0.00	0.0617	10.75	473.1	405.03	0.0613	476.6	8.578	17.95	9.79	1.63
	57.89	33.63	67.75	-0.00	0.0619	10.79	474.8	406.26	0.0619	483.7	8.707	18.21	10.02	1.63
	58.81	33.63	67.70	-0.00	0.0618	10.78	474.2	406.00	0.0617	480.8	8.654	18.11	9.92	1.63
	59.80	33.63	67.70	0.00	0.0616	10.73	472.3	404.39	0.0608	472.8	8.510	17.81	9.67	1.63
	60.81	33.60	67.73	0.00	0.0619	10.78	474.1	405.75	0.0613	478.0	8.605	18.00	9.84	1.63
	61.81	33.65	67.70	-0.00	0.0618	10.75	473.0	405.02	0.0616	478.3	8.610	18.02	9.85	1.63
	62.81	33.66	67.73	-0.00	0.0618	10.80	475.1	406.66	0.0611	481.1	8.660	18.12	9.94	1.63
	63.79	33.67	67.72	0.00	0.0619	10.77	474.1	405.85	0.0618	482.8	8.690	18.18	9.99	1.64
	64.80	33.64	67.72	-0.00	0.0618	10.77	473.8	405.55	0.0614	478.4	8.611	18.02	9.85	1.63
	65.79	33.62	67.73	0.00	0.0619	10.78	474.2	405.83	0.0620	480.5	8.649	18.09	9.91	1.63
	66.78	33.65	67.70	0.00	0.0619	10.81	475.5	407.17	0.0622	489.2	8.805	18.43	10.18	1.63
	67.80	33.63	67.70	-0.00	0.0619	10.79	474.9	406.65	0.0624	488.7	8.797	18.41	10.17	1.63
	68.80	33.63	67.75	-0.00	0.0616	10.72	471.6	403.50	0.0612	475.6	8.561	17.91	9.76	1.64
	69.78	33.60	67.73	0.00	0.0619	10.79	474.8	406.30	0.0624	492.1	8.857	18.53	10.27	1.64
	70.79	33.62	67.70	0.00	0.0619	10.79	474.8	406.51	0.0626	489.1	8.804	18.43	10.18	1.64
	71.79	33.58	67.73	0.00	0.0618	10.78	474.2	405.82	0.0622	488.8	8.799	18.41	10.17	1.64
	72.81	33.59	67.73	0.00	0.0619	10.79	474.6	406.20	0.0623	491.0	8.838	18.49	10.24	1.64
	73.82	33.56	67.77	-0.00	0.0620	10.79	474.6	405.88	0.0630	490.0	8.820	18.44	10.20	1.64
	74.80	33.51	67.75	0.00	0.0619	10.80	475.2	406.40	0.0625	492.2	8.860	18.52	10.27	1.64
	75.80	33.54	67.70	0.00	0.0621	10.83	476.3	407.70	0.0632	497.0	8.945	18.72	10.41	1.64
	76.80	33.52	67.70	0.00	0.0620	10.81	475.8	407.25	0.0626	492.5	8.864	18.55	10.28	1.64
	77.80	33.49	67.73	0.00	0.0620	10.81	475.8	407.08	0.0629	494.3	8.898	18.61	10.33	1.64
	78.80	33.55	67.73	0.00	0.0621	10.81	475.4	406.80	0.0634	497.9	8.963	18.75	10.44	1.64
	79.80	33.50	67.73	0.00	0.0624	10.87	478.4	409.30	0.0648	513.5	9.243	19.33	10.90	1.64
	80.79	33.50	67.73	0.00	0.0623	10.86	477.8	408.77	0.0643	508.8	9.159	19.15	10.77	1.64
	81.81	33.50	67.73	-0.00	0.0620	10.86	477.7	408.68	0.0635	508.9	9.160	19.16	10.77	1.64
	82.79	33.50	67.75	0.00	0.0621	10.82	476.2	407.23	0.0637	504.6	9.083	18.99	10.64	1.64
	83.80	33.52	67.75	0.00	0.0621	10.82	476.0	407.16	0.0638	505.1	9.092	19.01	10.66	1.64
	84.79	33.55	67.73	0.00	0.0620	10.80	475.2	406.59	0.0635	503.0	9.054	18.94	10.60	1.64
	85.80	33.50	67.72	0.00	0.0621	10.82	476.2	407.41	0.0637	504.7	9.084	19.00	10.64	1.64
	86.78	33.50	67.73	0.00	0.0621	10.83	476.6	407.71	0.0638	504.4	9.078	18.99	10.63	1.64
	87.81	33.50	67.70	0.00	0.0622	10.82	476.1	407.50	0.0637	502.3	9.041	18.91	10.57	1.64
	88.80	33.52	67.70	0.00	0.0622	10.84	477.0	408.24	0.0640	507.3	9.132	19.11	10.72	1.64
	89.81	33.60	67.74	-0.00	0.0622	10.84	477.1	408.22	0.0639	507.0	9.125	19.09	10.72	1.64
	90.81	33.54	67.70	-0.00	0.0621	10.84	476.8	408.10	0.0635	503.8	9.069	18.98	10.62	1.64
	91.79	33.56	67.73	0.00	0.0623	10.85	477.6	408.69	0.0642	509.8	9.177	19.20	10.80	1.64
	92.79	33.57	67.73	0.00	0.0622	10.86	477.9	408.90	0.0641	510.3	9.186	19.21	10.81	1.64
	93.79	33.51	67.73	0.00	0.0621	10.83	476.5	407.67	0.0638	505.5	9.098	19.03	10.67	1.64
	94.80	33.52	67.72	-0.00	0.0621	10.85	477.2	408.31	0.0632	505.4	9.098	19.03	10.67	1.64
	95.78	33.52	67.72	0.00	0.0623	10.87	478.1	409.08	0.0648	512.8	9.230	19.30	10.88	1.64
	96.78	33.54	67.73	0.00	0.0623	10.88	478.5	409.42	0.0646	517.6	9.317	19.49	11.03	1.64
	97.81	33.56	67.72	0.00	0.0621	10.87	478.3	409.33	0.0643	514.8	9.266	19.38	10.94	1.65
	98.87	33.57	67.72	0.00	0.0623	10.88	478.7	409.66	0.0644	519.7	9.355	19.57	11.09	1.65
	99.81	33.54	67.70	-0.00	0.0625	10.91	480.1	410.93	0.0657	529.2	9.526	19.93	11.36	1.64
	100.81	33.59	67.73	-0.00	0.0626	10.92	480.4	411.07	0.0662	532.0	9.576	20.03	11.44	1.64
	101.79	33.56	67.75	0.00	0.0625	10.90	479.7	410.34	0.0661	529.0	9.521	19.91	11.35	1.64
	102.81	33.54	67.73	0.00	0.0625	10.92	480.3	410.99	0.0659	529.6	9.533	19.94	11.37	1.64
	103.79	33.57	67.72	0.00	0.0624	10.89	479.3	410.18	0.0656	525.3	9.456	19.78	11.25	1.65
	104.80	33.52	67.72	0.00	0.0624	10.91	479.9	410.63	0.0652	524.8	9.446	19.76	11.23	1.65
	105.80	33.52	67.73	-0.00	0.0624	10.89	479.0	409.79	0.0654	522.9	9.412	19.69	11.18	1.64
	106.80	33.50	67.75	0.00	0.0625	10.92	480.3	410.77	0.0658	528.3	9.510	19.88	11.33	1.65
	107.80	33.50	67.73	-0.00	0.0625	10.92	480.5	411.09	0.0658	529.4	9.529	19.93	11.36	1.65
	108.81	33.50	67.75	-0.00	0.0625	10.92	480.6	411.05	0.0660	530.5	9.550	19.96	11.40	1.65
	109.79	33.55	67.70	-0.00	0.0623	10.86	478.0	409.14	0.0652	520.1	9.362	19.59	11.10	1.65
	110.79	33.55	67.73	0.00	0.0623	10.86	477.6	408.68	0.0648	517.2	9.309	19.47	11.01	1.65
	111.78	33.56	67.73	0.00	0.0624	10.90	479.6	410.41	0.0650	519.4	9.349	19.56	11.08	1.65
	112.79	33.59	67.73	0.00	0.0623	10.88	478.8	409.75	0.0650	519.0	9.343	19.54	11.07	1.65
	113.79	33.58	67.72	0.00	0.0624	10.89	479.1	409.98	0.0651	520.3	9.365	19.59	11.11	1.65
	114.80	33.61	67.73	0.00	0.0624	10.89	479.3	410.22	0.0653	521.9	9.395	19.65	11.15	1.65
	115.80	33.61	67.75	0.00	0.0623	10.88	478.6	409.43	0.0652	521.6	9.389	19.63	11.15	1.65
	116.80	33.56	67.75	0.00	0.0625	10.90	479.6	410.25	0.0654	523.6	9.426	19.71	11.20	1.65
	117.80	33.57	67.75	-0.00	0.0624	10.91	479.9	410.52	0.0654	523.8	9.429	19.72	11.21	1.65
	118.80	33.58	67.70	0.00	0.0625	10.90	479.7	410.63	0.0655	524.1	9.434	19.74	11.22	1.65
	119.79	33.62	67.75	-0.00	0.0625	10.92	480.4	410.99	0.0658	530.3	9.546	19.96	11.40	1.65
	120.79	33.59	67.75	0.00	0.0626	10.92	480.7	411.20	0.0662	529.8	9.536	19.94	11.38	1.65
	121.82	33.57	67.75	-0.00	0.0626	10.95	481.8	412.14	0.0661	533.7	9.607	20.09	11.49	1.65
	122.79	33.60	67.73	0.00	0.0626	10.95	481.6	412.17	0.0662	534.1	9.614	20.11	11.50	1.65
	123.80	33.64	67.73	0.00	0.0625	10.93	481.1	411.81	0.0661	533.6	9.604	20.09	11.49	1.65
	124.80	33.64	67.73	0.00	0.0625	10.92	480.3	411.13	0.0661	533.1	9.595	20.08	11.48	1.65
