Jul 28 2015 at 10:53:54
Frequency: 1.00Hz.
CO2
Zero:  Value:0.95  Date:18 Mar 2005	 at 07:22:33	
Span:  Value:1.00  Date:18 Mar 2005	 at 07:25:09	
H2O
Zero:  Value:0.71  Date:18 Mar 2005	 at 07:52:31	
Span:  Value:0.99  Date:18 Mar 2005	 at 11:44:01	
	Relative Time	Temperature	Pressure	Aux Input	CO2 Absorptance	CO2 mmol/m3	CO2 mg/m3	CO2 umol/mol	H2O Absorptance	H2O mmol/m3	H2O g/m3	H2O mmol/mol	H2O(°C)	Cooler Voltage
	0.37	27.33	67.62	0.00	0.0610	10.59	466.0	391.27	0.0512	373.8	6.729	13.81	5.92	1.58
	1.36	27.33	67.65	0.00	0.0605	10.55	464.2	389.57	0.0549	392.3	7.061	14.49	6.62	1.58
	2.37	27.33	67.65	0.00	0.0603	10.43	458.8	385.03	0.0584	444.1	7.994	16.40	8.44	1.58
	3.37	27.35	67.68	0.00	0.0604	10.44	459.4	385.47	0.0554	422.0	7.596	15.58	7.69	1.58
	4.35	27.35	67.67	0.00	0.0608	10.53	463.2	388.63	0.0527	393.3	7.079	14.52	6.66	1.58
	5.38	27.35	67.65	0.00	0.0607	10.53	463.4	388.92	0.0523	383.2	6.898	14.15	6.28	1.58
	6.38	27.35	67.62	-0.00	0.0609	10.57	465.2	390.61	0.0519	372.9	6.712	13.78	5.89	1.58
	7.38	27.37	67.65	0.00	0.0610	10.58	465.4	390.64	0.0514	373.2	6.717	13.78	5.90	1.58
	8.38	27.39	67.68	-0.00	0.0611	10.60	466.5	391.41	0.0507	365.4	6.576	13.49	5.60	1.58
	9.38	27.37	67.65	0.00	0.0611	10.61	466.7	391.72	0.0508	367.6	6.618	13.58	5.68	1.58
	10.37	27.39	67.65	-0.00	0.0610	10.60	466.2	391.34	0.0510	368.2	6.627	13.60	5.71	1.58
	11.36	27.40	67.67	0.00	0.0609	10.58	465.7	390.79	0.0514	369.8	6.657	13.66	5.77	1.58
	12.46	27.40	67.67	-0.00	0.0611	10.61	466.9	391.86	0.0508	367.0	6.605	13.55	5.66	1.58
	13.38	27.42	67.65	-0.00	0.0611	10.61	467.0	392.03	0.0508	366.8	6.602	13.55	5.65	1.58
	14.38	27.42	67.65	0.00	0.0610	10.59	466.1	391.30	0.0510	368.4	6.632	13.61	5.72	1.58
	15.37	27.42	67.65	0.00	0.0610	10.61	466.7	391.81	0.0507	366.1	6.591	13.53	5.63	1.58
	16.36	27.46	67.65	0.00	0.0611	10.61	466.6	391.81	0.0507	365.3	6.575	13.49	5.60	1.58
	17.38	27.50	67.65	0.00	0.0611	10.59	466.1	391.40	0.0507	366.6	6.599	13.55	5.65	1.58
	18.36	27.46	67.62	0.00	0.0611	10.61	466.7	391.98	0.0507	365.6	6.581	13.51	5.61	1.58
	19.38	27.50	67.65	0.00	0.0611	10.59	466.0	391.29	0.0505	364.7	6.564	13.48	5.57	1.58
	20.36	27.46	67.65	0.00	0.0611	10.60	466.3	391.57	0.0504	362.7	6.529	13.40	5.49	1.58
	21.37	27.47	67.68	0.00	0.0609	10.56	464.7	390.07	0.0503	361.7	6.510	13.36	5.45	1.58
	22.39	27.48	67.65	-0.00	0.0607	10.53	463.5	389.20	0.0505	363.2	6.537	13.42	5.51	1.58
	23.38	27.52	67.65	-0.00	0.0608	10.55	464.1	389.72	0.0504	362.3	6.521	13.39	5.48	1.58
	24.45	27.50	67.65	0.00	0.0609	10.57	465.0	390.51	0.0504	363.1	6.537	13.42	5.51	1.58
	25.38	27.50	67.65	-0.00	0.0609	10.58	465.3	390.74	0.0505	363.4	6.542	13.43	5.52	1.58
	26.38	27.50	67.65	0.00	0.0610	10.59	465.9	391.19	0.0509	366.9	6.603	13.55	5.66	1.58
	27.38	27.50	67.65	-0.00	0.0610	10.60	466.2	391.47	0.0511	368.8	6.639	13.63	5.74	1.58
	28.36	27.50	67.65	0.00	0.0610	10.58	465.5	390.93	0.0512	368.7	6.637	13.62	5.73	1.58
	29.36	27.50	67.65	0.00	0.0609	10.58	465.4	390.81	0.0511	367.0	6.606	13.56	5.67	1.58
	30.37	27.52	67.65	-0.00	0.0609	10.57	465.3	390.73	0.0514	371.7	6.691	13.74	5.85	1.58
	31.39	27.50	67.65	-0.00	0.0610	10.58	465.5	390.94	0.0514	373.3	6.719	13.79	5.91	1.58
	32.37	27.49	67.65	0.00	0.0609	10.57	465.2	390.62	0.0516	375.1	6.752	13.86	5.98	1.58
	33.38	27.51	67.65	0.00	0.0609	10.56	464.8	390.34	0.0516	374.5	6.740	13.84	5.96	1.58
	34.38	27.52	67.67	-0.00	0.0609	10.56	464.7	390.16	0.0514	371.5	6.687	13.72	5.84	1.58
	35.38	27.54	67.65	-0.00	0.0609	10.55	464.4	390.02	0.0514	370.2	6.663	13.68	5.79	1.58
	36.36	27.52	67.65	0.00	0.0609	10.56	464.7	390.26	0.0516	375.6	6.760	13.88	6.00	1.58
	37.45	27.52	67.65	-0.00	0.0608	10.55	464.3	389.89	0.0517	374.1	6.734	13.82	5.94	1.58
	38.36	27.47	67.68	0.00	0.0609	10.57	465.0	390.28	0.0524	381.9	6.874	14.10	6.24	1.58
	39.37	27.52	67.65	0.00	0.0609	10.56	464.6	390.17	0.0524	381.7	6.871	14.10	6.23	1.58
	40.36	27.50	67.67	0.00	0.0609	10.56	464.5	389.93	0.0528	386.9	6.965	14.29	6.43	1.58
	41.37	27.52	67.65	0.00	0.0609	10.56	464.8	390.31	0.0527	388.9	7.000	14.37	6.50	1.58
	42.37	27.52	67.65	0.00	0.0609	10.57	464.9	390.40	0.0531	390.5	7.028	14.43	6.56	1.58
	43.37	27.53	67.65	-0.00	0.0608	10.56	464.7	390.31	0.0534	391.1	7.039	14.45	6.59	1.58
	44.38	27.53	67.68	0.00	0.0608	10.55	464.4	389.88	0.0531	391.1	7.040	14.45	6.59	1.58
	45.37	27.58	67.65	0.00	0.0608	10.55	464.2	389.89	0.0532	391.0	7.037	14.45	6.59	1.58
	46.39	27.55	67.68	-0.00	0.0608	10.55	464.1	389.62	0.0532	391.2	7.042	14.45	6.59	1.58
	47.38	27.55	67.60	-0.00	0.0608	10.55	464.1	390.09	0.0532	391.7	7.050	14.49	6.61	1.58
	48.38	27.55	67.65	0.00	0.0608	10.54	463.7	389.46	0.0533	392.0	7.055	14.49	6.62	1.58
	49.37	27.57	67.67	0.00	0.0608	10.53	463.5	389.18	0.0533	391.4	7.046	14.46	6.60	1.58
	50.39	27.57	67.65	-0.00	0.0608	10.54	463.7	389.47	0.0537	395.4	7.118	14.61	6.75	1.58
	51.37	27.57	67.65	0.00	0.0608	10.54	463.6	389.41	0.0539	395.5	7.119	14.62	6.75	1.58
	52.37	27.55	67.67	0.00	0.0608	10.54	463.8	389.38	0.0538	397.7	7.158	14.69	6.83	1.58
	53.37	27.59	67.65	0.00	0.0608	10.53	463.3	389.18	0.0538	397.1	7.147	14.68	6.81	1.58
	54.37	27.55	67.67	0.00	0.0607	10.53	463.5	389.14	0.0539	398.4	7.171	14.72	6.86	1.58
	55.36	27.55	67.65	0.00	0.0607	10.53	463.4	389.24	0.0539	397.6	7.157	14.69	6.83	1.58
	56.38	27.57	67.65	-0.00	0.0608	10.53	463.4	389.21	0.0538	396.8	7.142	14.66	6.80	1.58
	57.36	27.57	67.65	0.00	0.0607	10.53	463.5	389.27	0.0539	397.7	7.159	14.70	6.83	1.58
	58.38	27.53	67.67	0.00	0.0608	10.56	464.6	390.07	0.0538	398.0	7.164	14.70	6.84	1.59
	59.37	27.59	67.65	0.00	0.0608	10.55	464.0	389.79	0.0535	394.1	7.095	14.57	6.70	1.58
	60.39	27.59	67.65	-0.00	0.0608	10.54	463.8	389.61	0.0536	394.3	7.098	14.58	6.71	1.58
	61.45	27.61	67.65	-0.00	0.0607	10.53	463.5	389.36	0.0535	393.3	7.080	14.54	6.67	1.58
	62.38	27.61	67.65	-0.00	0.0608	10.53	463.3	389.19	0.0534	392.4	7.064	14.50	6.64	1.58
	63.38	27.63	67.65	-0.00	0.0608	10.53	463.3	389.21	0.0538	393.4	7.081	14.54	6.68	1.58
	64.38	27.62	67.65	-0.00	0.0607	10.54	463.9	389.68	0.0536	399.2	7.186	14.76	6.89	1.59
	65.38	27.62	67.68	-0.00	0.0608	10.55	464.3	389.87	0.0539	400.3	7.205	14.79	6.93	1.58
	66.36	27.65	67.65	0.00	0.0608	10.55	464.1	389.96	0.0540	398.7	7.177	14.74	6.87	1.58
	67.38	27.63	67.65	-0.00	0.0608	10.54	464.0	389.78	0.0538	396.3	7.133	14.65	6.78	1.58
	68.38	27.61	67.65	-0.00	0.0608	10.54	463.8	389.64	0.0538	395.9	7.126	14.63	6.77	1.58
	69.39	27.63	67.67	-0.00	0.0608	10.55	464.3	389.93	0.0537	395.6	7.121	14.62	6.76	1.58
	70.37	27.61	67.63	0.00	0.0609	10.55	464.4	390.22	0.0538	396.2	7.132	14.65	6.78	1.58
	71.37	27.65	67.65	0.00	0.0608	10.55	464.4	390.19	0.0540	399.9	7.197	14.78	6.92	1.58
	72.38	27.61	67.65	0.00	0.0608	10.54	463.9	389.67	0.0542	401.0	7.219	14.82	6.96	1.58
	73.37	27.61	67.68	-0.00	0.0608	10.54	463.8	389.44	0.0541	400.5	7.209	14.80	6.94	1.58
	74.38	27.61	67.65	0.00	0.0608	10.54	463.8	389.64	0.0540	399.6	7.193	14.77	6.90	1.58
	75.36	27.63	67.67	0.00	0.0608	10.54	463.6	389.31	0.0540	398.6	7.175	14.73	6.87	1.58
	76.39	27.63	67.65	0.00	0.0608	10.55	464.1	389.86	0.0543	401.1	7.220	14.83	6.96	1.58
	77.38	27.63	67.65	-0.00	0.0608	10.55	464.1	389.84	0.0545	403.9	7.270	14.93	7.06	1.58
	78.37	27.63	67.65	0.00	0.0608	10.55	464.0	389.81	0.0546	404.4	7.280	14.95	7.08	1.58
	79.37	27.63	67.65	-0.00	0.0608	10.53	463.4	389.25	0.0545	404.0	7.273	14.93	7.07	1.58
	80.37	27.61	67.67	0.00	0.0608	10.54	463.7	389.40	0.0545	403.8	7.269	14.92	7.06	1.58
	81.45	27.61	67.65	-0.00	0.0608	10.53	463.3	389.24	0.0547	406.5	7.318	15.03	7.16	1.58
	82.38	27.61	67.65	-0.00	0.0607	10.53	463.3	389.18	0.0547	407.3	7.332	15.06	7.18	1.58
	83.37	27.60	67.65	0.00	0.0607	10.53	463.1	389.04	0.0547	406.4	7.316	15.02	7.15	1.58
	84.38	27.60	67.65	0.00	0.0607	10.53	463.1	389.06	0.0549	407.0	7.326	15.04	7.17	1.58
	85.38	27.63	67.63	-0.00	0.0607	10.52	463.1	389.16	0.0550	408.2	7.347	15.09	7.22	1.58
	86.38	27.63	67.65	0.00	0.0607	10.52	463.0	389.00	0.0551	411.8	7.413	15.22	7.35	1.58
	87.36	27.62	67.65	0.00	0.0607	10.52	462.7	388.72	0.0554	412.8	7.431	15.26	7.38	1.58
	88.36	27.64	67.65	0.00	0.0607	10.53	463.4	389.35	0.0552	413.4	7.442	15.28	7.40	1.58
	89.39	27.66	67.65	-0.00	0.0607	10.53	463.2	389.17	0.0554	413.8	7.449	15.30	7.42	1.58
	90.39	27.68	67.65	-0.00	0.0607	10.53	463.3	389.33	0.0553	413.5	7.444	15.29	7.41	1.58
	91.37	27.68	67.65	-0.00	0.0608	10.53	463.4	389.36	0.0553	412.3	7.422	15.24	7.37	1.58
	92.37	27.73	67.68	0.00	0.0607	10.52	463.0	388.96	0.0552	411.5	7.407	15.21	7.34	1.58
	93.37	27.73	67.65	-0.00	0.0607	10.52	463.1	389.14	0.0551	410.4	7.387	15.18	7.30	1.58
	94.36	27.70	67.65	0.00	0.0607	10.53	463.1	389.18	0.0551	409.6	7.373	15.14	7.27	1.58
	95.36	27.68	67.65	0.00	0.0608	10.53	463.3	389.31	0.0551	410.5	7.389	15.18	7.30	1.58
	96.38	27.71	67.65	-0.00	0.0607	10.52	462.9	389.03	0.0550	409.2	7.366	15.13	7.26	1.58
	97.38	27.70	67.68	0.00	0.0607	10.52	463.1	388.97	0.0551	409.8	7.376	15.15	7.28	1.58
	98.36	27.74	67.65	0.00	0.0607	10.53	463.2	389.28	0.0552	411.5	7.407	15.22	7.34	1.59
	99.39	27.76	67.65	-0.00	0.0607	10.52	462.9	389.04	0.0551	410.9	7.397	15.20	7.32	1.59
	100.37	27.80	67.65	-0.00	0.0607	10.52	462.7	388.93	0.0551	410.3	7.385	15.17	7.30	1.58
	101.39	27.80	67.65	-0.00	0.0607	10.52	462.9	389.10	0.0551	410.3	7.385	15.17	7.30	1.58
	102.37	27.84	67.65	0.00	0.0607	10.52	463.0	389.22	0.0552	411.1	7.400	15.21	7.33	1.58
	103.37	27.82	67.65	0.00	0.0607	10.53	463.4	389.58	0.0553	413.0	7.435	15.28	7.40	1.59
	104.38	27.79	67.65	-0.00	0.0607	10.52	463.1	389.26	0.0553	414.0	7.453	15.31	7.43	1.59
	105.38	27.77	67.67	-0.00	0.0607	10.53	463.3	389.28	0.0551	412.1	7.418	15.24	7.36	1.58
	106.38	27.81	67.65	0.00	0.0608	10.53	463.5	389.62	0.0557	416.7	7.501	15.41	7.53	1.59
	107.38	27.78	67.65	-0.00	0.0608	10.54	463.7	389.77	0.0559	418.8	7.538	15.49	7.60	1.58
	108.36	27.77	67.65	0.00	0.0608	10.53	463.4	389.53	0.0560	419.3	7.548	15.51	7.62	1.58
	109.37	27.77	67.65	0.00	0.0607	10.52	463.0	389.13	0.0557	417.7	7.519	15.45	7.56	1.59
	110.37	27.80	67.65	0.00	0.0607	10.52	463.1	389.24	0.0561	421.1	7.580	15.58	7.68	1.59
	111.38	27.75	67.65	-0.00	0.0607	10.52	463.0	389.13	0.0564	422.8	7.611	15.64	7.74	1.59
	112.38	27.73	67.65	0.00	0.0607	10.52	463.0	389.07	0.0563	423.0	7.614	15.64	7.74	1.58
	113.38	27.74	67.65	-0.00	0.0606	10.52	462.7	388.85	0.0561	424.7	7.645	15.71	7.80	1.58
	114.38	27.72	67.65	-0.00	0.0607	10.52	463.1	389.12	0.0565	424.6	7.644	15.70	7.80	1.58
	115.38	27.70	67.68	-0.00	0.0607	10.52	462.7	388.70	0.0565	424.3	7.638	15.68	7.79	1.59
	116.45	27.70	67.65	-0.00	0.0606	10.49	461.8	388.02	0.0558	417.0	7.507	15.42	7.53	1.59
	117.36	27.70	67.65	0.00	0.0607	10.52	462.8	388.85	0.0567	426.2	7.672	15.76	7.85	1.58
	118.45	27.69	67.65	0.00	0.0606	10.51	462.5	388.64	0.0563	425.1	7.651	15.72	7.81	1.58
	119.36	27.68	67.65	0.00	0.0607	10.51	462.5	388.57	0.0565	423.5	7.624	15.66	7.76	1.58
	120.35	27.65	67.67	0.00	0.0607	10.52	462.9	388.79	0.0566	426.6	7.679	15.77	7.86	1.59
