Jul 28 2015 at 12:39:29
Frequency: 1.00Hz.
CO2
Zero:  Value:0.95  Date:18 Mar 2005	 at 07:22:33	
Span:  Value:1.00  Date:18 Mar 2005	 at 07:25:09	
H2O
Zero:  Value:0.71  Date:18 Mar 2005	 at 07:52:31	
Span:  Value:0.99  Date:18 Mar 2005	 at 11:44:01	
	Relative Time	Temperature	Pressure	Aux Input	CO2 Absorptance	CO2 mmol/m3	CO2 mg/m3	CO2 umol/mol	H2O Absorptance	H2O mmol/m3	H2O g/m3	H2O mmol/mol	H2O(°C)	Cooler Voltage
	0.58	29.77	67.70	-0.00	0.0619	10.82	476.2	402.66	0.0430	284.3	5.117	10.58	2.14	1.59
	1.58	29.77	67.70	-0.00	0.0617	10.73	472.1	399.13	0.0436	300.0	5.399	11.16	2.90	1.59
	2.57	29.78	67.70	0.00	0.0617	10.73	472.3	399.33	0.0438	299.0	5.383	11.12	2.85	1.59
	3.57	29.77	67.68	0.00	0.0615	10.73	472.1	399.33	0.0447	307.9	5.543	11.46	3.27	1.59
	4.57	29.79	67.70	0.00	0.0615	10.71	471.1	398.33	0.0447	310.3	5.585	11.54	3.38	1.60
	5.58	29.79	67.72	-0.00	0.0616	10.72	471.8	398.77	0.0454	313.6	5.644	11.66	3.53	1.59
	6.57	29.79	67.70	0.00	0.0614	10.69	470.2	397.55	0.0451	313.2	5.637	11.65	3.51	1.59
	7.57	29.82	67.70	0.00	0.0613	10.65	468.7	396.34	0.0451	311.7	5.610	11.60	3.44	1.59
	8.58	29.75	67.70	-0.00	0.0613	10.66	469.1	396.59	0.0458	317.6	5.717	11.81	3.70	1.59
	9.58	29.76	67.73	0.00	0.0614	10.65	468.8	396.19	0.0464	319.7	5.755	11.89	3.80	1.59
	10.58	29.72	67.72	0.00	0.0613	10.66	469.1	396.42	0.0466	325.4	5.857	12.10	4.05	1.60
	11.57	29.68	67.68	0.00	0.0612	10.64	468.2	395.91	0.0472	329.2	5.926	12.25	4.21	1.59
	12.57	29.66	67.70	0.00	0.0612	10.65	468.6	396.01	0.0481	339.5	6.111	12.62	4.65	1.59
	13.56	29.67	67.70	0.00	0.0612	10.63	467.7	395.32	0.0503	361.2	6.501	13.43	5.54	1.59
	14.57	29.70	67.70	0.00	0.0612	10.64	468.1	395.62	0.0507	358.1	6.445	13.32	5.42	1.59
	15.55	29.76	67.72	0.00	0.0612	10.62	467.3	394.94	0.0507	365.7	6.582	13.60	5.72	1.59
	16.58	29.78	67.70	-0.00	0.0610	10.60	466.3	394.26	0.0504	363.6	6.545	13.53	5.64	1.59
	17.58	29.77	67.68	0.00	0.0612	10.63	467.5	395.42	0.0491	347.4	6.252	12.93	4.98	1.59
	18.58	29.81	67.70	0.00	0.0612	10.60	466.5	394.46	0.0495	352.3	6.342	13.11	5.19	1.59
	19.66	29.81	67.70	-0.00	0.0611	10.60	466.3	394.30	0.0495	351.3	6.324	13.07	5.15	1.59
	20.58	29.79	67.70	0.00	0.0610	10.58	465.5	393.57	0.0500	355.4	6.398	13.22	5.31	1.59
	21.57	29.76	67.70	0.00	0.0610	10.58	465.6	393.62	0.0518	367.4	6.614	13.67	5.79	1.59
	22.57	29.72	67.73	0.00	0.0611	10.59	466.0	393.76	0.0511	366.3	6.594	13.62	5.75	1.59
	23.59	29.77	67.70	-0.00	0.0609	10.58	465.4	393.49	0.0512	372.5	6.704	13.86	5.99	1.59
	24.59	29.79	67.70	-0.00	0.0609	10.57	465.2	393.35	0.0517	375.1	6.751	13.95	6.09	1.59
	25.57	29.82	67.72	0.00	0.0607	10.55	464.4	392.51	0.0513	372.3	6.701	13.85	5.98	1.59
	26.58	29.84	67.68	0.00	0.0607	10.53	463.3	391.94	0.0509	368.2	6.628	13.71	5.83	1.59
	27.57	29.85	67.70	0.00	0.0607	10.52	463.1	391.59	0.0508	367.4	6.613	13.67	5.79	1.59
	28.58	29.83	67.70	-0.00	0.0607	10.53	463.5	391.94	0.0511	370.9	6.676	13.80	5.93	1.59
	29.58	29.87	67.70	-0.00	0.0608	10.51	462.2	390.92	0.0524	375.9	6.766	13.99	6.13	1.59
	30.58	29.92	67.70	-0.00	0.0607	10.52	462.8	391.47	0.0526	385.0	6.930	14.33	6.47	1.59
	31.59	29.89	67.70	-0.00	0.0603	10.48	460.9	389.83	0.0513	375.8	6.764	13.98	6.12	1.59
	32.57	29.91	67.70	0.00	0.0607	10.51	462.4	391.12	0.0514	375.4	6.757	13.97	6.11	1.59
	33.59	29.92	67.70	0.00	0.0608	10.53	463.3	391.85	0.0523	378.8	6.818	14.10	6.24	1.59
	34.57	29.85	67.68	0.00	0.0606	10.50	461.9	390.70	0.0515	375.4	6.758	13.97	6.11	1.59
	35.60	29.88	67.70	0.00	0.0605	10.48	461.2	390.04	0.0511	369.1	6.645	13.74	5.86	1.59
	36.58	29.83	67.70	-0.00	0.0606	10.51	462.3	390.90	0.0516	373.5	6.722	13.90	6.03	1.59
	37.60	29.83	67.68	-0.00	0.0608	10.53	463.1	391.78	0.0520	379.6	6.833	14.13	6.27	1.59
	38.56	29.79	67.70	0.00	0.0608	10.53	463.5	391.90	0.0523	378.6	6.814	14.08	6.22	1.59
	39.58	29.79	67.70	0.00	0.0606	10.50	461.8	390.43	0.0518	377.0	6.787	14.03	6.17	1.59
	40.58	29.75	67.68	0.00	0.0607	10.52	463.0	391.58	0.0523	382.2	6.879	14.22	6.36	1.59
	41.59	29.73	67.70	-0.00	0.0608	10.54	463.9	392.22	0.0526	385.4	6.937	14.34	6.48	1.59
	42.57	29.73	67.70	0.00	0.0608	10.54	463.7	391.99	0.0528	386.6	6.959	14.38	6.53	1.59
	43.57	29.73	67.70	0.00	0.0607	10.53	463.3	391.68	0.0528	386.2	6.951	14.36	6.51	1.59
	44.59	29.78	67.68	0.00	0.0607	10.53	463.5	392.05	0.0536	387.7	6.978	14.43	6.57	1.59
	45.65	29.73	67.68	0.00	0.0607	10.51	462.6	391.16	0.0531	391.2	7.042	14.56	6.70	1.59
	46.60	29.73	67.70	-0.00	0.0606	10.49	461.7	390.33	0.0529	386.7	6.960	14.38	6.53	1.59
	47.58	29.73	67.70	-0.00	0.0606	10.51	462.5	390.99	0.0529	387.2	6.969	14.40	6.55	1.59
	48.58	29.73	67.70	0.00	0.0606	10.52	463.0	391.43	0.0527	387.7	6.978	14.42	6.57	1.59
	49.58	29.74	67.68	0.00	0.0606	10.50	462.1	390.79	0.0530	388.3	6.989	14.45	6.59	1.59
	50.59	29.75	67.70	-0.00	0.0606	10.50	462.2	390.75	0.0533	391.5	7.046	14.56	6.71	1.59
	51.59	29.77	67.68	-0.00	0.0606	10.51	462.6	391.20	0.0534	392.8	7.070	14.62	6.76	1.59
	52.56	29.72	67.68	0.00	0.0606	10.48	461.2	389.99	0.0533	390.4	7.028	14.53	6.67	1.59
	53.59	29.72	67.68	-0.00	0.0606	10.50	462.0	390.65	0.0532	390.8	7.034	14.54	6.68	1.59
	54.65	29.72	67.70	0.00	0.0606	10.51	462.4	390.90	0.0531	390.6	7.030	14.53	6.67	1.59
	55.60	29.72	67.70	-0.00	0.0605	10.49	461.7	390.32	0.0532	390.2	7.023	14.51	6.66	1.59
	56.58	29.72	67.67	0.00	0.0606	10.50	462.0	390.65	0.0531	389.9	7.019	14.51	6.65	1.60
	57.58	29.69	67.68	0.00	0.0605	10.47	460.9	389.67	0.0534	392.0	7.056	14.58	6.73	1.59
	58.58	29.70	67.70	0.00	0.0606	10.49	461.6	390.16	0.0540	397.9	7.162	14.80	6.94	1.59
	59.59	29.72	67.70	-0.00	0.0606	10.50	461.8	390.42	0.0542	400.6	7.211	14.90	7.04	1.59
	60.58	29.73	67.70	0.00	0.0605	10.47	460.9	389.59	0.0545	407.9	7.343	15.17	7.31	1.59
	61.59	29.75	67.68	-0.00	0.0605	10.48	461.1	389.94	0.0547	408.0	7.344	15.18	7.31	1.59
	62.57	29.77	67.70	0.00	0.0605	10.48	460.9	389.71	0.0548	407.5	7.335	15.16	7.30	1.60
	63.57	29.77	67.70	0.00	0.0606	10.49	461.5	390.17	0.0549	408.8	7.358	15.21	7.34	1.59
	64.57	29.77	67.68	0.00	0.0606	10.50	461.9	390.69	0.0551	409.0	7.362	15.22	7.35	1.59
	65.66	29.75	67.68	-0.00	0.0605	10.48	461.3	390.16	0.0556	413.7	7.447	15.39	7.51	1.59
	66.57	29.77	67.70	0.00	0.0606	10.49	461.5	390.22	0.0555	416.3	7.494	15.49	7.61	1.59
	67.58	29.72	67.72	-0.00	0.0605	10.48	460.9	389.48	0.0557	417.2	7.510	15.51	7.64	1.59
	68.56	29.74	67.68	0.00	0.0605	10.48	461.2	390.06	0.0554	416.0	7.487	15.48	7.59	1.60
	69.58	29.72	67.68	-0.00	0.0604	10.45	459.9	388.90	0.0555	415.1	7.471	15.44	7.56	1.59
	70.59	29.68	67.70	-0.00	0.0603	10.44	459.1	388.08	0.0560	417.3	7.511	15.52	7.64	1.59
	71.59	29.69	67.65	0.00	0.0603	10.43	458.8	388.10	0.0568	426.1	7.670	15.86	7.95	1.59
	72.59	29.70	67.70	0.00	0.0603	10.45	460.0	388.76	0.0571	432.9	7.793	16.10	8.18	1.59
	73.57	29.72	67.70	0.00	0.0603	10.43	458.7	387.76	0.0577	438.6	7.894	16.31	8.37	1.60
	74.58	29.73	67.68	0.00	0.0603	10.43	458.8	388.03	0.0576	439.0	7.903	16.34	8.39	1.60
	75.58	29.75	67.70	-0.00	0.0603	10.42	458.5	387.65	0.0572	435.1	7.832	16.19	8.26	1.59
	76.58	29.74	67.70	0.00	0.0602	10.41	458.2	387.36	0.0567	424.5	7.642	15.79	7.89	1.59
	77.56	29.77	67.65	0.00	0.0603	10.42	458.5	387.91	0.0580	439.0	7.901	16.34	8.39	1.59
	78.58	29.75	67.70	-0.00	0.0603	10.42	458.6	387.68	0.0582	444.5	8.001	16.54	8.57	1.59
	79.58	29.80	67.67	-0.00	0.0602	10.41	458.1	387.47	0.0583	445.7	8.023	16.59	8.61	1.59
	80.58	29.79	67.70	0.00	0.0602	10.41	458.1	387.32	0.0583	447.4	8.054	16.64	8.67	1.60
	81.59	29.84	67.73	0.00	0.0600	10.39	457.4	386.61	0.0583	445.8	8.024	16.58	8.62	1.59
	82.59	29.81	67.70	-0.00	0.0601	10.38	456.8	386.21	0.0584	446.2	8.031	16.60	8.63	1.59
	83.57	29.87	67.70	0.00	0.0600	10.38	456.7	386.24	0.0592	455.1	8.191	16.93	8.92	1.59
	84.57	29.89	67.70	0.00	0.0601	10.40	457.5	386.96	0.0585	449.6	8.092	16.73	8.75	1.59
	85.58	29.93	67.68	-0.00	0.0601	10.37	456.5	386.29	0.0589	448.8	8.078	16.71	8.72	1.60
	86.58	29.89	67.70	0.00	0.0600	10.35	455.6	385.30	0.0587	444.1	7.994	16.53	8.56	1.60
	87.58	29.87	67.70	0.00	0.0602	10.40	457.6	386.99	0.0591	454.6	8.183	16.92	8.91	1.59
	88.67	29.87	67.70	-0.00	0.0601	10.39	457.3	386.71	0.0603	463.1	8.336	17.23	9.18	1.59
	89.58	29.90	67.70	0.00	0.0600	10.37	456.5	386.10	0.0611	470.0	8.460	17.49	9.40	1.59
	90.59	29.86	67.70	-0.00	0.0601	10.37	456.4	385.93	0.0601	464.5	8.361	17.28	9.23	1.59
	91.59	29.89	67.70	-0.00	0.0601	10.37	456.4	385.99	0.0597	459.9	8.277	17.11	9.08	1.60
	92.59	29.88	67.70	-0.00	0.0600	10.37	456.1	385.73	0.0596	461.7	8.310	17.18	9.14	1.60
	93.58	29.89	67.68	0.00	0.0600	10.37	456.4	386.19	0.0600	463.4	8.341	17.25	9.19	1.60
	94.57	29.89	67.68	0.00	0.0601	10.38	456.5	386.25	0.0609	466.8	8.402	17.38	9.30	1.59
	95.58	29.88	67.68	0.00	0.0600	10.37	456.1	385.94	0.0614	480.2	8.643	17.88	9.72	1.60
	96.58	29.85	67.70	-0.00	0.0600	10.37	456.3	385.89	0.0611	474.5	8.541	17.66	9.54	1.59
	97.58	29.83	67.68	0.00	0.0599	10.35	455.2	385.06	0.0623	488.6	8.794	18.19	9.98	1.60
	98.58	29.88	67.68	-0.00	0.0599	10.34	455.1	385.03	0.0620	485.7	8.742	18.08	9.89	1.60
	99.59	29.85	67.68	-0.00	0.0600	10.35	455.3	385.17	0.0621	486.3	8.754	18.10	9.91	1.59
	100.57	29.86	67.65	-0.00	0.0600	10.34	455.0	385.12	0.0625	491.0	8.839	18.29	10.05	1.59
	101.59	29.87	67.70	0.00	0.0599	10.35	455.2	384.98	0.0629	494.0	8.891	18.38	10.14	1.60
	102.59	29.92	67.68	-0.00	0.0599	10.33	454.7	384.78	0.0623	494.2	8.896	18.40	10.15	1.60
	103.65	29.84	67.66	0.00	0.0600	10.36	455.7	385.61	0.0624	490.1	8.821	18.25	10.02	1.60
	104.58	29.89	67.65	0.00	0.0598	10.33	454.5	384.73	0.0618	483.8	8.709	18.02	9.84	1.60
	105.58	29.89	67.70	-0.00	0.0599	10.33	454.5	384.39	0.0623	488.4	8.791	18.18	9.98	1.59
	106.60	29.91	67.70	-0.00	0.0598	10.33	454.6	384.53	0.0617	484.5	8.721	18.03	9.86	1.60
	107.58	29.88	67.68	-0.00	0.0598	10.31	453.6	383.77	0.0623	488.0	8.783	18.17	9.96	1.60
	108.58	29.89	67.70	0.00	0.0598	10.32	454.2	384.13	0.0631	496.8	8.942	18.49	10.23	1.60
	109.58	29.91	67.73	0.00	0.0598	10.31	453.7	383.60	0.0633	503.2	9.058	18.72	10.42	1.60
	110.57	29.85	67.70	0.00	0.0597	10.31	453.7	383.67	0.0633	500.1	9.002	18.61	10.33	1.60
	111.57	29.89	67.70	0.00	0.0596	10.28	452.3	382.55	0.0627	491.7	8.851	18.30	10.08	1.59
	112.59	29.91	67.70	0.00	0.0597	10.29	452.8	382.99	0.0627	489.6	8.813	18.22	10.01	1.60
	113.57	29.92	67.70	0.00	0.0598	10.33	454.7	384.60	0.0636	497.1	8.947	18.50	10.24	1.59
	114.55	29.92	67.70	0.00	0.0598	10.32	454.2	384.18	0.0638	505.1	9.092	18.80	10.48	1.60
	115.57	29.92	67.71	0.00	0.0598	10.32	453.9	383.90	0.0639	504.6	9.082	18.78	10.46	1.60
	116.66	29.88	67.70	0.00	0.0597	10.31	453.7	383.73	0.0633	501.8	9.032	18.67	10.38	1.60
	117.58	29.91	67.70	0.00	0.0598	10.31	453.7	383.76	0.0642	508.4	9.152	18.92	10.58	1.60
	118.58	29.86	67.72	0.00	0.0597	10.29	452.9	382.85	0.0644	512.5	9.225	19.06	10.70	1.60
	119.59	29.88	67.68	-0.00	0.0596	10.30	453.2	383.43	0.0643	509.8	9.176	18.98	10.62	1.60
	120.59	29.89	67.70	-0.00	0.0595	10.25	450.9	381.35	0.0645	514.0	9.252	19.13	10.74	1.60
	121.59	29.95	67.71	-0.00	0.0595	10.23	450.3	380.87	0.0652	525.3	9.456	19.55	11.07	1.60
	122.57	29.91	67.73	0.00	0.0595	10.24	450.7	381.07	0.0645	516.9	9.304	19.23	10.83	1.60
