Jul 28 2015 at 14:03:35
Frequency: 1.00Hz.
CO2
Zero:  Value:0.95  Date:18 Mar 2005	 at 07:22:33	
Span:  Value:1.00  Date:18 Mar 2005	 at 07:25:09	
H2O
Zero:  Value:0.71  Date:18 Mar 2005	 at 07:52:31	
Span:  Value:0.99  Date:18 Mar 2005	 at 11:44:01	
	Relative Time	Temperature	Pressure	Aux Input	CO2 Absorptance	CO2 mmol/m3	CO2 mg/m3	CO2 umol/mol	H2O Absorptance	H2O mmol/m3	H2O g/m3	H2O mmol/mol	H2O(°C)	Cooler Voltage
	0.59	31.39	67.70	0.00	0.0628	10.99	483.5	410.96	0.0466	324.5	5.841	12.14	4.09	1.57
	1.62	31.37	67.70	-0.00	0.0627	10.98	483.1	410.56	0.0466	326.1	5.870	12.20	4.16	1.57
	2.61	31.35	67.72	-0.00	0.0626	10.96	482.3	409.75	0.0470	328.4	5.911	12.27	4.25	1.57
	3.62	31.39	67.70	0.00	0.0626	10.94	481.3	409.10	0.0479	337.0	6.066	12.60	4.63	1.57
	4.59	31.41	67.68	0.00	0.0626	10.93	481.1	409.04	0.0493	352.5	6.345	13.19	5.27	1.57
	5.60	31.39	67.72	0.00	0.0623	10.90	479.6	407.47	0.0508	361.7	6.511	13.52	5.64	1.57
	6.58	31.38	67.70	0.00	0.0623	10.88	478.5	406.68	0.0519	374.1	6.735	13.99	6.13	1.57
	7.60	31.39	67.70	0.00	0.0623	10.88	478.7	406.88	0.0511	369.1	6.644	13.81	5.94	1.57
	8.60	31.33	67.70	0.00	0.0623	10.87	478.5	406.60	0.0515	370.7	6.673	13.86	5.99	1.57
	9.59	31.37	67.73	0.00	0.0621	10.85	477.6	405.74	0.0537	384.0	6.911	14.35	6.50	1.57
	10.61	31.38	67.72	-0.00	0.0620	10.80	475.0	403.59	0.0538	396.3	7.134	14.82	6.97	1.57
	11.61	31.39	67.68	0.00	0.0618	10.80	475.1	403.99	0.0562	406.4	7.314	15.20	7.33	1.57
	12.61	31.37	67.70	0.00	0.0616	10.75	472.8	401.81	0.0578	431.8	7.773	16.15	8.22	1.57
	13.60	31.39	67.70	0.00	0.0619	10.80	475.1	403.80	0.0566	423.9	7.631	15.85	7.95	1.57
	14.60	31.36	67.70	0.00	0.0622	10.83	476.7	405.13	0.0586	446.5	8.037	16.70	8.71	1.57
	15.60	31.39	67.70	0.00	0.0620	10.82	476.1	404.67	0.0587	446.9	8.044	16.71	8.73	1.57
	16.60	31.39	67.73	0.00	0.0619	10.80	475.2	403.77	0.0583	444.9	8.009	16.63	8.67	1.57
	17.61	31.36	67.72	-0.00	0.0614	10.71	471.1	400.24	0.0594	460.7	8.293	17.22	9.18	1.57
	18.60	31.34	67.75	0.00	0.0617	10.72	471.9	400.69	0.0572	428.6	7.714	16.01	8.11	1.58
	19.61	31.33	67.70	0.00	0.0618	10.77	473.7	402.53	0.0581	439.8	7.916	16.44	8.49	1.57
	20.61	31.37	67.70	-0.00	0.0617	10.74	472.7	401.74	0.0577	435.6	7.842	16.29	8.35	1.57
	21.59	31.39	67.73	0.00	0.0618	10.76	473.4	402.20	0.0592	454.1	8.174	16.98	8.97	1.57
	22.61	31.37	67.70	-0.00	0.0617	10.73	472.1	401.28	0.0591	450.8	8.115	16.86	8.86	1.57
	23.60	31.36	67.72	-0.00	0.0616	10.71	471.4	400.51	0.0602	463.3	8.340	17.32	9.26	1.57
	24.62	31.41	67.72	-0.00	0.0617	10.75	472.9	401.86	0.0599	460.7	8.293	17.23	9.18	1.58
	25.68	31.41	67.72	0.00	0.0617	10.74	472.5	401.48	0.0600	464.7	8.364	17.37	9.31	1.57
	26.60	31.40	67.72	0.00	0.0617	10.73	472.2	401.21	0.0594	456.6	8.218	17.07	9.05	1.57
	27.61	31.39	67.70	0.00	0.0616	10.72	471.5	400.75	0.0610	471.9	8.494	17.65	9.54	1.57
	28.59	31.43	67.70	0.00	0.0615	10.68	470.0	399.50	0.0621	486.2	8.751	18.18	9.98	1.57
	29.61	31.45	67.72	-0.00	0.0615	10.69	470.5	399.83	0.0611	476.5	8.577	17.82	9.68	1.57
	30.61	31.49	67.72	-0.00	0.0614	10.66	469.2	398.84	0.0619	483.2	8.698	18.07	9.90	1.57
	31.62	31.51	67.73	-0.00	0.0613	10.65	468.6	398.34	0.0610	475.6	8.561	17.79	9.66	1.57
	32.60	31.51	67.70	-0.00	0.0612	10.63	467.5	397.56	0.0632	494.6	8.902	18.50	10.24	1.57
	33.62	31.53	67.75	-0.00	0.0611	10.61	466.8	396.64	0.0643	512.6	9.227	19.17	10.78	1.57
	34.59	31.55	67.70	0.00	0.0611	10.60	466.5	396.74	0.0641	506.3	9.114	18.95	10.60	1.57
	35.62	31.58	67.70	0.00	0.0609	10.56	464.8	395.28	0.0621	488.0	8.784	18.26	10.05	1.57
	36.60	31.56	67.68	0.00	0.0609	10.56	464.5	395.16	0.0642	500.5	9.010	18.74	10.43	1.58
	37.60	31.53	67.70	0.00	0.0610	10.58	465.5	395.82	0.0650	520.2	9.363	19.46	11.00	1.57
	38.59	31.58	67.73	-0.00	0.0608	10.55	464.2	394.64	0.0659	527.9	9.502	19.75	11.23	1.57
	39.59	31.55	67.70	0.00	0.0608	10.53	463.5	394.18	0.0665	540.1	9.722	20.21	11.57	1.57
	40.59	31.58	67.73	-0.00	0.0608	10.53	463.4	394.00	0.0664	535.2	9.634	20.02	11.43	1.57
	41.61	31.54	67.70	-0.00	0.0608	10.55	464.1	394.69	0.0661	532.3	9.581	19.92	11.35	1.57
	42.60	31.52	67.70	0.00	0.0607	10.52	462.8	393.57	0.0669	541.3	9.744	20.25	11.60	1.58
	43.62	31.53	67.70	-0.00	0.0606	10.50	462.0	392.88	0.0671	544.8	9.806	20.38	11.70	1.57
	44.60	31.56	67.72	0.00	0.0607	10.52	462.9	393.56	0.0670	544.0	9.791	20.35	11.68	1.57
	45.60	31.51	67.70	0.00	0.0606	10.50	461.9	392.76	0.0682	554.1	9.974	20.73	11.96	1.57
	46.68	31.51	67.70	-0.00	0.0600	10.46	460.4	391.48	0.0724	571.5	10.287	21.38	12.43	1.57
	47.60	31.50	67.70	0.00	0.0600	10.36	456.0	387.76	0.0724	610.0	10.980	22.82	13.42	1.58
	48.59	31.51	67.68	0.00	0.0602	10.38	456.8	388.53	0.0709	604.1	10.874	22.61	13.27	1.57
	49.61	31.49	67.70	-0.00	0.0604	10.44	459.2	390.43	0.0696	576.7	10.380	21.57	12.56	1.57
	50.59	31.49	67.70	0.00	0.0604	10.42	458.6	389.96	0.0697	581.8	10.473	21.77	12.70	1.57
	51.59	31.45	67.65	0.00	0.0603	10.43	458.8	390.35	0.0703	584.3	10.517	21.87	12.76	1.57
	52.59	31.45	67.72	0.00	0.0603	10.43	458.8	389.89	0.0703	582.2	10.479	21.77	12.70	1.57
	53.60	31.45	67.70	-0.00	0.0602	10.42	458.5	389.85	0.0702	581.0	10.458	21.73	12.67	1.57
	54.59	31.44	67.70	0.00	0.0604	10.44	459.6	390.66	0.0694	571.8	10.292	21.39	12.43	1.57
	55.66	31.47	67.70	0.00	0.0603	10.43	458.9	390.11	0.0699	576.7	10.381	21.57	12.56	1.57
	56.60	31.44	67.68	-0.00	0.0603	10.43	459.0	390.37	0.0698	576.8	10.383	21.58	12.56	1.57
	57.61	31.45	67.70	-0.00	0.0603	10.42	458.4	389.71	0.0702	580.7	10.452	21.72	12.67	1.57
	58.59	31.45	67.70	0.00	0.0603	10.42	458.3	389.58	0.0704	584.0	10.511	21.84	12.75	1.57
	59.61	31.47	67.70	0.00	0.0603	10.42	458.3	389.64	0.0703	583.2	10.497	21.82	12.73	1.58
	60.61	31.45	67.70	-0.00	0.0603	10.43	459.1	390.29	0.0700	578.5	10.414	21.64	12.61	1.58
	61.60	31.47	67.68	-0.00	0.0602	10.42	458.3	389.81	0.0706	584.1	10.514	21.86	12.76	1.57
	62.59	31.47	67.68	0.00	0.0601	10.39	457.2	388.91	0.0706	586.5	10.556	21.95	12.82	1.57
	63.60	31.49	67.70	0.00	0.0601	10.38	456.7	388.35	0.0714	591.5	10.647	22.13	12.95	1.57
	64.60	31.45	67.70	0.00	0.0601	10.35	455.5	387.25	0.0721	614.1	11.054	22.97	13.52	1.58
	65.60	31.45	67.70	0.00	0.0598	10.35	455.2	386.98	0.0742	617.6	11.117	23.10	13.61	1.58
	66.61	31.47	67.70	-0.00	0.0596	10.28	452.2	384.45	0.0775	667.8	12.020	24.98	14.82	1.58
	67.60	31.47	67.70	0.00	0.0596	10.26	451.7	384.00	0.0775	673.1	12.116	25.18	14.94	1.57
	68.59	31.45	67.70	0.00	0.0598	10.30	453.3	385.35	0.0760	655.7	11.803	24.53	14.53	1.58
	69.61	31.45	67.76	0.00	0.0599	10.33	454.5	386.10	0.0731	631.5	11.366	23.60	13.95	1.57
	70.61	31.45	67.70	-0.00	0.0599	10.35	455.4	387.14	0.0742	621.5	11.187	23.25	13.71	1.57
	71.61	31.47	67.70	-0.00	0.0599	10.33	454.5	386.40	0.0741	632.1	11.379	23.65	13.97	1.58
	72.60	31.47	67.73	-0.00	0.0598	10.34	454.8	386.49	0.0740	631.6	11.368	23.62	13.95	1.58
	73.60	31.45	67.70	-0.00	0.0597	10.29	452.6	384.76	0.0736	625.4	11.257	23.39	13.80	1.58
	74.60	31.47	67.73	-0.00	0.0597	10.28	452.4	384.50	0.0740	628.0	11.305	23.48	13.87	1.58
	75.58	31.47	67.70	0.00	0.0596	10.27	452.1	384.35	0.0739	627.8	11.300	23.48	13.86	1.58
	76.60	31.47	67.72	0.00	0.0596	10.27	451.9	384.05	0.0742	632.8	11.390	23.66	13.98	1.58
	77.61	31.51	67.72	0.00	0.0596	10.27	451.9	384.09	0.0751	642.1	11.557	24.01	14.21	1.58
	78.61	31.51	67.72	0.00	0.0596	10.27	451.7	383.97	0.0743	635.3	11.435	23.76	14.05	1.58
	79.61	31.47	67.68	0.00	0.0595	10.25	450.9	383.46	0.0758	653.5	11.763	24.46	14.48	1.58
	80.61	31.51	67.70	0.00	0.0595	10.25	451.1	383.62	0.0748	640.0	11.521	23.95	14.16	1.58
	81.60	31.49	67.70	-0.00	0.0595	10.26	451.2	383.67	0.0755	646.2	11.631	24.17	14.31	1.58
	82.60	31.47	67.70	0.00	0.0594	10.23	450.2	382.71	0.0768	664.0	11.952	24.84	14.73	1.58
	83.68	31.47	67.73	0.00	0.0592	10.18	448.1	380.82	0.0775	676.1	12.170	25.28	15.01	1.58
	84.61	31.45	67.73	-0.00	0.0592	10.20	448.7	381.32	0.0781	679.1	12.223	25.39	15.08	1.58
	85.60	31.47	67.70	0.00	0.0592	10.19	448.2	381.04	0.0789	692.2	12.460	25.89	15.37	1.58
	86.60	31.49	67.70	0.00	0.0590	10.17	447.4	380.41	0.0802	692.4	12.464	25.90	15.38	1.58
	87.61	31.47	67.72	-0.00	0.0588	10.10	444.5	377.80	0.0810	721.5	12.987	26.98	16.02	1.58
	88.59	31.49	67.70	0.00	0.0594	10.22	449.8	382.45	0.0770	668.5	12.033	25.01	14.83	1.58
	89.61	31.51	67.70	0.00	0.0592	10.21	449.1	381.88	0.0782	678.9	12.220	25.40	15.07	1.58
	90.59	31.54	67.70	0.00	0.0594	10.18	447.8	380.80	0.0766	684.2	12.316	25.60	15.20	1.58
	91.60	31.56	67.70	0.00	0.0594	10.21	449.2	382.04	0.0769	671.1	12.081	25.11	14.90	1.58
	92.60	31.56	67.70	-0.00	0.0593	10.20	449.0	381.85	0.0769	670.5	12.068	25.09	14.88	1.58
	93.60	31.53	67.70	-0.00	0.0593	10.20	448.8	381.61	0.0766	669.3	12.047	25.04	14.85	1.58
	94.61	31.53	67.70	-0.00	0.0594	10.22	449.8	382.46	0.0766	661.0	11.898	24.73	14.66	1.58
	95.61	31.52	67.70	-0.00	0.0594	10.23	450.0	382.63	0.0763	656.8	11.823	24.57	14.56	1.58
	96.61	31.58	67.72	-0.00	0.0591	10.17	447.3	380.31	0.0780	677.0	12.187	25.33	15.04	1.58
	97.69	31.55	67.70	-0.00	0.0591	10.18	448.0	380.99	0.0775	671.8	12.093	25.14	14.91	1.58
	98.61	31.60	67.72	-0.00	0.0591	10.19	448.1	381.04	0.0769	666.4	11.996	24.93	14.79	1.58
	99.61	31.57	67.70	0.00	0.0590	10.14	446.1	379.43	0.0761	657.8	11.841	24.62	14.59	1.58
	100.59	31.59	67.70	0.00	0.0593	10.20	448.8	381.75	0.0759	660.6	11.891	24.72	14.65	1.58
	101.59	31.57	67.70	0.00	0.0593	10.20	448.6	381.51	0.0762	660.3	11.885	24.71	14.65	1.58
	102.59	31.60	67.72	0.00	0.0592	10.19	448.3	381.16	0.0769	665.5	11.979	24.90	14.77	1.58
	103.60	31.55	67.70	-0.00	0.0592	10.18	448.0	380.96	0.0772	673.0	12.114	25.18	14.94	1.58
	104.58	31.54	67.73	0.00	0.0590	10.14	446.3	379.41	0.0786	685.3	12.336	25.63	15.22	1.58
	105.60	31.53	67.70	-0.00	0.0590	10.14	446.0	379.30	0.0786	690.6	12.430	25.84	15.34	1.58
	106.61	31.58	67.72	-0.00	0.0589	10.13	445.8	378.99	0.0792	694.0	12.491	25.96	15.42	1.58
	107.61	31.56	67.70	-0.00	0.0589	10.12	445.3	378.69	0.0791	698.9	12.580	26.15	15.53	1.58
	108.61	31.54	67.70	0.00	0.0588	10.10	444.5	377.99	0.0795	700.6	12.611	26.21	15.57	1.58
	109.61	31.60	67.70	-0.00	0.0588	10.10	444.4	378.00	0.0792	696.9	12.543	26.08	15.49	1.58
	110.61	31.59	67.68	-0.00	0.0587	10.09	443.8	377.62	0.0803	709.2	12.765	26.55	15.76	1.58
	111.62	31.63	67.70	-0.00	0.0588	10.10	444.4	377.98	0.0795	696.9	12.545	26.08	15.49	1.58
	112.60	31.67	67.72	-0.00	0.0588	10.10	444.5	378.04	0.0797	702.3	12.642	26.28	15.61	1.58
	113.60	31.67	67.72	-0.00	0.0587	10.07	442.9	376.65	0.0801	712.1	12.818	26.65	15.83	1.58
	114.60	31.72	67.70	0.00	0.0588	10.10	444.4	378.14	0.0786	689.9	12.419	25.83	15.34	1.58
	115.60	31.72	67.70	-0.00	0.0590	10.13	445.5	379.09	0.0772	672.8	12.110	25.19	14.94	1.58
	116.61	31.69	67.70	0.00	0.0590	10.14	446.3	379.73	0.0771	664.4	11.959	24.87	14.75	1.58
	117.59	31.68	67.70	0.00	0.0589	10.13	445.6	379.10	0.0784	688.6	12.394	25.78	15.30	1.58
	118.59	31.68	67.70	0.00	0.0588	10.09	444.1	377.80	0.0791	696.5	12.537	26.07	15.48	1.58
	119.59	31.65	67.72	0.00	0.0587	10.07	442.9	376.68	0.0801	710.9	12.796	26.60	15.80	1.58
	120.59	31.69	67.70	0.00	0.0590	10.12	445.3	378.85	0.0785	692.2	12.460	25.91	15.39	1.58
