Jul 28 2015 at 10:25:57
Frequency: 1.00Hz.
CO2
Zero:  Value:0.95  Date:18 Mar 2005	 at 07:22:33	
Span:  Value:1.00  Date:18 Mar 2005	 at 07:25:09	
H2O
Zero:  Value:0.71  Date:18 Mar 2005	 at 07:52:31	
Span:  Value:0.99  Date:18 Mar 2005	 at 11:44:01	
	Relative Time	Temperature	Pressure	Aux Input	CO2 Absorptance	CO2 mmol/m3	CO2 mg/m3	CO2 umol/mol	H2O Absorptance	H2O mmol/m3	H2O g/m3	H2O mmol/mol	H2O(°C)	Cooler Voltage
	0.12	24.72	67.63	-0.00	0.0624	10.90	479.4	398.96	0.0404	261.7	4.710	9.58	0.75	1.57
	1.16	24.72	67.68	-0.00	0.0622	10.87	478.3	397.79	0.0420	292.4	5.263	10.70	2.30	1.57
	2.14	24.74	67.65	0.00	0.0622	10.87	478.1	397.79	0.0416	283.0	5.093	10.36	1.84	1.57
	3.15	24.73	67.65	0.00	0.0620	10.82	476.1	396.13	0.0420	286.7	5.161	10.50	2.03	1.57
	4.15	24.74	67.65	-0.00	0.0621	10.83	476.6	396.59	0.0427	287.0	5.166	10.51	2.04	1.57
	5.15	24.74	67.65	-0.00	0.0618	10.81	475.8	395.92	0.0431	292.4	5.263	10.71	2.30	1.57
	6.13	24.74	67.65	0.00	0.0619	10.79	474.7	394.94	0.0440	302.4	5.442	11.07	2.77	1.57
	7.13	24.72	67.65	0.00	0.0617	10.77	473.9	394.31	0.0443	305.8	5.504	11.19	2.93	1.57
	8.14	24.72	67.65	-0.00	0.0617	10.75	473.1	393.59	0.0446	306.7	5.521	11.23	2.97	1.57
	9.14	24.73	67.65	-0.00	0.0617	10.74	472.7	393.27	0.0451	308.9	5.560	11.31	3.07	1.57
	10.14	24.73	67.65	-0.00	0.0616	10.73	472.3	392.97	0.0450	309.5	5.571	11.33	3.10	1.57
	11.14	24.74	67.65	-0.00	0.0616	10.74	472.4	393.07	0.0452	311.7	5.611	11.41	3.20	1.57
	12.15	24.72	67.67	0.00	0.0615	10.70	470.9	391.62	0.0454	313.1	5.636	11.46	3.27	1.57
	13.14	24.72	67.68	0.00	0.0612	10.64	468.4	389.50	0.0456	315.9	5.685	11.56	3.39	1.57
	14.15	24.72	67.65	-0.00	0.0613	10.67	469.5	390.62	0.0458	316.8	5.702	11.60	3.43	1.57
	15.15	24.72	67.65	-0.00	0.0613	10.67	469.6	390.73	0.0473	329.1	5.924	12.05	3.97	1.57
	16.15	24.74	67.65	-0.00	0.0612	10.61	467.0	388.53	0.0477	330.9	5.955	12.11	4.05	1.57
	17.14	24.75	67.65	0.00	0.0612	10.64	468.2	389.54	0.0481	338.0	6.085	12.38	4.36	1.57
	18.13	24.75	67.65	0.00	0.0611	10.65	468.5	389.79	0.0490	348.6	6.274	12.76	4.79	1.57
	19.14	24.75	67.65	-0.00	0.0611	10.62	467.3	388.87	0.0499	355.0	6.390	13.00	5.05	1.57
	20.14	24.75	67.63	-0.00	0.0610	10.58	465.5	387.46	0.0495	350.0	6.300	12.82	4.85	1.57
	21.14	24.77	67.65	0.00	0.0611	10.60	466.6	388.26	0.0501	358.9	6.460	13.14	5.21	1.57
	22.12	24.75	67.65	0.00	0.0610	10.59	466.0	387.77	0.0505	362.0	6.515	13.25	5.33	1.57
	23.14	24.75	67.65	0.00	0.0609	10.58	465.4	387.21	0.0499	359.2	6.466	13.15	5.23	1.57
	24.13	24.73	67.65	0.00	0.0608	10.55	464.2	386.21	0.0485	345.3	6.215	12.64	4.66	1.57
	25.13	24.75	67.65	0.00	0.0610	10.59	465.7	387.53	0.0501	355.0	6.390	13.00	5.06	1.57
	26.15	24.74	67.65	0.00	0.0610	10.58	465.4	387.25	0.0500	357.6	6.436	13.09	5.16	1.57
	27.13	24.76	67.65	0.00	0.0611	10.59	466.0	387.72	0.0505	360.2	6.483	13.19	5.26	1.57
	28.14	24.76	67.65	0.00	0.0609	10.59	465.8	387.57	0.0510	368.3	6.629	13.48	5.58	1.57
	29.14	24.75	67.65	-0.00	0.0609	10.55	464.0	386.12	0.0503	360.1	6.482	13.18	5.26	1.57
	30.14	24.75	67.65	0.00	0.0608	10.57	465.0	386.92	0.0519	375.9	6.766	13.76	5.88	1.57
	31.14	24.77	67.65	-0.00	0.0608	10.54	463.8	385.90	0.0517	365.0	6.570	13.36	5.46	1.57
	32.14	24.78	67.65	0.00	0.0608	10.54	463.6	385.80	0.0532	381.7	6.870	13.97	6.10	1.57
	33.13	24.79	67.68	-0.00	0.0607	10.51	462.7	384.86	0.0524	387.1	6.968	14.17	6.31	1.57
	34.15	24.79	67.65	-0.00	0.0606	10.50	462.2	384.61	0.0505	369.2	6.646	13.52	5.62	1.57
	35.13	24.77	67.65	0.00	0.0607	10.52	462.7	385.03	0.0498	355.7	6.403	13.02	5.08	1.57
	36.13	24.83	67.65	0.00	0.0608	10.53	463.2	385.51	0.0530	388.1	6.986	14.21	6.35	1.57
	37.14	24.80	67.65	0.00	0.0605	10.50	461.9	384.44	0.0516	370.9	6.675	13.58	5.69	1.57
	38.13	24.79	67.65	0.00	0.0607	10.52	462.7	385.03	0.0521	379.6	6.833	13.90	6.02	1.57
	39.12	24.81	67.65	0.00	0.0605	10.51	462.3	384.75	0.0512	370.4	6.667	13.56	5.67	1.57
	40.20	24.83	67.67	0.00	0.0606	10.49	461.4	383.85	0.0523	377.8	6.800	13.83	5.96	1.57
	41.14	24.81	67.65	-0.00	0.0605	10.49	461.8	384.31	0.0532	391.3	7.043	14.33	6.46	1.57
	42.14	24.85	67.65	0.00	0.0604	10.47	460.5	383.31	0.0517	380.4	6.847	13.93	6.06	1.57
	43.12	24.83	67.65	0.00	0.0603	10.44	459.3	382.26	0.0513	369.0	6.642	13.51	5.62	1.57
	44.21	24.83	67.65	-0.00	0.0603	10.46	460.4	383.22	0.0515	380.7	6.852	13.94	6.07	1.57
	45.13	24.83	67.65	0.00	0.0607	10.47	460.8	383.50	0.0534	382.7	6.889	14.02	6.14	1.57
	46.15	24.83	67.65	0.00	0.0605	10.47	460.9	383.57	0.0532	388.7	6.997	14.24	6.37	1.57
	47.14	24.82	67.65	0.00	0.0605	10.48	461.0	383.64	0.0535	393.9	7.089	14.42	6.56	1.57
	48.14	24.84	67.65	0.00	0.0606	10.49	461.5	384.11	0.0545	403.3	7.260	14.77	6.91	1.57
	49.14	24.84	67.65	-0.00	0.0605	10.48	461.2	383.91	0.0546	404.7	7.285	14.82	6.96	1.57
	50.14	24.84	67.65	0.00	0.0605	10.46	460.2	383.06	0.0548	405.2	7.294	14.84	6.97	1.57
	51.15	24.83	67.65	-0.00	0.0605	10.47	460.7	383.47	0.0553	412.0	7.416	15.09	7.22	1.57
	52.15	24.83	67.65	-0.00	0.0603	10.46	460.2	383.00	0.0552	412.6	7.426	15.11	7.24	1.57
	53.15	24.83	67.65	-0.00	0.0602	10.43	459.1	382.09	0.0554	414.4	7.459	15.17	7.30	1.57
	54.15	24.82	67.65	-0.00	0.0604	10.45	459.7	382.60	0.0549	412.4	7.424	15.10	7.23	1.57
	55.15	24.83	67.68	-0.00	0.0603	10.44	459.4	382.24	0.0555	409.0	7.363	14.97	7.11	1.57
	56.21	24.84	67.65	0.00	0.0603	10.46	460.4	383.17	0.0563	418.2	7.528	15.32	7.44	1.57
	57.13	24.84	67.65	-0.00	0.0604	10.44	459.2	382.17	0.0564	424.5	7.642	15.55	7.65	1.57
	58.13	24.84	67.65	0.00	0.0603	10.43	459.1	382.09	0.0563	423.4	7.621	15.50	7.61	1.57
	59.12	24.84	67.67	0.00	0.0603	10.44	459.2	382.09	0.0565	425.1	7.652	15.56	7.67	1.57
	60.12	24.86	67.63	0.00	0.0604	10.42	458.6	381.83	0.0566	426.2	7.672	15.61	7.71	1.57
	61.14	24.84	67.65	-0.00	0.0602	10.42	458.6	381.68	0.0568	428.4	7.712	15.69	7.79	1.57
	62.13	24.84	67.65	0.00	0.0602	10.41	457.8	381.07	0.0572	431.1	7.761	15.79	7.88	1.57
	63.15	24.84	67.65	0.00	0.0601	10.38	456.7	380.16	0.0573	432.3	7.781	15.83	7.92	1.57
	64.15	24.84	67.65	-0.00	0.0600	10.39	457.1	380.43	0.0576	437.3	7.872	16.02	8.09	1.57
	65.15	24.84	67.65	0.00	0.0602	10.40	457.6	380.85	0.0576	437.4	7.873	16.02	8.09	1.57
	66.14	24.86	67.65	-0.00	0.0602	10.41	457.8	381.08	0.0577	437.8	7.881	16.03	8.11	1.57
	67.14	24.86	67.65	0.00	0.0601	10.40	457.6	380.90	0.0569	430.7	7.753	15.78	7.87	1.57
	68.14	24.86	67.65	-0.00	0.0601	10.37	456.3	379.80	0.0576	437.0	7.866	16.01	8.08	1.57
	69.16	24.86	67.65	-0.00	0.0600	10.37	456.4	379.89	0.0574	434.3	7.817	15.91	7.99	1.57
	70.14	24.88	67.65	-0.00	0.0600	10.38	456.9	380.36	0.0573	436.2	7.851	15.98	8.05	1.57
	71.14	24.88	67.65	0.00	0.0600	10.37	456.5	379.97	0.0567	430.3	7.745	15.76	7.85	1.57
	72.14	24.89	67.65	0.00	0.0600	10.36	456.0	379.58	0.0570	429.5	7.731	15.73	7.83	1.57
	73.13	24.88	67.65	0.00	0.0601	10.38	456.6	380.03	0.0580	440.9	7.937	16.15	8.21	1.57
	74.13	24.90	67.63	0.00	0.0600	10.38	456.6	380.24	0.0577	441.6	7.948	16.18	8.24	1.57
	75.15	24.90	67.65	-0.00	0.0601	10.41	457.9	381.22	0.0568	429.0	7.723	15.72	7.81	1.57
	76.14	24.91	67.63	0.00	0.0601	10.38	456.7	380.35	0.0581	439.4	7.908	16.10	8.16	1.57
	77.14	24.90	67.68	-0.00	0.0600	10.36	455.8	379.26	0.0571	432.1	7.779	15.82	7.92	1.57
	78.14	24.91	67.68	0.00	0.0600	10.35	455.4	378.98	0.0581	436.6	7.859	15.99	8.07	1.57
	79.14	24.91	67.68	-0.00	0.0599	10.36	455.9	379.43	0.0568	435.2	7.834	15.94	8.02	1.57
	80.14	24.87	67.65	0.00	0.0599	10.36	455.8	379.44	0.0578	435.9	7.846	15.96	8.04	1.57
	81.14	24.93	67.67	-0.00	0.0600	10.37	456.3	379.80	0.0588	451.1	8.120	16.52	8.55	1.57
	82.12	24.91	67.65	0.00	0.0601	10.37	456.2	379.82	0.0585	445.7	8.023	16.33	8.37	1.57
	83.13	24.93	67.65	0.00	0.0600	10.36	456.0	379.64	0.0581	444.4	7.999	16.28	8.33	1.57
	84.12	24.95	67.65	0.00	0.0598	10.36	455.9	379.62	0.0581	450.1	8.102	16.49	8.52	1.57
	85.13	24.95	67.63	-0.00	0.0599	10.34	455.0	378.99	0.0591	455.2	8.194	16.68	8.69	1.57
	86.13	24.95	67.65	0.00	0.0600	10.35	455.4	379.16	0.0596	454.2	8.175	16.64	8.65	1.57
	87.14	24.93	67.65	0.00	0.0598	10.34	454.9	378.75	0.0591	454.9	8.188	16.66	8.67	1.57
	88.14	24.93	67.65	-0.00	0.0598	10.32	454.1	378.08	0.0593	451.1	8.119	16.52	8.55	1.57
	89.12	24.93	67.65	0.00	0.0599	10.34	454.8	378.65	0.0599	460.9	8.296	16.88	8.87	1.57
	90.14	24.93	67.68	0.00	0.0598	10.34	454.8	378.55	0.0600	461.9	8.315	16.92	8.90	1.57
	91.14	24.93	67.65	-0.00	0.0599	10.33	454.5	378.41	0.0605	467.8	8.420	17.14	9.09	1.57
	92.13	24.93	67.63	0.00	0.0599	10.32	453.9	378.06	0.0600	461.3	8.304	16.91	8.88	1.57
	93.13	24.93	67.65	-0.00	0.0598	10.32	454.0	378.00	0.0601	464.0	8.353	17.00	8.97	1.57
	94.15	24.91	67.65	0.00	0.0597	10.31	453.8	377.81	0.0600	463.3	8.339	16.97	8.94	1.57
	95.14	24.90	67.68	-0.00	0.0597	10.31	453.9	377.67	0.0604	467.9	8.423	17.13	9.09	1.57
	96.14	24.90	67.65	0.00	0.0598	10.31	453.6	377.63	0.0610	472.0	8.496	17.29	9.22	1.57
	97.14	24.90	67.68	0.00	0.0597	10.31	453.7	377.56	0.0614	474.4	8.539	17.37	9.29	1.57
	98.12	24.88	67.65	0.00	0.0597	10.30	453.2	377.21	0.0617	479.5	8.631	17.56	9.45	1.57
	99.14	24.88	67.65	0.00	0.0596	10.29	452.6	376.73	0.0608	471.3	8.483	17.26	9.20	1.57
	100.12	24.86	67.65	0.00	0.0597	10.27	452.0	376.21	0.0610	471.3	8.483	17.26	9.20	1.57
	101.15	24.86	67.65	-0.00	0.0597	10.29	452.6	376.70	0.0609	473.8	8.528	17.35	9.27	1.57
	102.20	24.86	67.65	0.00	0.0597	10.29	452.8	376.94	0.0614	479.2	8.625	17.55	9.44	1.57
	103.15	24.86	67.65	-0.00	0.0597	10.30	453.0	377.09	0.0618	483.2	8.697	17.70	9.57	1.58
	104.13	24.86	67.65	0.00	0.0597	10.29	452.8	376.93	0.0623	485.7	8.742	17.79	9.64	1.58
	105.13	24.88	67.65	0.00	0.0595	10.28	452.3	376.46	0.0625	491.6	8.849	18.01	9.82	1.58
	106.13	24.88	67.65	0.00	0.0596	10.27	451.8	376.12	0.0631	499.2	8.985	18.28	10.05	1.57
	107.14	24.89	67.62	-0.00	0.0595	10.27	451.8	376.22	0.0630	494.9	8.907	18.13	9.92	1.57
	108.12	24.90	67.65	0.00	0.0595	10.24	450.7	375.19	0.0629	493.1	8.876	18.06	9.87	1.58
	109.14	24.90	67.65	-0.00	0.0595	10.24	450.6	375.11	0.0635	501.8	9.032	18.38	10.13	1.58
	110.15	24.90	67.68	-0.00	0.0594	10.25	451.1	375.35	0.0633	503.8	9.068	18.45	10.19	1.57
	111.14	24.90	67.65	0.00	0.0595	10.24	450.7	375.23	0.0627	496.3	8.933	18.18	9.97	1.58
	112.13	24.93	67.65	0.00	0.0593	10.22	449.6	374.28	0.0621	485.8	8.745	17.80	9.65	1.58
	113.23	24.93	67.62	-0.00	0.0594	10.22	449.7	374.59	0.0619	484.2	8.716	17.75	9.60	1.58
	114.13	24.93	67.65	0.00	0.0594	10.24	450.5	375.08	0.0623	489.1	8.804	17.92	9.75	1.58
	115.13	24.95	67.65	0.00	0.0592	10.22	449.5	374.24	0.0619	485.6	8.740	17.79	9.64	1.58
	116.13	24.93	67.65	-0.00	0.0594	10.22	449.5	374.21	0.0629	495.1	8.911	18.14	9.93	1.58
	117.14	24.93	67.65	0.00	0.0595	10.24	450.6	375.17	0.0632	498.6	8.975	18.27	10.04	1.58
	118.20	24.93	67.65	0.00	0.0594	10.23	450.2	374.85	0.0631	497.6	8.957	18.23	10.01	1.58
	119.15	24.93	67.65	-0.00	0.0594	10.22	449.6	374.29	0.0626	496.9	8.945	18.20	9.99	1.58
	120.14	24.94	67.65	-0.00	0.0593	10.22	449.7	374.38	0.0633	496.0	8.929	18.17	9.96	1.58
	121.15	24.93	67.65	-0.00	0.0593	10.20	448.7	373.58	0.0646	517.0	9.306	18.94	10.58	1.58
