Jul 29 2015 at 14:05:28
Frequency: 1.00Hz.
CO2
Zero:  Value:0.95  Date:18 Mar 2005	 at 07:22:33	
Span:  Value:1.00  Date:18 Mar 2005	 at 07:25:09	
H2O
Zero:  Value:0.71  Date:18 Mar 2005	 at 07:52:31	
Span:  Value:0.99  Date:18 Mar 2005	 at 11:44:01	
	Relative Time	Temperature	Pressure	Aux Input	CO2 Absorptance	CO2 mmol/m3	CO2 mg/m3	CO2 umol/mol	H2O Absorptance	H2O mmol/m3	H2O g/m3	H2O mmol/mol	H2O(°C)	Cooler Voltage
	0.34	37.77	73.82	-0.00	0.0694	12.16	535.0	425.78	0.0567	408.5	7.352	14.30	7.71	1.79
	1.39	37.72	73.77	0.00	0.0686	12.04	529.8	421.87	0.0547	392.5	7.065	13.75	7.13	1.80
	2.34	37.72	73.80	-0.00	0.0684	11.97	526.7	419.20	0.0547	393.0	7.074	13.76	7.14	1.79
	3.34	37.72	73.80	-0.00	0.0684	11.97	526.5	419.07	0.0541	386.5	6.958	13.54	6.90	1.80
	4.41	37.70	73.82	-0.00	0.0682	11.93	524.8	417.60	0.0541	387.1	6.967	13.55	6.92	1.80
	5.31	37.67	73.82	0.00	0.0682	11.93	524.8	417.48	0.0546	389.7	7.015	13.64	7.02	1.80
	6.33	37.66	73.82	0.00	0.0680	11.90	523.5	416.47	0.0539	387.9	6.981	13.58	6.95	1.79
	7.33	37.59	73.82	0.00	0.0685	11.97	526.9	419.06	0.0550	395.3	7.116	13.84	7.22	1.80
	8.31	37.60	73.82	0.00	0.0684	11.98	527.3	419.42	0.0557	398.9	7.180	13.96	7.36	1.79
	9.33	37.59	73.80	0.00	0.0683	12.01	528.4	420.39	0.0553	406.4	7.315	14.23	7.63	1.80
	10.34	37.61	73.77	-0.00	0.0684	12.01	528.3	420.52	0.0562	405.2	7.293	14.19	7.58	1.80
	11.33	37.56	73.80	0.00	0.0684	11.95	525.6	418.13	0.0556	400.3	7.206	14.01	7.41	1.80
	12.31	37.58	73.82	0.00	0.0684	11.99	527.4	419.48	0.0560	407.0	7.327	14.24	7.65	1.80
	13.34	37.56	73.77	-0.00	0.0686	12.02	529.0	420.96	0.0562	409.5	7.371	14.34	7.74	1.80
	14.33	37.58	73.85	0.00	0.0686	11.97	526.9	418.91	0.0561	405.4	7.297	14.18	7.59	1.80
	15.33	37.61	73.85	0.00	0.0682	11.95	525.7	418.02	0.0558	403.9	7.271	14.13	7.54	1.80
	16.34	37.62	73.82	-0.00	0.0684	11.95	525.6	418.11	0.0552	397.9	7.163	13.93	7.32	1.80
	17.34	37.66	73.82	-0.00	0.0682	11.94	525.2	417.82	0.0550	394.8	7.106	13.82	7.21	1.80
	18.33	37.66	73.82	0.00	0.0679	11.87	522.3	415.48	0.0544	389.7	7.014	13.64	7.02	1.80
	19.31	37.67	73.85	0.00	0.0680	11.85	521.6	414.80	0.0546	388.1	6.986	13.58	6.96	1.80
	20.34	37.70	73.85	-0.00	0.0681	11.91	524.2	416.97	0.0551	395.7	7.123	13.85	7.24	1.80
	21.33	37.68	73.80	0.00	0.0679	11.83	520.4	414.15	0.0543	384.4	6.920	13.46	6.82	1.80
	22.31	37.70	73.80	0.00	0.0679	11.84	520.8	414.49	0.0543	387.2	6.970	13.56	6.93	1.80
	23.33	37.73	73.82	0.00	0.0677	11.83	520.4	414.12	0.0545	390.1	7.022	13.66	7.04	1.80
	24.33	37.73	73.82	0.00	0.0680	11.85	521.4	414.89	0.0555	400.0	7.199	14.00	7.40	1.80
	25.39	37.73	73.85	0.00	0.0672	11.78	518.5	412.41	0.0537	392.2	7.059	13.73	7.11	1.80
	26.31	37.72	73.85	0.00	0.0679	11.87	522.3	415.41	0.0553	400.3	7.205	14.01	7.41	1.80
	27.34	37.72	73.80	-0.00	0.0677	11.81	519.6	413.60	0.0554	397.3	7.151	13.91	7.30	1.80
	28.33	37.68	73.80	-0.00	0.0679	11.86	521.8	415.32	0.0554	403.1	7.256	14.12	7.51	1.80
	29.31	37.75	73.82	0.00	0.0679	11.82	520.1	413.85	0.0553	397.7	7.158	13.92	7.32	1.80
	30.34	37.73	73.82	0.00	0.0677	11.82	520.2	413.91	0.0549	394.3	7.098	13.81	7.19	1.80
	31.41	37.74	73.82	-0.00	0.0679	11.85	521.3	414.83	0.0556	400.0	7.200	14.00	7.40	1.80
	32.33	37.72	73.85	-0.00	0.0676	11.86	521.7	414.97	0.0551	404.5	7.281	14.16	7.57	1.80
	33.34	37.75	73.82	-0.00	0.0677	11.77	517.9	412.16	0.0557	396.8	7.143	13.89	7.29	1.80
	34.33	37.73	73.82	0.00	0.0678	11.84	521.1	414.68	0.0561	408.2	7.347	14.29	7.70	1.80
	35.33	37.74	73.82	0.00	0.0678	11.86	521.7	415.17	0.0566	411.6	7.409	14.41	7.82	1.80
	36.33	37.73	73.82	0.00	0.0679	11.87	522.3	415.60	0.0567	413.6	7.446	14.48	7.89	1.80
	37.34	37.73	73.80	0.00	0.0675	11.79	518.9	413.05	0.0558	406.2	7.312	14.23	7.63	1.80
	38.33	37.69	73.82	0.00	0.0678	11.84	520.9	414.47	0.0573	416.2	7.491	14.57	7.98	1.80
	39.31	37.73	73.80	0.00	0.0684	11.94	525.5	418.33	0.0583	428.0	7.704	14.99	8.40	1.80
	40.34	37.75	73.80	0.00	0.0681	11.89	523.1	416.42	0.0578	424.8	7.647	14.88	8.29	1.80
	41.33	37.72	73.82	0.00	0.0679	11.88	522.6	415.83	0.0577	423.8	7.628	14.84	8.25	1.80
	42.31	37.72	73.85	0.00	0.0678	11.86	522.0	415.22	0.0574	422.6	7.607	14.79	8.21	1.80
	43.33	37.72	73.82	-0.00	0.0678	11.83	520.4	414.07	0.0576	421.2	7.582	14.75	8.16	1.80
	44.34	37.72	73.80	-0.00	0.0682	11.93	524.7	417.66	0.0589	435.9	7.845	15.26	8.66	1.80
	45.33	37.76	73.82	0.00	0.0680	11.87	522.4	415.71	0.0587	433.2	7.798	15.17	8.58	1.80
	46.31	37.76	73.82	0.00	0.0681	11.89	523.4	416.50	0.0596	441.8	7.952	15.47	8.87	1.80
	47.33	37.78	73.85	0.00	0.0682	11.92	524.7	417.44	0.0604	448.8	8.078	15.71	9.10	1.80
	48.33	37.74	73.80	0.00	0.0684	12.00	528.0	420.30	0.0600	447.3	8.052	15.67	9.05	1.80
	49.31	37.77	73.82	0.00	0.0687	12.00	527.9	420.15	0.0594	443.3	7.980	15.52	8.92	1.80
	50.33	37.76	73.85	-0.00	0.0688	12.04	530.0	421.61	0.0574	429.2	7.725	15.02	8.44	1.81
	51.34	37.77	73.85	0.00	0.0690	12.05	530.4	421.97	0.0579	420.4	7.568	14.72	8.14	1.80
	52.33	37.74	73.80	-0.00	0.0689	12.07	531.2	422.87	0.0576	425.1	7.652	14.89	8.30	1.80
	53.33	37.77	73.85	-0.00	0.0693	12.17	535.5	426.02	0.0582	428.4	7.711	15.00	8.41	1.80
	54.34	37.74	73.82	-0.00	0.0692	12.12	533.5	424.54	0.0588	429.2	7.725	15.03	8.44	1.80
	55.33	37.79	73.82	0.00	0.0690	12.15	534.7	425.54	0.0592	444.3	7.997	15.56	8.95	1.81
	56.33	37.74	73.85	-0.00	0.0691	12.17	535.3	425.84	0.0591	446.4	8.034	15.62	9.02	1.81
	57.33	37.76	73.85	-0.00	0.0689	12.08	531.5	422.83	0.0580	424.9	7.649	14.87	8.29	1.80
	58.33	37.77	73.82	0.00	0.0687	11.98	526.9	419.34	0.0579	413.1	7.437	14.47	7.88	1.80
	59.33	37.80	73.85	0.00	0.0692	12.12	533.1	424.12	0.0596	437.1	7.867	15.30	8.71	1.80
	60.31	37.80	73.82	0.00	0.0693	12.16	535.0	425.79	0.0616	461.1	8.300	16.15	9.50	1.80
	61.34	37.77	73.85	0.00	0.0688	12.06	530.5	422.03	0.0591	434.2	7.815	15.20	8.61	1.81
	62.33	37.77	73.82	0.00	0.0691	12.11	533.0	424.17	0.0602	446.9	8.044	15.65	9.04	1.81
	63.31	37.76	73.80	0.00	0.0691	12.15	534.5	425.52	0.0606	447.4	8.053	15.67	9.05	1.80
	64.33	37.80	73.82	0.00	0.0691	12.10	532.4	423.76	0.0610	452.4	8.144	15.84	9.22	1.80
	65.34	37.74	73.82	-0.00	0.0694	12.19	536.4	426.81	0.0621	469.0	8.441	16.42	9.75	1.81
	66.39	37.77	73.85	0.00	0.0694	12.25	539.1	428.87	0.0617	470.1	8.463	16.46	9.79	1.81
	67.33	37.73	73.85	-0.00	0.0687	12.06	530.9	422.26	0.0595	442.7	7.968	15.49	8.89	1.81
	68.34	37.77	73.80	-0.00	0.0693	12.20	536.8	427.31	0.0616	466.6	8.398	16.34	9.68	1.81
	69.41	37.77	73.82	-0.00	0.0691	12.10	532.6	423.82	0.0610	453.6	8.165	15.88	9.26	1.81
	70.31	37.77	73.80	0.00	0.0694	12.21	537.3	427.75	0.0624	475.8	8.565	16.67	9.97	1.81
	71.31	37.74	73.82	0.00	0.0696	12.25	538.8	428.75	0.0635	481.3	8.663	16.85	10.14	1.81
	72.34	37.77	73.82	-0.00	0.0696	12.17	535.7	426.31	0.0627	468.6	8.435	16.41	9.74	1.81
	73.39	37.74	73.82	0.00	0.0697	12.31	541.5	430.91	0.0634	489.2	8.805	17.13	10.38	1.81
	74.31	37.80	73.82	0.00	0.0698	12.29	540.7	430.32	0.0639	488.0	8.784	17.09	10.35	1.81
	75.31	37.79	73.82	0.00	0.0695	12.18	536.0	426.63	0.0656	500.9	9.016	17.54	10.74	1.81
	76.33	37.80	73.82	0.00	0.0692	12.14	534.2	425.18	0.0649	498.9	8.980	17.47	10.68	1.81
	77.31	37.80	73.82	0.00	0.0697	12.23	538.2	428.37	0.0664	511.7	9.210	17.92	11.06	1.81
	78.31	37.80	73.85	0.00	0.0698	12.30	541.3	430.68	0.0665	518.1	9.326	18.14	11.25	1.81
	79.41	37.80	73.80	-0.00	0.0697	12.27	540.0	429.94	0.0665	519.7	9.354	18.21	11.29	1.81
	80.33	37.80	73.82	-0.00	0.0695	12.18	535.8	426.43	0.0658	505.1	9.092	17.69	10.87	1.81
	81.31	37.77	73.82	0.00	0.0695	12.28	540.5	430.15	0.0661	517.4	9.312	18.12	11.23	1.81
	82.33	37.77	73.82	-0.00	0.0692	12.15	534.7	425.54	0.0653	504.7	9.084	17.67	10.85	1.81
	83.33	37.74	73.85	0.00	0.0695	12.19	536.5	426.78	0.0670	518.3	9.329	18.14	11.25	1.81
	84.33	37.74	73.80	-0.00	0.0696	12.22	537.5	427.89	0.0667	518.5	9.334	18.16	11.26	1.81
	85.31	37.72	73.82	0.00	0.0694	12.20	536.7	427.08	0.0661	512.6	9.227	17.95	11.08	1.81
	86.41	37.74	73.82	0.00	0.0701	12.29	540.9	430.39	0.0681	534.4	9.619	18.71	11.71	1.81
	87.33	37.73	73.85	0.00	0.0694	12.23	537.9	427.91	0.0669	522.3	9.402	18.28	11.37	1.81
	88.33	37.73	73.82	-0.00	0.0702	12.37	544.1	432.97	0.0684	537.5	9.675	18.82	11.80	1.81
	89.33	37.75	73.88	0.00	0.0695	12.15	534.6	425.13	0.0678	516.1	9.290	18.06	11.19	1.81
	90.33	37.75	73.85	-0.00	0.0701	12.29	540.9	430.31	0.0691	538.5	9.693	18.85	11.83	1.81
	91.33	37.72	73.82	-0.00	0.0698	12.31	541.6	430.94	0.0688	543.5	9.782	19.03	11.97	1.81
	92.31	37.75	73.85	0.00	0.0701	12.36	543.9	432.71	0.0696	551.2	9.921	19.29	12.18	1.81
	93.41	37.74	73.85	-0.00	0.0701	12.37	544.4	433.08	0.0692	551.2	9.922	19.29	12.18	1.81
	94.33	37.77	73.80	-0.00	0.0701	12.31	541.5	431.12	0.0689	539.5	9.711	18.90	11.86	1.81
	95.31	37.80	73.85	0.00	0.0694	12.14	534.3	425.14	0.0672	518.6	9.334	18.15	11.26	1.81
	96.33	37.77	73.85	-0.00	0.0699	12.34	543.0	431.98	0.0690	546.5	9.837	19.13	12.05	1.81
	97.33	37.74	73.85	-0.00	0.0701	12.33	542.3	431.38	0.0692	544.5	9.802	19.06	12.00	1.81
	98.31	37.75	73.85	0.00	0.0702	12.36	543.9	432.66	0.0695	547.2	9.850	19.15	12.07	1.81
	99.31	37.77	73.80	0.00	0.0698	12.28	540.4	430.21	0.0685	537.8	9.681	18.84	11.81	1.81
	100.33	37.77	73.85	0.00	0.0703	12.38	544.5	433.21	0.0697	551.5	9.927	19.31	12.19	1.81
	101.31	37.77	73.82	0.00	0.0697	12.31	541.7	431.11	0.0685	543.6	9.784	19.03	11.97	1.81
	102.33	37.76	73.82	-0.00	0.0705	12.42	546.4	434.81	0.0706	559.7	10.075	19.60	12.42	1.82
	103.31	37.80	73.85	0.00	0.0707	12.48	549.3	437.03	0.0685	537.7	9.678	18.82	11.81	1.82
	104.31	37.80	73.82	0.00	0.0698	12.41	546.2	434.71	0.0692	546.7	9.841	19.15	12.06	1.82
	105.33	37.82	73.85	-0.00	0.0703	12.44	547.3	435.49	0.0695	552.9	9.951	19.36	12.23	1.81
	106.31	37.79	73.82	0.00	0.0708	12.47	548.7	436.68	0.0703	555.8	10.004	19.46	12.31	1.82
	107.33	37.82	73.85	-0.00	0.0707	12.56	552.4	439.56	0.0702	563.9	10.151	19.74	12.53	1.82
	108.33	37.81	73.85	-0.00	0.0710	12.52	550.9	438.30	0.0704	566.5	10.197	19.83	12.60	1.82
	109.31	37.81	73.82	0.00	0.0710	12.54	551.7	439.08	0.0706	560.8	10.095	19.64	12.45	1.82
	110.31	37.83	73.82	0.00	0.0705	12.46	548.2	436.36	0.0691	547.2	9.849	19.16	12.08	1.82
	111.33	37.83	73.85	-0.00	0.0708	12.51	550.4	437.92	0.0698	551.6	9.929	19.31	12.20	1.82
	112.33	37.81	73.85	-0.00	0.0707	12.51	550.6	438.09	0.0696	555.4	9.997	19.44	12.30	1.82
	113.31	37.81	73.82	0.00	0.0709	12.51	550.4	438.04	0.0704	560.3	10.086	19.62	12.44	1.82
	114.33	37.81	73.82	0.00	0.0708	12.45	548.0	436.19	0.0704	554.0	9.972	19.40	12.26	1.82
	115.31	37.86	73.85	0.00	0.0711	12.58	553.6	440.55	0.0713	574.1	10.333	20.10	12.81	1.82
	116.31	37.87	73.87	0.00	0.0706	12.43	547.1	435.22	0.0709	562.3	10.122	19.68	12.49	1.82
	117.31	37.87	73.82	0.00	0.0714	12.63	555.8	442.47	0.0720	579.4	10.428	20.29	12.95	1.82
	118.33	37.87	73.85	-0.00	0.0709	12.56	552.7	439.83	0.0716	578.3	10.409	20.25	12.92	1.82
	119.33	37.89	73.85	-0.00	0.0701	12.37	544.2	433.12	0.0697	553.5	9.964	19.38	12.25	1.82
	120.31	37.89	73.85	0.00	0.0713	12.59	554.1	440.95	0.0723	580.1	10.441	20.31	12.97	1.82
	121.33	37.86	73.85	-0.00	0.0706	12.55	552.3	439.51	0.0718	584.0	10.513	20.45	13.07	1.82
	122.33	37.92	73.85	-0.00	0.0705	12.43	547.1	435.42	0.0708	561.9	10.114	19.68	12.48	1.82
	123.33	37.89	73.85	-0.00	0.0710	12.57	553.2	440.28	0.0722	582.0	10.476	20.38	13.02	1.82
	124.31	37.91	73.85	0.00	0.0711	12.57	552.9	440.06	0.0722	581.7	10.471	20.37	13.01	1.82
	125.33	37.90	73.82	0.00	0.0712	12.56	552.6	439.95	0.0727	585.3	10.536	20.50	13.11	1.82
	126.33	37.97	73.85	0.00	0.0713	12.67	557.6	443.92	0.0720	584.0	10.512	20.46	13.08	1.82
	127.31	37.91	73.82	0.00	0.0707	12.51	550.6	438.38	0.0721	583.3	10.499	20.43	13.05	1.82
	128.31	37.86	73.80	0.00	0.0714	12.64	556.0	442.77	0.0737	597.2	10.749	20.92	13.41	1.82
	129.33	37.89	73.82	-0.00	0.0715	12.70	559.0	445.03	0.0732	590.6	10.631	20.69	13.24	1.82
	130.33	37.86	73.82	0.00	0.0714	12.66	557.1	443.45	0.0732	593.2	10.678	20.78	13.31	1.82
