Jul 29 2015 at 10:18:45
Frequency: 1.00Hz.
CO2
Zero:  Value:0.95  Date:18 Mar 2005	 at 07:22:33	
Span:  Value:1.00  Date:18 Mar 2005	 at 07:25:09	
H2O
Zero:  Value:0.71  Date:18 Mar 2005	 at 07:52:31	
Span:  Value:0.99  Date:18 Mar 2005	 at 11:44:01	
	Relative Time	Temperature	Pressure	Aux Input	CO2 Absorptance	CO2 mmol/m3	CO2 mg/m3	CO2 umol/mol	H2O Absorptance	H2O mmol/m3	H2O g/m3	H2O mmol/mol	H2O(°C)	Cooler Voltage
	0.69	26.10	73.41	0.00	0.0641	10.98	483.2	372.17	0.0895	810.0	14.580	27.45	17.56	1.68
	1.69	26.12	73.38	-0.00	0.0640	11.02	485.0	373.78	0.0890	801.2	14.422	27.17	17.39	1.68
	2.69	26.10	73.41	0.00	0.0640	11.01	484.5	373.23	0.0883	790.4	14.227	26.79	17.18	1.67
	3.69	26.10	73.41	-0.00	0.0642	11.06	486.6	374.83	0.0886	796.9	14.345	27.01	17.31	1.68
	4.69	26.10	73.41	0.00	0.0642	11.02	485.1	373.65	0.0887	794.2	14.295	26.92	17.25	1.68
	5.67	26.12	73.41	0.00	0.0640	10.95	481.7	371.07	0.0883	788.6	14.194	26.73	17.14	1.68
	6.70	26.11	73.41	-0.00	0.0639	10.99	483.6	372.56	0.0884	790.3	14.225	26.78	17.17	1.68
	7.69	26.12	73.43	-0.00	0.0641	11.03	485.4	373.78	0.0883	793.9	14.289	26.90	17.25	1.68
	8.69	26.12	73.41	0.00	0.0641	11.05	486.3	374.59	0.0888	794.9	14.308	26.94	17.27	1.68
	9.67	26.14	73.41	0.00	0.0642	11.05	486.3	374.63	0.0887	795.5	14.319	26.97	17.28	1.68
	10.67	26.12	73.43	0.00	0.0643	11.05	486.3	374.46	0.0891	794.6	14.302	26.92	17.26	1.68
	11.67	26.14	73.41	0.00	0.0641	11.04	485.6	374.11	0.0888	795.5	14.319	26.96	17.28	1.68
	12.67	26.12	73.43	0.00	0.0643	11.06	486.8	374.85	0.0891	799.0	14.382	27.07	17.35	1.68
	13.67	26.12	73.43	0.00	0.0643	11.07	487.2	375.17	0.0892	801.0	14.418	27.14	17.39	1.68
	14.69	26.12	73.43	-0.00	0.0643	11.05	486.3	374.48	0.0890	798.5	14.372	27.05	17.34	1.68
	15.75	26.12	73.41	0.00	0.0642	11.05	486.2	374.52	0.0884	791.5	14.246	26.83	17.20	1.68
	16.69	26.10	73.38	-0.00	0.0642	11.05	486.3	374.71	0.0878	780.9	14.056	26.48	16.99	1.68
	17.69	26.13	73.41	0.00	0.0643	11.06	486.6	374.89	0.0878	781.5	14.067	26.49	17.00	1.68
	18.69	26.14	73.41	-0.00	0.0644	11.09	487.8	375.78	0.0879	782.4	14.082	26.52	17.02	1.68
	19.77	26.14	73.41	-0.00	0.0641	11.03	485.5	374.03	0.0884	789.7	14.214	26.77	17.16	1.68
	20.69	26.14	73.41	-0.00	0.0642	11.03	485.4	373.97	0.0885	791.6	14.249	26.83	17.20	1.68
	21.69	26.16	73.41	-0.00	0.0639	11.00	483.9	372.79	0.0884	790.9	14.236	26.81	17.19	1.68
	22.67	26.15	73.41	0.00	0.0639	10.99	483.4	372.40	0.0884	790.2	14.224	26.79	17.18	1.68
	23.69	26.17	73.41	0.00	0.0639	10.98	483.0	372.13	0.0881	786.9	14.164	26.68	17.11	1.68
	24.69	26.16	73.41	0.00	0.0638	10.97	482.8	371.96	0.0876	780.6	14.051	26.46	16.98	1.68
	25.69	26.16	73.41	0.00	0.0640	10.99	483.6	372.57	0.0872	774.8	13.946	26.26	16.86	1.68
	26.69	26.16	73.41	-0.00	0.0641	11.02	484.8	373.49	0.0863	764.0	13.752	25.90	16.64	1.68
	27.67	26.16	73.41	0.00	0.0642	11.04	485.7	374.24	0.0858	755.5	13.598	25.61	16.47	1.68
	28.69	26.15	73.41	0.00	0.0643	11.06	486.6	374.91	0.0858	754.5	13.581	25.58	16.45	1.68
	29.69	26.13	73.41	-0.00	0.0642	11.05	486.4	374.71	0.0861	758.8	13.659	25.72	16.54	1.68
	30.69	26.13	73.41	-0.00	0.0642	11.04	485.8	374.25	0.0865	764.2	13.756	25.91	16.65	1.68
	31.69	26.16	73.41	-0.00	0.0641	11.04	485.7	374.17	0.0869	769.2	13.845	26.07	16.75	1.68
	32.69	26.17	73.41	-0.00	0.0641	11.04	485.6	374.15	0.0872	773.2	13.918	26.21	16.83	1.68
	33.69	26.15	73.41	-0.00	0.0641	11.03	485.1	373.77	0.0873	775.0	13.949	26.27	16.87	1.68
	34.75	26.19	73.40	0.00	0.0640	11.02	484.7	373.46	0.0873	774.4	13.940	26.26	16.86	1.68
	35.69	26.17	73.41	-0.00	0.0640	11.00	484.1	372.96	0.0871	773.0	13.914	26.21	16.83	1.68
	36.69	26.17	73.41	-0.00	0.0639	10.99	483.5	372.57	0.0870	771.1	13.880	26.14	16.79	1.68
	37.67	26.17	73.41	0.00	0.0639	10.99	483.4	372.43	0.0869	769.6	13.853	26.09	16.76	1.68
	38.69	26.17	73.41	0.00	0.0639	10.99	483.4	372.42	0.0869	769.9	13.858	26.10	16.77	1.68
	39.67	26.17	73.41	0.00	0.0639	10.99	483.4	372.48	0.0870	770.8	13.875	26.13	16.78	1.68
	40.69	26.17	73.41	-0.00	0.0639	10.99	483.4	372.46	0.0868	769.6	13.853	26.09	16.76	1.68
	41.75	26.19	73.41	0.00	0.0639	10.99	483.4	372.50	0.0866	765.9	13.786	25.97	16.68	1.68
	42.69	26.21	73.43	0.00	0.0640	11.00	483.8	372.69	0.0863	762.5	13.724	25.84	16.62	1.68
	43.67	26.19	73.41	0.00	0.0640	11.01	484.3	373.13	0.0859	757.8	13.641	25.69	16.52	1.68
	44.67	26.17	73.41	0.00	0.0641	11.02	484.8	373.51	0.0851	748.7	13.476	25.38	16.33	1.68
	45.67	26.19	73.43	0.00	0.0643	11.06	486.6	374.80	0.0842	734.6	13.222	24.89	16.03	1.69
	46.67	26.19	73.41	0.00	0.0645	11.11	488.6	376.49	0.0827	725.2	13.054	24.59	15.83	1.69
	47.67	26.19	73.41	0.00	0.0646	11.11	488.8	376.64	0.0831	719.8	12.956	24.40	15.71	1.69
	48.67	26.21	73.41	0.00	0.0646	11.14	490.3	377.81	0.0813	699.5	12.591	23.72	15.27	1.69
	49.67	26.19	73.41	0.00	0.0651	11.17	491.5	378.75	0.0804	686.2	12.352	23.27	14.97	1.68
	50.69	26.19	73.41	-0.00	0.0650	11.21	493.4	380.17	0.0797	674.4	12.140	22.87	14.70	1.69
	51.69	26.19	73.41	-0.00	0.0650	11.22	493.8	380.49	0.0797	673.5	12.123	22.83	14.68	1.69
	52.69	26.19	73.41	-0.00	0.0649	11.21	493.0	379.90	0.0806	684.9	12.328	23.22	14.94	1.69
	53.69	26.19	73.43	0.00	0.0648	11.18	492.1	379.01	0.0815	697.3	12.552	23.63	15.22	1.69
	54.67	26.21	73.41	0.00	0.0647	11.17	491.4	378.62	0.0818	704.3	12.677	23.88	15.37	1.69
	55.69	26.19	73.41	0.00	0.0648	11.18	491.8	378.92	0.0816	700.4	12.606	23.74	15.28	1.69
	56.69	26.18	73.41	-0.00	0.0649	11.18	492.0	379.11	0.0813	696.1	12.530	23.60	15.19	1.69
	57.69	26.19	73.41	-0.00	0.0648	11.18	491.9	379.06	0.0815	697.4	12.553	23.64	15.22	1.69
	58.67	26.21	73.41	0.00	0.0647	11.16	491.2	378.55	0.0818	701.8	12.632	23.79	15.32	1.69
	59.77	26.21	73.41	-0.00	0.0645	11.12	489.4	377.15	0.0826	712.7	12.828	24.16	15.56	1.69
	60.69	26.21	73.41	-0.00	0.0644	11.10	488.2	376.19	0.0833	720.8	12.974	24.44	15.73	1.69
	61.69	26.21	73.40	-0.00	0.0644	11.08	487.6	375.74	0.0833	720.9	12.976	24.44	15.74	1.69
	62.69	26.21	73.41	-0.00	0.0644	11.10	488.3	376.29	0.0829	718.8	12.939	24.37	15.69	1.69
	63.69	26.21	73.41	-0.00	0.0648	11.18	491.8	378.99	0.0818	705.0	12.690	23.90	15.39	1.69
	64.67	26.20	73.43	0.00	0.0653	11.25	495.1	381.40	0.0808	693.2	12.477	23.49	15.12	1.69
	65.69	26.21	73.38	-0.00	0.0655	11.31	497.7	383.62	0.0800	680.4	12.247	23.08	14.84	1.69
	66.69	26.23	73.41	-0.00	0.0655	11.34	499.0	384.58	0.0796	675.8	12.164	22.91	14.73	1.69
	67.69	26.21	73.41	0.00	0.0656	11.36	499.8	385.11	0.0792	670.0	12.060	22.72	14.60	1.69
	68.67	26.22	73.43	0.00	0.0657	11.36	500.0	385.19	0.0791	668.1	12.026	22.65	14.55	1.69
	69.69	26.22	73.41	0.00	0.0657	11.37	500.1	385.37	0.0790	666.5	11.998	22.60	14.52	1.69
	70.69	26.26	73.41	-0.00	0.0656	11.36	499.8	385.20	0.0789	667.1	12.009	22.62	14.53	1.69
	71.69	26.23	73.38	-0.00	0.0655	11.35	499.4	385.01	0.0789	667.4	12.012	22.64	14.54	1.69
	72.69	26.23	73.41	-0.00	0.0655	11.34	499.2	384.68	0.0789	666.4	11.995	22.60	14.52	1.69
	73.69	26.23	73.41	-0.00	0.0655	11.34	499.2	384.67	0.0788	663.8	11.948	22.51	14.45	1.69
	74.67	26.23	73.41	-0.00	0.0656	11.35	499.4	384.86	0.0786	661.3	11.903	22.42	14.40	1.69
	75.69	26.23	73.41	-0.00	0.0656	11.35	499.5	384.96	0.0784	657.1	11.828	22.28	14.30	1.69
	76.67	26.23	73.41	0.00	0.0656	11.37	500.2	385.46	0.0780	655.5	11.799	22.23	14.26	1.69
	77.67	26.24	73.43	0.00	0.0656	11.37	500.4	385.53	0.0780	654.3	11.778	22.18	14.23	1.69
	78.67	26.27	73.41	0.00	0.0657	11.37	500.3	385.62	0.0781	655.6	11.800	22.23	14.26	1.69
	79.67	26.25	73.38	0.00	0.0657	11.38	500.6	385.92	0.0782	655.9	11.806	22.25	14.27	1.69
	80.69	26.25	73.41	-0.00	0.0656	11.37	500.2	385.50	0.0781	654.7	11.785	22.20	14.24	1.69
	81.75	26.24	73.43	0.00	0.0656	11.37	500.1	385.30	0.0780	655.6	11.801	22.22	14.26	1.70
	82.67	26.24	73.41	0.00	0.0656	11.36	500.0	385.36	0.0780	654.3	11.777	22.19	14.23	1.69
	83.69	26.26	73.41	0.00	0.0656	11.37	500.1	385.45	0.0780	655.0	11.791	22.21	14.25	1.69
	84.67	26.22	73.41	-0.00	0.0656	11.37	500.1	385.39	0.0783	658.0	11.843	22.31	14.32	1.69
	85.69	26.26	73.43	-0.00	0.0657	11.35	499.6	384.93	0.0784	657.5	11.835	22.29	14.31	1.69
	86.67	26.26	73.43	0.00	0.0656	11.35	499.5	384.80	0.0784	658.1	11.846	22.31	14.32	1.69
	87.66	26.26	73.43	0.00	0.0656	11.34	499.0	384.44	0.0785	659.2	11.865	22.35	14.35	1.70
	88.67	26.27	73.41	0.00	0.0655	11.33	498.4	384.14	0.0786	661.4	11.906	22.43	14.40	1.69
	89.67	26.27	73.43	0.00	0.0655	11.32	498.3	383.89	0.0787	662.2	11.919	22.45	14.42	1.69
	90.67	26.24	73.41	-0.00	0.0655	11.33	498.7	384.30	0.0785	661.5	11.906	22.43	14.40	1.70
	91.67	26.28	73.41	0.00	0.0656	11.34	499.0	384.59	0.0784	659.3	11.868	22.36	14.35	1.70
	92.69	26.27	73.38	-0.00	0.0656	11.35	499.2	384.87	0.0783	658.1	11.845	22.32	14.32	1.70
	93.67	26.26	73.41	-0.00	0.0656	11.35	499.3	384.84	0.0781	656.0	11.808	22.25	14.27	1.70
	94.67	26.27	73.41	0.00	0.0656	11.36	500.0	385.33	0.0780	654.0	11.771	22.18	14.23	1.70
	95.67	26.28	73.41	-0.00	0.0658	11.39	501.3	386.41	0.0779	652.1	11.738	22.12	14.18	1.70
	96.69	26.28	73.41	-0.00	0.0658	11.41	502.1	386.99	0.0777	651.2	11.721	22.08	14.16	1.70
	97.67	26.27	73.41	0.00	0.0660	11.43	502.8	387.54	0.0776	649.5	11.691	22.03	14.12	1.70
	98.69	26.28	73.41	-0.00	0.0661	11.44	503.3	387.95	0.0775	647.8	11.661	21.97	14.08	1.70
	99.69	26.28	73.43	-0.00	0.0661	11.45	503.6	388.01	0.0776	648.4	11.671	21.98	14.09	1.70
	100.69	26.28	73.41	0.00	0.0660	11.44	503.5	388.05	0.0776	649.5	11.691	22.03	14.12	1.70
	101.67	26.28	73.41	0.00	0.0660	11.44	503.4	387.99	0.0777	649.4	11.688	22.02	14.12	1.70
	102.69	26.30	73.41	-0.00	0.0660	11.45	503.6	388.18	0.0776	649.7	11.694	22.03	14.13	1.70
	103.67	26.26	73.43	0.00	0.0660	11.44	503.4	387.84	0.0777	649.9	11.698	22.03	14.13	1.70
	104.67	26.30	73.43	-0.00	0.0660	11.43	502.9	387.54	0.0776	649.9	11.697	22.03	14.13	1.70
	105.69	26.32	73.41	-0.00	0.0660	11.43	502.9	387.68	0.0776	649.2	11.686	22.02	14.12	1.70
	106.67	26.29	73.41	-0.00	0.0660	11.43	503.0	387.74	0.0776	649.0	11.683	22.01	14.11	1.70
	107.69	26.30	73.43	-0.00	0.0660	11.44	503.2	387.72	0.0777	649.5	11.691	22.02	14.12	1.70
	108.67	26.28	73.41	-0.00	0.0659	11.44	503.4	387.99	0.0776	649.2	11.685	22.02	14.11	1.70
	109.67	26.30	73.41	0.00	0.0662	11.50	506.1	390.09	0.0771	644.4	11.600	21.86	14.00	1.70
	110.67	26.30	73.43	-0.00	0.0663	11.50	506.0	389.93	0.0772	644.9	11.608	21.86	14.01	1.70
	111.69	26.30	73.43	-0.00	0.0663	11.50	506.2	390.02	0.0773	644.9	11.609	21.87	14.01	1.70
	112.67	26.30	73.41	0.00	0.0663	11.52	506.7	390.60	0.0776	644.3	11.597	21.85	14.00	1.70
	113.69	26.30	73.41	-0.00	0.0663	11.49	505.6	389.76	0.0775	647.4	11.654	21.96	14.07	1.70
	114.67	26.32	73.43	0.00	0.0662	11.49	505.4	389.46	0.0774	646.0	11.628	21.90	14.04	1.70
	115.67	26.32	73.38	0.00	0.0661	11.48	505.1	389.50	0.0772	645.2	11.613	21.89	14.02	1.70
	116.67	26.32	73.41	0.00	0.0661	11.48	505.1	389.39	0.0771	643.6	11.585	21.83	13.98	1.71
	117.67	26.32	73.41	0.00	0.0663	11.50	505.9	389.97	0.0773	645.6	11.620	21.90	14.03	1.70
	118.67	26.32	73.41	0.00	0.0664	11.51	506.5	390.47	0.0775	648.3	11.669	21.99	14.09	1.70
	119.69	26.34	73.43	-0.00	0.0664	11.53	507.1	390.80	0.0777	649.4	11.689	22.02	14.12	1.70
	120.69	26.32	73.41	-0.00	0.0664	11.54	508.0	391.58	0.0777	649.7	11.695	22.04	14.13	1.70
	121.66	26.32	73.41	0.00	0.0665	11.56	508.5	392.00	0.0776	649.9	11.699	22.04	14.13	1.71
	122.69	26.34	73.41	-0.00	0.0665	11.57	508.9	392.30	0.0776	650.1	11.702	22.05	14.14	1.71
	123.75	26.34	73.41	0.00	0.0665	11.56	508.5	392.02	0.0776	649.7	11.695	22.04	14.13	1.70
	124.67	26.34	73.41	0.00	0.0665	11.55	508.2	391.75	0.0777	650.0	11.700	22.05	14.14	1.71
	125.73	26.38	73.43	0.00	0.0666	11.56	508.5	391.93	0.0779	651.2	11.721	22.08	14.17	1.70
	126.69	26.33	73.38	-0.00	0.0665	11.56	508.7	392.33	0.0778	651.3	11.724	22.10	14.17	1.71
	127.67	26.34	73.40	-0.00	0.0665	11.57	509.1	392.48	0.0778	652.0	11.737	22.12	14.18	1.71
	128.67	26.36	73.35	0.00	0.0666	11.57	509.2	392.89	0.0778	652.4	11.743	22.15	14.19	1.71
	129.67	26.36	73.41	0.00	0.0667	11.58	509.6	392.88	0.0778	651.9	11.734	22.11	14.18	1.71
	130.67	26.35	73.43	0.00	0.0667	11.59	510.1	393.11	0.0778	651.9	11.734	22.11	14.18	1.71
	131.67	26.36	73.41	-0.00	0.0666	11.59	510.2	393.31	0.0778	651.3	11.723	22.09	14.17	1.71
	132.69	26.36	73.41	0.00	0.0667	11.60	510.4	393.52	0.0777	650.3	11.706	22.06	14.14	1.71
	133.67	26.35	73.41	0.00	0.0667	11.60	510.5	393.58	0.0776	649.9	11.697	22.04	14.13	1.71
	134.69	26.36	73.38	-0.00	0.0668	11.61	510.9	394.01	0.0775	648.6	11.675	22.01	14.10	1.71
	135.67	26.34	73.41	0.00	0.0668	11.62	511.3	394.14	0.0775	647.7	11.658	21.97	14.08	1.71
	136.67	26.37	73.41	-0.00	0.0668	11.63	511.8	394.57	0.0773	646.6	11.639	21.94	14.06	1.71
