Jul 29 2015 at 14:15:09
Frequency: 1.00Hz.
CO2
Zero:  Value:0.95  Date:18 Mar 2005	 at 07:22:33	
Span:  Value:1.00  Date:18 Mar 2005	 at 07:25:09	
H2O
Zero:  Value:0.71  Date:18 Mar 2005	 at 07:52:31	
Span:  Value:0.99  Date:18 Mar 2005	 at 11:44:01	
	Relative Time	Temperature	Pressure	Aux Input	CO2 Absorptance	CO2 mmol/m3	CO2 mg/m3	CO2 umol/mol	H2O Absorptance	H2O mmol/m3	H2O g/m3	H2O mmol/mol	H2O(°C)	Cooler Voltage
	0.33	37.18	73.80	-0.00	0.0655	11.31	497.5	395.28	0.0551	400.7	7.213	14.01	7.40	1.77
	1.33	37.12	73.80	-0.00	0.0654	11.28	496.4	394.39	0.0542	390.1	7.022	13.64	7.01	1.77
	2.34	37.14	73.80	-0.00	0.0656	11.32	498.0	395.65	0.0506	353.4	6.361	12.35	5.58	1.77
	3.41	37.18	73.80	-0.00	0.0659	11.39	501.0	398.07	0.0502	350.6	6.311	12.26	5.46	1.77
	4.31	37.15	73.74	0.00	0.0658	11.38	500.7	398.06	0.0508	354.8	6.387	12.41	5.63	1.77
	5.33	37.09	73.80	0.00	0.0658	11.38	500.9	397.87	0.0495	343.6	6.185	12.01	5.17	1.77
	6.33	37.20	73.80	0.00	0.0657	11.37	500.1	397.44	0.0501	344.8	6.206	12.05	5.22	1.77
	7.33	37.12	73.77	0.00	0.0657	11.35	499.5	396.96	0.0499	348.2	6.267	12.18	5.36	1.77
	8.31	37.18	73.82	0.00	0.0657	11.35	499.2	396.55	0.0511	353.7	6.367	12.36	5.59	1.77
	9.33	37.19	73.80	0.00	0.0653	11.31	497.6	395.39	0.0519	367.4	6.614	12.85	6.14	1.77
	10.33	37.17	73.80	0.00	0.0654	11.30	497.4	395.21	0.0526	368.5	6.632	12.88	6.18	1.77
	11.31	37.19	73.80	0.00	0.0653	11.26	495.4	393.68	0.0535	378.4	6.811	13.23	6.57	1.77
	12.34	37.13	73.80	-0.00	0.0652	11.26	495.4	393.58	0.0542	385.6	6.941	13.48	6.84	1.77
	13.33	37.18	73.82	0.00	0.0652	11.28	496.5	394.38	0.0545	387.7	6.979	13.55	6.92	1.77
	14.31	37.18	73.80	0.00	0.0651	11.23	493.9	392.45	0.0556	400.9	7.216	14.02	7.41	1.77
	15.31	37.21	73.80	0.00	0.0651	11.22	493.8	392.40	0.0561	403.1	7.256	14.09	7.49	1.77
	16.34	37.14	73.80	-0.00	0.0649	11.18	492.1	390.98	0.0569	415.4	7.477	14.52	7.93	1.77
	17.33	37.13	73.77	0.00	0.0648	11.19	492.4	391.36	0.0578	418.1	7.526	14.62	8.02	1.77
	18.33	37.14	73.77	0.00	0.0649	11.17	491.6	390.70	0.0575	421.1	7.580	14.73	8.13	1.77
	19.33	37.18	73.80	0.00	0.0648	11.16	491.2	390.29	0.0581	427.7	7.698	14.95	8.36	1.77
	20.33	37.18	73.80	0.00	0.0646	11.14	490.2	389.51	0.0590	434.6	7.823	15.19	8.60	1.77
	21.31	37.18	73.80	0.00	0.0646	11.09	487.9	387.68	0.0594	441.6	7.948	15.44	8.83	1.77
	22.31	37.18	73.80	0.00	0.0645	11.10	488.6	388.25	0.0589	435.4	7.837	15.22	8.62	1.77
	23.33	37.19	73.77	0.00	0.0646	11.11	488.9	388.60	0.0586	432.4	7.783	15.12	8.52	1.77
	24.39	37.20	73.82	0.00	0.0646	11.12	489.4	388.80	0.0587	431.3	7.764	15.08	8.49	1.77
	25.31	37.21	73.80	0.00	0.0645	11.09	488.2	387.93	0.0589	434.2	7.816	15.18	8.58	1.77
	26.33	37.20	73.80	0.00	0.0643	11.07	487.1	387.07	0.0596	438.5	7.893	15.33	8.73	1.77
	27.33	37.20	73.82	0.00	0.0644	11.08	487.4	387.21	0.0605	451.2	8.122	15.77	9.15	1.77
	28.33	37.22	73.82	0.00	0.0643	11.07	487.2	387.02	0.0605	453.3	8.160	15.85	9.22	1.77
	29.31	37.22	73.77	0.00	0.0644	11.08	487.5	387.54	0.0609	455.5	8.199	15.93	9.29	1.77
	30.33	37.20	73.77	0.00	0.0644	11.08	487.6	387.58	0.0610	458.0	8.244	16.02	9.37	1.77
	31.33	37.22	73.80	-0.00	0.0644	11.08	487.3	387.28	0.0607	456.1	8.210	15.95	9.31	1.77
	32.31	37.22	73.80	0.00	0.0644	11.08	487.6	387.51	0.0612	459.9	8.278	16.08	9.44	1.77
	33.33	37.22	73.82	0.00	0.0643	11.06	486.5	386.48	0.0608	459.7	8.274	16.07	9.43	1.77
	34.33	37.17	73.80	0.00	0.0644	11.05	486.3	386.39	0.0610	460.4	8.287	16.10	9.45	1.77
	35.31	37.20	73.80	0.00	0.0643	11.04	485.6	385.90	0.0617	464.5	8.361	16.24	9.58	1.77
	36.33	37.21	73.80	0.00	0.0642	11.03	485.1	385.51	0.0623	460.9	8.296	16.12	9.47	1.77
	37.33	37.22	73.75	0.00	0.0643	11.06	486.8	387.16	0.0632	479.7	8.635	16.79	10.06	1.77
	38.33	37.20	73.80	-0.00	0.0643	11.07	486.9	386.89	0.0636	482.1	8.677	16.86	10.14	1.77
	39.33	37.20	73.77	-0.00	0.0643	11.06	486.7	386.92	0.0642	490.6	8.831	17.16	10.40	1.77
	40.33	37.18	73.80	0.00	0.0642	11.05	486.1	386.23	0.0645	490.7	8.833	17.16	10.40	1.77
	41.39	37.18	73.82	0.00	0.0642	11.02	485.0	385.26	0.0646	493.4	8.882	17.25	10.49	1.77
	42.31	37.20	73.80	0.00	0.0643	11.04	485.6	385.85	0.0648	494.3	8.898	17.28	10.51	1.77
	43.33	37.18	73.80	-0.00	0.0644	11.07	486.9	386.91	0.0650	502.0	9.035	17.55	10.74	1.77
	44.33	37.18	73.77	0.00	0.0643	11.06	486.8	386.92	0.0650	501.7	9.031	17.55	10.73	1.77
	45.31	37.22	73.80	0.00	0.0644	11.06	486.9	386.90	0.0655	507.7	9.138	17.75	10.91	1.77
	46.31	37.20	73.80	0.00	0.0643	11.05	486.3	386.44	0.0650	500.4	9.008	17.50	10.70	1.77
	47.41	37.20	73.80	0.00	0.0644	11.06	486.8	386.83	0.0658	507.9	9.142	17.76	10.92	1.77
	48.39	37.20	73.80	0.00	0.0644	11.07	487.1	387.10	0.0664	516.1	9.290	18.05	11.16	1.77
	49.33	37.19	73.77	-0.00	0.0644	11.07	487.3	387.35	0.0666	516.0	9.288	18.05	11.16	1.77
	50.31	37.21	73.80	0.00	0.0642	11.07	487.0	387.00	0.0667	518.9	9.341	18.14	11.24	1.77
	51.33	37.17	73.80	0.00	0.0645	11.08	487.5	387.35	0.0668	519.6	9.352	18.17	11.26	1.77
	52.31	37.17	73.80	0.00	0.0643	11.07	487.2	387.10	0.0666	520.3	9.365	18.19	11.28	1.77
	53.33	37.20	73.82	-0.00	0.0644	11.07	487.2	387.06	0.0675	528.5	9.513	18.47	11.52	1.77
	54.34	37.20	73.82	-0.00	0.0644	11.08	487.7	387.38	0.0670	525.2	9.453	18.36	11.42	1.77
	55.33	37.17	73.80	-0.00	0.0645	11.09	488.0	387.71	0.0684	533.3	9.599	18.64	11.65	1.77
	56.31	37.14	73.80	0.00	0.0644	11.07	487.3	387.12	0.0685	538.5	9.692	18.82	11.80	1.77
	57.33	37.15	73.80	-0.00	0.0645	11.10	488.5	388.11	0.0696	550.4	9.906	19.24	12.13	1.77
	58.33	37.17	73.77	0.00	0.0644	11.08	487.6	387.56	0.0699	553.7	9.967	19.37	12.23	1.77
	59.33	37.17	73.82	-0.00	0.0644	11.07	487.2	387.01	0.0699	555.8	10.005	19.43	12.28	1.77
	60.31	37.18	73.77	0.00	0.0646	11.08	487.7	387.62	0.0699	554.1	9.974	19.38	12.24	1.77
	61.33	37.11	73.77	0.00	0.0648	11.15	490.7	389.93	0.0703	555.1	9.992	19.41	12.26	1.77
	62.33	37.09	73.80	0.00	0.0648	11.13	489.8	389.08	0.0706	562.3	10.122	19.65	12.45	1.77
	63.31	37.11	73.80	0.00	0.0648	11.17	491.4	390.39	0.0707	564.7	10.165	19.74	12.52	1.77
	64.41	37.05	73.82	0.00	0.0650	11.21	493.3	391.65	0.0716	572.8	10.311	20.01	12.74	1.77
	65.33	37.11	73.80	-0.00	0.0650	11.23	494.2	392.62	0.0724	582.5	10.485	20.36	12.99	1.78
	66.31	37.08	73.80	0.00	0.0650	11.24	494.4	392.77	0.0727	587.3	10.572	20.53	13.12	1.77
	67.31	37.03	73.77	0.00	0.0652	11.25	495.1	393.34	0.0734	595.9	10.726	20.83	13.34	1.77
	68.33	37.03	73.82	0.00	0.0652	11.25	494.9	392.94	0.0738	601.8	10.832	21.02	13.49	1.77
	69.33	37.06	73.80	-0.00	0.0652	11.26	495.6	393.64	0.0739	601.1	10.819	21.01	13.47	1.77
	70.31	37.03	73.80	0.00	0.0650	11.20	492.6	391.23	0.0745	609.7	10.975	21.31	13.69	1.77
	71.41	37.12	73.80	-0.00	0.0653	11.29	496.6	394.48	0.0745	608.6	10.956	21.28	13.67	1.77
	72.31	37.13	73.80	0.00	0.0655	11.30	497.4	395.14	0.0744	608.4	10.952	21.27	13.66	1.77
	73.31	37.14	73.80	0.00	0.0651	11.23	494.2	392.65	0.0745	610.1	10.982	21.33	13.71	1.77
	74.31	37.15	73.77	0.00	0.0654	11.29	496.9	394.96	0.0749	613.9	11.051	21.47	13.80	1.77
	75.33	37.20	73.80	0.00	0.0653	11.29	496.9	394.90	0.0757	620.4	11.168	21.69	13.97	1.77
	76.33	37.20	73.80	-0.00	0.0653	11.29	496.8	394.75	0.0757	623.7	11.226	21.81	14.05	1.77
	77.33	37.17	73.80	-0.00	0.0653	11.26	495.6	393.76	0.0759	628.7	11.317	21.98	14.17	1.78
	78.41	37.18	73.80	-0.00	0.0653	11.27	496.1	394.17	0.0761	628.7	11.317	21.98	14.17	1.77
	79.33	37.13	73.82	0.00	0.0654	11.27	495.9	393.87	0.0760	626.9	11.284	21.91	14.12	1.77
	80.31	37.12	73.77	0.00	0.0653	11.26	495.4	393.73	0.0763	632.8	11.391	22.13	14.27	1.77
	81.33	37.15	73.85	-0.00	0.0651	11.26	495.4	393.33	0.0764	628.6	11.314	21.96	14.17	1.77
	82.33	37.18	73.82	-0.00	0.0651	11.25	495.0	393.20	0.0772	636.4	11.456	22.24	14.36	1.77
	83.33	37.18	73.80	0.00	0.0652	11.27	495.7	393.90	0.0764	634.5	11.421	22.18	14.31	1.78
	84.31	37.17	73.85	0.00	0.0652	11.25	494.8	392.89	0.0769	641.1	11.540	22.40	14.47	1.77
	85.33	37.18	73.80	-0.00	0.0652	11.26	495.5	393.71	0.0767	637.6	11.477	22.29	14.39	1.77
	86.33	37.17	73.77	-0.00	0.0651	11.22	493.7	392.42	0.0773	646.9	11.644	22.62	14.61	1.77
	87.33	37.22	73.77	0.00	0.0651	11.23	494.3	392.96	0.0771	637.4	11.474	22.30	14.39	1.77
	88.41	37.24	73.80	-0.00	0.0649	11.20	492.9	391.71	0.0781	651.4	11.725	22.78	14.72	1.78
	89.31	37.28	73.77	0.00	0.0650	11.24	494.6	393.28	0.0777	638.1	11.486	22.32	14.40	1.78
	90.33	37.27	73.80	-0.00	0.0649	11.19	492.1	391.17	0.0787	658.3	11.849	23.02	14.89	1.77
	91.33	37.27	73.80	-0.00	0.0648	11.20	492.7	391.64	0.0792	662.6	11.927	23.17	14.99	1.77
	92.33	37.24	73.77	0.00	0.0651	11.21	493.2	392.14	0.0785	654.9	11.788	22.91	14.81	1.78
	93.31	37.19	73.80	0.00	0.0650	11.17	491.5	390.59	0.0785	658.5	11.854	23.02	14.89	1.77
	94.33	37.22	73.82	0.00	0.0650	11.20	493.0	391.64	0.0783	657.3	11.831	22.97	14.86	1.78
	95.31	37.20	73.80	0.00	0.0650	11.19	492.2	391.12	0.0790	664.3	11.958	23.23	15.02	1.78
	96.31	37.19	73.77	0.00	0.0648	11.16	491.2	390.47	0.0799	673.2	12.118	23.55	15.23	1.77
	97.33	37.22	73.82	0.00	0.0647	11.13	489.8	389.15	0.0797	674.3	12.137	23.57	15.26	1.78
	98.31	37.17	73.80	0.00	0.0646	11.14	490.0	389.37	0.0803	676.8	12.183	23.66	15.31	1.78
	99.31	37.17	73.77	0.00	0.0646	11.15	490.6	389.97	0.0806	675.5	12.159	23.62	15.28	1.78
	100.31	37.20	73.77	0.00	0.0646	11.11	489.0	388.75	0.0803	683.7	12.307	23.91	15.47	1.78
	101.31	37.18	73.80	0.00	0.0645	11.10	488.6	388.22	0.0807	686.9	12.365	24.02	15.54	1.78
	102.31	37.21	73.80	0.00	0.0647	11.12	489.2	388.73	0.0808	686.0	12.347	23.98	15.52	1.78
	103.31	37.16	73.80	0.00	0.0645	11.10	488.5	388.10	0.0810	692.7	12.469	24.22	15.67	1.78
	104.31	37.17	73.80	0.00	0.0646	11.12	489.4	388.83	0.0810	688.5	12.393	24.07	15.58	1.78
	105.31	37.22	73.80	0.00	0.0646	11.11	488.9	388.51	0.0806	690.3	12.425	24.14	15.62	1.78
	106.33	37.22	73.80	-0.00	0.0644	11.07	487.2	387.19	0.0817	696.0	12.527	24.34	15.75	1.78
	107.33	37.22	73.80	-0.00	0.0643	11.08	487.4	387.32	0.0817	701.7	12.631	24.54	15.88	1.78
	108.33	37.21	73.77	0.00	0.0645	11.10	488.3	388.17	0.0813	692.6	12.467	24.23	15.67	1.78
	109.33	37.21	73.74	0.00	0.0644	11.07	487.3	387.49	0.0816	700.2	12.604	24.50	15.85	1.78
	110.31	37.22	73.80	0.00	0.0645	11.08	487.3	387.29	0.0821	702.8	12.650	24.57	15.90	1.78
	111.31	37.23	73.74	0.00	0.0645	11.11	489.0	388.89	0.0814	696.3	12.534	24.37	15.76	1.78
	112.31	37.27	73.82	0.00	0.0644	11.08	487.3	387.21	0.0817	698.8	12.579	24.43	15.82	1.78
	113.33	37.22	73.77	0.00	0.0644	11.10	488.3	388.21	0.0815	697.5	12.556	24.40	15.79	1.78
	114.31	37.27	73.80	0.00	0.0644	11.08	487.7	387.62	0.0817	700.9	12.617	24.51	15.86	1.78
	115.31	37.26	73.80	0.00	0.0644	11.08	487.4	387.40	0.0815	696.9	12.544	24.37	15.77	1.78
	116.33	37.23	73.80	-0.00	0.0645	11.08	487.5	387.45	0.0817	696.6	12.538	24.36	15.77	1.78
	117.31	37.22	73.77	0.00	0.0643	11.10	488.3	388.21	0.0817	697.0	12.546	24.38	15.77	1.78
	118.33	37.23	73.77	-0.00	0.0645	11.06	486.6	386.82	0.0820	706.8	12.723	24.73	15.99	1.78
	119.31	37.21	73.82	-0.00	0.0643	11.08	487.3	387.14	0.0827	707.7	12.739	24.74	16.01	1.78
	120.33	37.19	73.77	-0.00	0.0641	11.02	485.0	385.56	0.0839	725.2	13.054	25.37	16.39	1.78
	121.31	37.22	73.77	0.00	0.0640	10.97	482.8	383.80	0.0841	732.5	13.184	25.62	16.55	1.78
	122.39	37.25	73.77	-0.00	0.0641	11.00	483.8	384.68	0.0835	724.9	13.049	25.36	16.39	1.78
	123.31	37.21	73.74	0.00	0.0642	11.03	485.4	385.99	0.0832	720.2	12.963	25.20	16.29	1.78
	124.31	37.21	73.77	0.00	0.0641	11.02	484.9	385.45	0.0838	725.3	13.055	25.37	16.40	1.78
	125.31	37.22	73.80	0.00	0.0642	11.03	485.3	385.68	0.0829	712.9	12.832	24.93	16.13	1.78
	126.31	37.22	73.82	0.00	0.0639	10.99	483.8	384.32	0.0834	721.8	12.992	25.23	16.32	1.78
	127.33	37.23	73.77	0.00	0.0640	10.98	482.9	383.95	0.0842	730.2	13.144	25.54	16.50	1.78
	128.31	37.22	73.80	0.00	0.0639	10.97	482.8	383.68	0.0847	740.0	13.321	25.88	16.71	1.78
	129.31	37.13	73.80	0.00	0.0639	10.96	482.3	383.15	0.0852	740.7	13.333	25.89	16.72	1.78
	130.33	37.20	73.77	0.00	0.0638	10.96	482.1	383.20	0.0850	742.9	13.372	25.98	16.77	1.78
	131.31	37.18	73.80	0.00	0.0639	10.96	482.2	383.15	0.0854	744.0	13.391	26.01	16.79	1.78
	132.33	37.17	73.77	-0.00	0.0638	10.96	482.0	383.13	0.0856	752.9	13.553	26.33	16.98	1.78
	133.31	37.20	73.80	-0.00	0.0639	10.97	482.5	383.39	0.0856	751.7	13.530	26.28	16.96	1.78
	134.31	37.21	73.80	-0.00	0.0638	10.95	481.8	382.84	0.0853	751.1	13.519	26.26	16.95	1.78
	135.31	37.17	73.77	0.00	0.0638	10.95	481.9	383.01	0.0854	751.7	13.530	26.29	16.96	1.78
	136.39	37.20	73.77	-0.00	0.0638	10.96	482.2	383.32	0.0846	740.1	13.321	25.89	16.71	1.78
	137.31	37.18	73.80	0.00	0.0640	10.98	483.2	383.91	0.0852	744.7	13.405	26.04	16.81	1.78
	138.31	37.17	73.77	0.00	0.0638	10.94	481.2	382.51	0.0858	747.5	13.454	26.14	16.87	1.78
	139.39	37.17	73.77	-0.00	0.0638	10.93	481.1	382.39	0.0852	747.9	13.463	26.16	16.88	1.78
	140.30	37.18	73.80	0.00	0.0639	10.95	481.8	382.84	0.0859	756.3	13.613	26.44	17.05	1.78
	141.31	37.20	73.77	0.00	0.0639	10.94	481.3	382.60	0.0857	757.3	13.632	26.49	17.08	1.78
	142.31	37.15	73.80	0.00	0.0640	10.96	482.4	383.27	0.0848	746.6	13.440	26.10	16.85	1.78
	143.31	37.14	73.82	-0.00	0.0639	10.95	481.7	382.61	0.0856	751.4	13.524	26.26	16.95	1.78
	144.31	37.13	73.80	0.00	0.0636	10.88	478.8	380.43	0.0875	776.7	13.981	27.15	17.47	1.78
	145.34	37.12	73.80	0.00	0.0639	10.95	481.9	382.80	0.0866	760.6	13.691	26.59	17.14	1.78
	146.33	37.10	73.80	0.00	0.0638	10.94	481.5	382.53	0.0866	765.8	13.784	26.77	17.25	1.78
