Jul 29 2015 at 11:01:07
Frequency: 1.00Hz.
CO2
Zero:  Value:0.95  Date:18 Mar 2005	 at 07:22:33	
Span:  Value:1.00  Date:18 Mar 2005	 at 07:25:09	
H2O
Zero:  Value:0.71  Date:18 Mar 2005	 at 07:52:31	
Span:  Value:0.99  Date:18 Mar 2005	 at 11:44:01	
	Relative Time	Temperature	Pressure	Aux Input	CO2 Absorptance	CO2 mmol/m3	CO2 mg/m3	CO2 umol/mol	H2O Absorptance	H2O mmol/m3	H2O g/m3	H2O mmol/mol	H2O(°C)	Cooler Voltage
	0.02	31.43	73.38	0.00	0.0649	11.19	492.3	386.08	0.0675	528.5	9.513	18.24	11.24	1.73
	1.00	31.42	73.41	0.00	0.0649	11.26	495.6	388.53	0.0669	550.0	9.900	18.97	11.84	1.73
	2.02	31.41	73.38	-0.00	0.0651	11.23	494.3	387.68	0.0688	532.8	9.590	18.38	11.36	1.72
	3.00	31.43	73.38	0.00	0.0651	11.25	494.9	388.13	0.0669	548.5	9.873	18.93	11.80	1.72
	4.00	31.45	73.40	0.00	0.0652	11.27	496.1	388.96	0.0673	517.3	9.312	17.85	10.92	1.72
	5.00	31.42	73.38	0.00	0.0652	11.28	496.5	389.42	0.0690	532.4	9.584	18.37	11.35	1.73
	6.00	31.43	73.38	0.00	0.0653	11.28	496.4	389.34	0.0637	502.4	9.043	17.34	10.47	1.73
	7.00	31.43	73.38	-0.00	0.0653	11.31	497.8	390.46	0.0624	472.5	8.505	16.31	9.56	1.73
	8.00	31.43	73.41	0.00	0.0653	11.30	497.4	389.97	0.0635	493.1	8.875	17.01	10.19	1.73
	9.00	31.43	73.41	0.00	0.0654	11.33	498.3	390.67	0.0635	485.4	8.737	16.74	9.96	1.72
	10.02	31.41	73.38	-0.00	0.0653	11.31	497.7	390.32	0.0629	475.8	8.565	16.42	9.66	1.72
	11.02	31.43	73.41	-0.00	0.0654	11.32	498.1	390.50	0.0620	467.9	8.422	16.14	9.41	1.72
	12.02	31.45	73.38	-0.00	0.0653	11.29	496.8	389.64	0.0632	480.7	8.652	16.59	9.81	1.73
	13.00	31.45	73.40	0.00	0.0653	11.28	496.3	389.12	0.0631	483.2	8.697	16.67	9.89	1.72
	14.00	31.45	73.35	-0.00	0.0653	11.28	496.2	389.31	0.0626	476.0	8.568	16.43	9.67	1.72
	15.00	31.45	73.40	0.00	0.0652	11.26	495.6	388.62	0.0622	470.2	8.464	16.22	9.49	1.72
	16.00	31.45	73.40	0.00	0.0652	11.25	494.9	388.05	0.0628	476.5	8.577	16.44	9.68	1.72
	17.00	31.45	73.41	0.00	0.0652	11.28	496.2	389.03	0.0621	469.3	8.447	16.19	9.46	1.72
	18.00	31.44	73.38	0.00	0.0652	11.27	495.7	388.76	0.0621	471.2	8.482	16.26	9.52	1.72
	19.00	31.42	73.38	0.00	0.0652	11.26	495.5	388.64	0.0624	471.6	8.488	16.27	9.53	1.72
	20.06	31.45	73.38	0.00	0.0652	11.26	495.5	388.64	0.0623	473.1	8.515	16.33	9.58	1.72
	21.02	31.45	73.41	-0.00	0.0650	11.24	494.5	387.70	0.0618	466.9	8.404	16.11	9.38	1.72
	22.00	31.46	73.38	0.00	0.0650	11.23	494.1	387.53	0.0620	467.9	8.422	16.15	9.41	1.72
	23.02	31.45	73.41	0.00	0.0652	11.26	495.4	388.40	0.0618	466.1	8.390	16.08	9.36	1.73
	24.00	31.44	73.38	-0.00	0.0650	11.24	494.6	387.91	0.0619	467.0	8.407	16.12	9.39	1.72
	25.02	31.43	73.40	0.00	0.0651	11.24	494.8	387.92	0.0621	469.5	8.451	16.20	9.46	1.72
	26.00	31.48	73.38	0.00	0.0651	11.25	494.8	388.17	0.0620	468.4	8.431	16.17	9.43	1.72
	27.00	31.45	73.38	0.00	0.0650	11.23	494.1	387.52	0.0618	466.7	8.400	16.10	9.37	1.72
	28.08	31.47	73.41	-0.00	0.0650	11.23	494.1	387.41	0.0617	465.6	8.381	16.06	9.34	1.73
	28.98	31.45	73.41	0.00	0.0650	11.24	494.4	387.65	0.0619	466.5	8.396	16.09	9.37	1.73
	30.00	31.44	73.40	0.00	0.0651	11.25	495.1	388.19	0.0622	469.2	8.445	16.19	9.45	1.73
	31.00	31.45	73.40	-0.00	0.0652	11.26	495.6	388.59	0.0624	473.8	8.529	16.35	9.60	1.72
	32.02	31.45	73.38	-0.00	0.0651	11.26	495.4	388.59	0.0624	473.0	8.514	16.32	9.58	1.72
	32.98	31.44	73.41	0.00	0.0651	11.25	495.1	388.20	0.0624	472.1	8.498	16.29	9.55	1.72
	34.00	31.44	73.40	0.00	0.0650	11.24	494.5	387.72	0.0621	470.0	8.461	16.22	9.48	1.72
	35.06	31.47	73.38	0.00	0.0650	11.22	493.9	387.42	0.0621	468.9	8.441	16.18	9.45	1.72
	36.02	31.44	73.41	-0.00	0.0650	11.22	493.8	387.17	0.0621	467.4	8.414	16.13	9.40	1.73
	37.06	31.44	73.35	0.00	0.0650	11.23	494.0	387.63	0.0621	469.4	8.449	16.20	9.46	1.72
	38.00	31.45	73.40	0.00	0.0651	11.23	494.2	387.51	0.0624	471.0	8.478	16.25	9.51	1.72
	39.06	31.45	73.38	0.00	0.0650	11.24	494.5	387.87	0.0623	472.2	8.499	16.30	9.55	1.73
	40.02	31.45	73.38	-0.00	0.0651	11.24	494.4	387.80	0.0624	472.9	8.511	16.32	9.57	1.73
	41.00	31.45	73.35	0.00	0.0650	11.24	494.4	387.92	0.0623	472.1	8.498	16.30	9.55	1.73
	42.02	31.45	73.38	-0.00	0.0652	11.26	495.2	388.43	0.0627	476.0	8.568	16.43	9.67	1.72
	43.00	31.47	73.38	0.00	0.0650	11.22	493.9	387.40	0.0624	471.8	8.492	16.28	9.54	1.73
	44.02	31.43	73.41	0.00	0.0651	11.26	495.4	388.40	0.0630	477.4	8.593	16.47	9.71	1.73
	45.00	31.45	73.41	-0.00	0.0652	11.28	496.2	389.05	0.0637	487.0	8.767	16.80	10.01	1.73
	45.98	31.48	73.41	0.00	0.0652	11.28	496.3	389.16	0.0639	489.0	8.801	16.87	10.07	1.73
	47.02	31.45	73.41	-0.00	0.0652	11.27	495.9	388.85	0.0641	491.6	8.849	16.96	10.15	1.73
	47.98	31.45	73.41	0.00	0.0652	11.26	495.4	388.42	0.0638	485.0	8.730	16.73	9.95	1.73
	49.00	31.43	73.40	0.00	0.0652	11.26	495.2	388.28	0.0637	485.8	8.745	16.76	9.97	1.73
	49.98	31.45	73.41	0.00	0.0650	11.24	494.5	387.71	0.0631	480.9	8.656	16.59	9.82	1.73
	51.00	31.45	73.41	0.00	0.0652	11.25	494.9	388.00	0.0645	490.7	8.833	16.93	10.12	1.73
	52.00	31.45	73.38	-0.00	0.0651	11.25	495.1	388.34	0.0636	490.0	8.820	16.91	10.10	1.73
	53.00	31.42	73.38	0.00	0.0652	11.27	495.7	388.80	0.0647	492.8	8.871	17.01	10.19	1.72
	53.98	31.43	73.40	0.00	0.0652	11.26	495.6	388.54	0.0645	496.1	8.930	17.12	10.29	1.73
	55.00	31.45	73.41	0.00	0.0651	11.26	495.3	388.37	0.0643	494.3	8.898	17.05	10.23	1.72
	56.00	31.45	73.38	-0.00	0.0651	11.26	495.5	388.63	0.0642	492.4	8.864	17.00	10.18	1.72
	57.02	31.47	73.41	-0.00	0.0651	11.25	495.1	388.22	0.0646	496.7	8.941	17.14	10.31	1.73
	58.06	31.47	73.38	0.00	0.0651	11.26	495.4	388.57	0.0639	490.5	8.830	16.93	10.12	1.73
	59.02	31.45	73.40	-0.00	0.0651	11.26	495.5	388.55	0.0645	496.9	8.945	17.14	10.31	1.72
	60.00	31.48	73.38	-0.00	0.0651	11.25	494.9	388.23	0.0644	495.3	8.916	17.10	10.26	1.73
	61.00	31.43	73.40	0.00	0.0652	11.25	495.1	388.19	0.0643	493.6	8.884	17.03	10.21	1.73
	62.00	31.49	73.41	0.00	0.0652	11.27	495.8	388.80	0.0648	500.3	9.005	17.26	10.41	1.73
	63.00	31.49	73.41	0.00	0.0652	11.25	495.2	388.30	0.0650	498.3	8.969	17.19	10.36	1.73
	64.02	31.49	73.40	-0.00	0.0652	11.26	495.6	388.61	0.0649	501.7	9.030	17.31	10.46	1.73
	64.98	31.47	73.41	0.00	0.0651	11.24	494.5	387.72	0.0644	494.2	8.896	17.05	10.23	1.73
	66.00	31.49	73.38	0.00	0.0652	11.25	494.8	388.15	0.0649	495.7	8.922	17.11	10.28	1.73
	67.00	31.45	73.38	-0.00	0.0653	11.28	496.5	389.39	0.0656	507.7	9.138	17.52	10.63	1.72
	68.00	31.47	73.41	0.00	0.0652	11.26	495.4	388.43	0.0652	502.8	9.051	17.35	10.49	1.73
	69.06	31.45	73.41	0.00	0.0652	11.26	495.6	388.58	0.0650	501.7	9.031	17.31	10.45	1.73
	70.00	31.45	73.40	0.00	0.0652	11.27	495.9	388.82	0.0652	504.4	9.080	17.40	10.54	1.73
	71.00	31.45	73.41	-0.00	0.0652	11.26	495.5	388.48	0.0650	501.1	9.021	17.29	10.44	1.73
	72.02	31.47	73.41	-0.00	0.0651	11.25	495.0	388.16	0.0649	500.5	9.009	17.27	10.42	1.73
	73.00	31.45	73.38	-0.00	0.0652	11.27	495.7	388.82	0.0656	506.7	9.121	17.49	10.60	1.73
	74.02	31.45	73.38	-0.00	0.0652	11.27	495.8	388.84	0.0657	509.4	9.170	17.58	10.68	1.73
	74.98	31.47	73.43	0.00	0.0652	11.26	495.4	388.35	0.0653	508.6	9.155	17.54	10.66	1.73
	76.02	31.44	73.35	-0.00	0.0652	11.27	495.7	388.96	0.0657	510.0	9.180	17.61	10.70	1.73
	77.00	31.49	73.41	-0.00	0.0651	11.24	494.6	387.87	0.0655	507.4	9.134	17.51	10.63	1.73
	78.00	31.45	73.38	-0.00	0.0652	11.26	495.6	388.72	0.0654	505.2	9.093	17.43	10.56	1.73
	79.00	31.42	73.38	0.00	0.0651	11.25	494.9	388.15	0.0655	506.1	9.110	17.46	10.58	1.73
	79.98	31.49	73.38	0.00	0.0651	11.25	494.8	388.15	0.0654	504.7	9.084	17.42	10.55	1.73
	81.00	31.49	73.38	0.00	0.0652	11.26	495.6	388.74	0.0660	510.2	9.184	17.61	10.71	1.73
	82.00	31.42	73.38	-0.00	0.0652	11.28	496.1	389.10	0.0662	515.4	9.278	17.79	10.86	1.73
	83.08	31.47	73.41	-0.00	0.0652	11.27	496.0	388.95	0.0662	514.5	9.261	17.75	10.83	1.73
	84.00	31.45	73.41	0.00	0.0652	11.26	495.6	388.58	0.0660	512.1	9.217	17.67	10.76	1.73
	85.02	31.45	73.38	0.00	0.0652	11.27	495.8	388.88	0.0661	512.4	9.224	17.68	10.77	1.73
	86.00	31.47	73.41	0.00	0.0652	11.27	495.9	388.88	0.0660	512.7	9.228	17.69	10.78	1.73
	87.03	31.44	73.35	-0.00	0.0651	11.24	494.5	387.95	0.0656	508.3	9.149	17.55	10.65	1.73
	88.02	31.45	73.41	0.00	0.0651	11.24	494.7	387.88	0.0661	510.8	9.194	17.62	10.72	1.73
	89.02	31.49	73.40	0.00	0.0652	11.26	495.6	388.62	0.0664	517.9	9.322	17.87	10.93	1.73
	90.00	31.45	73.38	0.00	0.0651	11.25	495.1	388.29	0.0658	510.1	9.182	17.60	10.70	1.73
	91.02	31.46	73.40	0.00	0.0651	11.25	495.1	388.25	0.0659	509.6	9.173	17.58	10.69	1.73
	92.02	31.47	73.41	-0.00	0.0652	11.26	495.5	388.56	0.0662	513.6	9.245	17.72	10.81	1.73
	93.00	31.45	73.35	-0.00	0.0651	11.25	495.2	388.55	0.0662	514.2	9.255	17.75	10.82	1.73
	94.00	31.47	73.41	0.00	0.0651	11.24	494.4	387.70	0.0659	511.0	9.197	17.63	10.73	1.73
	95.02	31.47	73.41	-0.00	0.0651	11.24	494.5	387.74	0.0660	509.3	9.168	17.57	10.68	1.73
	96.02	31.42	73.41	-0.00	0.0651	11.26	495.4	388.42	0.0668	520.7	9.373	17.96	11.01	1.73
	97.00	31.45	73.41	0.00	0.0651	11.25	495.0	388.08	0.0666	519.0	9.343	17.91	10.97	1.73
	98.02	31.46	73.41	-0.00	0.0651	11.25	495.0	388.15	0.0664	516.9	9.304	17.83	10.90	1.73
	99.00	31.45	73.41	-0.00	0.0651	11.24	494.8	387.93	0.0662	514.9	9.269	17.76	10.85	1.73
	100.02	31.49	73.38	0.00	0.0650	11.24	494.4	387.80	0.0662	514.8	9.267	17.77	10.84	1.73
	101.02	31.47	73.38	-0.00	0.0651	11.24	494.5	387.85	0.0660	511.5	9.207	17.65	10.75	1.73
	102.02	31.47	73.38	-0.00	0.0651	11.24	494.5	387.93	0.0662	514.2	9.255	17.75	10.82	1.73
	103.00	31.45	73.38	0.00	0.0652	11.24	494.6	387.95	0.0670	513.1	9.237	17.71	10.79	1.73
	104.02	31.45	73.41	0.00	0.0652	11.26	495.4	388.38	0.0672	524.7	9.445	18.10	11.13	1.73
	105.00	31.45	73.41	0.00	0.0651	11.25	494.9	388.01	0.0670	524.1	9.433	18.08	11.11	1.73
	106.02	31.44	73.43	0.00	0.0651	11.24	494.8	387.79	0.0665	518.3	9.329	17.87	10.94	1.73
	107.02	31.43	73.38	-0.00	0.0651	11.25	495.0	388.25	0.0668	517.5	9.315	17.86	10.92	1.73
	108.00	31.45	73.43	0.00	0.0650	11.24	494.7	387.73	0.0669	522.7	9.408	18.03	11.07	1.73
	109.02	31.45	73.41	-0.00	0.0651	11.24	494.6	387.81	0.0665	520.4	9.367	17.95	11.00	1.73
	110.02	31.45	73.43	-0.00	0.0652	11.26	495.5	388.36	0.0673	530.4	9.547	18.29	11.29	1.73
	111.02	31.45	73.43	-0.00	0.0651	11.24	494.8	387.80	0.0671	525.4	9.457	18.12	11.15	1.73
	112.02	31.47	73.41	-0.00	0.0651	11.25	495.2	388.27	0.0672	528.0	9.503	18.22	11.22	1.73
	113.02	31.45	73.41	-0.00	0.0651	11.25	495.1	388.17	0.0674	527.9	9.502	18.21	11.22	1.73
	114.00	31.45	73.43	0.00	0.0651	11.24	494.8	387.79	0.0673	525.7	9.463	18.13	11.16	1.73
	115.02	31.45	73.38	-0.00	0.0651	11.25	495.0	388.29	0.0676	529.6	9.533	18.28	11.27	1.73
	116.02	31.47	73.41	-0.00	0.0652	11.26	495.6	388.63	0.0678	531.4	9.565	18.33	11.32	1.73
	117.02	31.45	73.43	0.00	0.0652	11.27	495.7	388.53	0.0674	529.9	9.537	18.27	11.28	1.73
	118.00	31.43	73.41	0.00	0.0651	11.25	495.1	388.13	0.0677	532.4	9.582	18.36	11.35	1.73
	119.02	31.43	73.41	0.00	0.0651	11.24	494.4	387.65	0.0675	528.1	9.505	18.22	11.22	1.73
	120.00	31.40	73.41	0.00	0.0651	11.26	495.4	388.36	0.0677	530.8	9.555	18.31	11.30	1.73
	121.02	31.41	73.41	-0.00	0.0651	11.25	494.9	387.98	0.0677	530.2	9.543	18.29	11.28	1.73
	122.08	31.41	73.41	0.00	0.0651	11.26	495.3	388.33	0.0680	534.4	9.619	18.43	11.40	1.73
	123.02	31.43	73.41	0.00	0.0651	11.25	495.0	388.09	0.0676	532.1	9.577	18.36	11.34	1.73
	124.02	31.41	73.41	0.00	0.0651	11.25	495.0	388.09	0.0678	533.4	9.601	18.40	11.37	1.73
	125.00	31.42	73.41	0.00	0.0651	11.24	494.7	387.85	0.0679	533.3	9.600	18.40	11.37	1.73
	126.02	31.41	73.43	-0.00	0.0651	11.25	495.0	387.90	0.0681	535.8	9.644	18.47	11.44	1.73
