Jul 29 2015 at 13:32:42
Frequency: 1Hz.
CO2
Zero:  Value:0.954578  Date:18 Mar 2005	 at 07:22:33	
Span:  Value:0.999099  Date:18 Mar 2005	 at 07:25:09	
H2O
Zero:  Value:0.712542  Date:18 Mar 2005	 at 07:52:31	
Span:  Value:0.993508  Date:18 Mar 2005	 at 11:44:01	
	Relative Time	Temperature	Pressure	Aux Input	CO2 Absorptance	CO2 mmol/m3	CO2 mg/m3	CO2 umol/mol	H2O Absorptance	H2O mmol/m3	H2O g/m3	H2O mmol/mol	H2O(°C)	Cooler Voltage
	0.34	36.01	73.87	0.00	0.0655	11.36	499.6	395.08	0.0494	339.7	6.115	11.82	4.96	1.67
	1.36	36.05	73.87	0.00	0.0660	11.51	506.4	400.51	0.0532	328.3	5.909	11.42	4.47	1.68
	2.36	36.02	73.87	-0.00	0.0651	11.20	493.0	389.85	0.0542	389.4	7.010	13.55	6.93	1.67
	3.36	36.05	73.88	-0.00	0.0650	11.20	492.9	389.82	0.0549	392.8	7.070	13.67	7.06	1.67
	4.34	36.05	73.87	0.00	0.0653	11.21	493.2	390.02	0.0534	390.3	7.026	13.58	6.97	1.67
	5.36	36.00	73.87	0.00	0.0647	11.01	484.6	383.18	0.0527	371.0	6.679	12.91	6.23	1.67
	6.34	36.00	73.90	0.00	0.0654	11.30	497.2	393.00	0.0530	378.3	6.809	13.16	6.51	1.67
	7.36	35.97	73.85	0.00	0.0652	11.25	495.2	391.67	0.0539	381.4	6.866	13.27	6.63	1.68
	8.36	35.95	73.87	0.00	0.0653	11.26	495.2	391.54	0.0550	396.2	7.132	13.78	7.18	1.67
	9.36	35.95	73.85	-0.00	0.0658	12.04	529.7	418.90	0.0553	319.7	5.755	11.13	4.09	1.67
	10.34	35.95	73.90	0.00	0.0644	10.54	463.9	366.61	0.0520	450.3	8.105	15.66	9.06	1.67
	11.38	35.93	73.87	0.00	0.0648	11.72	515.9	407.81	0.0575	313.9	5.650	10.92	3.82	1.67
	12.44	35.93	73.88	0.00	0.0680	11.82	520.1	411.14	0.0501	330.0	5.941	11.48	4.54	1.67
	13.38	35.93	73.90	-0.00	0.0624	11.16	491.1	388.11	0.0531	472.0	8.497	16.41	9.76	1.68
	14.36	35.87	73.85	0.00	0.0612	10.81	475.7	376.17	0.0640	414.7	7.464	14.43	7.84	1.67
	15.38	35.95	73.87	-0.00	0.0532	8.89	391.4	309.41	0.0924	822.2	14.799	28.60	18.32	1.67
	16.38	35.98	73.90	-0.00	0.0525	8.74	384.4	303.82	0.0937	867.5	15.615	30.17	19.18	1.67
	17.38	35.93	73.87	-0.00	0.0533	8.84	388.9	307.46	0.0945	893.0	16.073	31.06	19.64	1.67
	18.36	35.92	73.87	0.00	0.0526	8.43	370.9	293.17	0.0995	1009.6	18.174	35.12	21.63	1.67
	19.44	35.93	73.87	0.00	0.0587	9.89	435.1	343.96	0.0762	650.8	11.715	22.64	14.64	1.68
	20.38	35.95	73.87	-0.00	0.0659	11.57	508.9	402.36	0.0577	411.1	7.401	14.30	7.72	1.67
	21.36	35.92	73.93	0.00	0.0665	11.49	505.3	399.21	0.0589	430.1	7.742	14.95	8.38	1.67
	22.38	35.98	73.85	0.00	0.0660	11.33	498.7	394.48	0.0629	488.5	8.792	17.00	10.28	1.67
	23.36	35.97	73.88	0.00	0.0660	11.42	502.3	397.15	0.0646	485.7	8.743	16.90	10.19	1.67
	24.36	35.94	73.88	0.00	0.0656	11.32	498.0	393.72	0.0654	495.9	8.926	17.25	10.50	1.67
	25.45	35.97	73.87	0.00	0.0659	11.45	503.6	398.18	0.0645	499.6	8.992	17.38	10.61	1.68
	26.38	35.97	73.87	0.00	0.0677	11.64	512.2	404.99	0.0618	472.0	8.496	16.42	9.76	1.67
	27.38	35.97	73.87	-0.00	0.0660	11.59	510.0	403.28	0.0589	448.9	8.080	15.62	9.02	1.67
	28.38	36.00	73.85	-0.00	0.0662	11.62	511.4	404.54	0.0576	432.8	7.790	15.06	8.48	1.67
	29.38	36.00	73.87	0.00	0.0658	11.35	499.4	394.90	0.0595	432.6	7.787	15.05	8.47	1.67
	30.38	35.95	73.88	0.00	0.0657	11.48	505.2	399.41	0.0602	452.4	8.143	15.74	9.13	1.68
	31.38	36.00	73.88	-0.00	0.0651	11.41	502.0	396.95	0.0607	466.9	8.404	16.24	9.60	1.68
	32.38	36.00	73.88	-0.00	0.0657	11.43	502.8	397.59	0.0628	472.7	8.508	16.44	9.78	1.68
	33.44	35.97	73.87	0.00	0.0648	11.28	496.4	392.47	0.0637	476.3	8.573	16.57	9.90	1.68
	34.36	36.00	73.87	0.00	0.0653	11.27	495.8	392.07	0.0680	530.9	9.556	18.47	11.53	1.67
	35.36	35.97	73.87	0.00	0.0651	11.25	495.1	391.50	0.0675	524.6	9.443	18.25	11.35	1.68
	36.38	36.00	73.87	-0.00	0.0652	11.22	493.7	390.40	0.0688	541.4	9.745	18.84	11.83	1.68
	37.36	36.00	73.88	0.00	0.0652	11.19	492.3	389.29	0.0716	571.8	10.292	19.89	12.66	1.68
	38.36	36.00	73.87	0.00	0.0646	11.17	491.4	388.54	0.0711	554.1	9.973	19.28	12.18	1.67
	39.36	36.00	73.87	0.00	0.0655	11.16	491.0	388.24	0.0685	583.5	10.504	20.30	12.97	1.68
	40.38	36.06	73.87	-0.00	0.0678	11.42	502.4	397.34	0.0670	516.6	9.300	17.98	11.12	1.67
	41.38	36.02	73.87	-0.00	0.0638	10.96	482.2	381.34	0.0696	592.4	10.663	20.61	13.20	1.68
	42.36	36.01	73.85	0.00	0.0651	10.88	478.6	378.60	0.0581	582.6	10.487	20.28	12.94	1.68
	43.38	36.02	73.90	0.00	0.0651	11.28	496.5	392.52	0.0698	554.2	9.976	19.28	12.18	1.68
	44.38	36.05	73.85	-0.00	0.0655	11.43	503.0	397.91	0.0694	552.3	9.941	19.23	12.13	1.68
	45.38	36.02	73.87	-0.00	0.0663	11.51	506.4	400.42	0.0663	515.1	9.271	17.92	11.07	1.68
	46.45	36.07	73.90	-0.00	0.0669	11.56	508.5	402.04	0.0632	474.5	8.540	16.51	9.85	1.68
	47.36	36.04	73.87	0.00	0.0670	11.60	510.6	403.76	0.0639	476.5	8.578	16.58	9.91	1.68
	48.36	36.07	73.87	0.00	0.0670	11.62	511.2	404.35	0.0635	482.3	8.681	16.78	10.09	1.68
	49.36	36.03	73.90	0.00	0.0669	11.65	512.4	405.10	0.0647	494.3	8.898	17.20	10.46	1.68
	50.38	36.07	73.87	0.00	0.0667	11.65	512.8	405.58	0.0650	501.4	9.025	17.45	10.67	1.67
	51.38	36.09	73.88	-0.00	0.0665	11.62	511.4	404.53	0.0637	489.8	8.816	17.04	10.32	1.68
	52.38	36.04	73.87	-0.00	0.0669	11.62	511.2	404.27	0.0649	499.2	8.986	17.37	10.60	1.68
	53.36	36.04	73.87	0.00	0.0667	11.58	509.4	402.83	0.0656	503.4	9.060	17.52	10.73	1.68
	54.38	36.04	73.90	-0.00	0.0667	11.57	509.1	402.45	0.0648	500.3	9.005	17.40	10.64	1.68
	55.36	36.05	73.87	0.00	0.0669	11.52	506.9	400.86	0.0655	501.0	9.018	17.43	10.66	1.68
	56.36	36.05	73.88	0.00	0.0665	11.57	509.0	402.53	0.0659	507.9	9.142	17.67	10.86	1.68
	57.38	36.06	73.88	-0.00	0.0662	11.57	508.9	402.45	0.0656	515.9	9.286	17.95	11.10	1.68
	58.36	36.05	73.85	0.00	0.0667	11.50	506.0	400.33	0.0664	513.1	9.236	17.86	11.02	1.68
	59.36	36.03	73.88	0.00	0.0665	11.46	504.3	398.79	0.0669	515.8	9.285	17.95	11.10	1.68
	60.36	36.04	73.87	0.00	0.0664	11.56	508.6	402.25	0.0671	526.9	9.485	18.34	11.42	1.68
	61.38	36.06	73.87	-0.00	0.0651	11.55	508.3	402.03	0.0660	522.5	9.406	18.18	11.29	1.68
	62.36	36.06	73.87	0.00	0.0662	11.50	506.1	400.29	0.0680	531.6	9.569	18.50	11.55	1.68
	63.36	36.08	73.90	0.00	0.0662	11.51	506.6	400.60	0.0680	533.6	9.605	18.56	11.61	1.68
	64.38	36.09	73.87	-0.00	0.0663	11.47	504.6	399.10	0.0681	535.9	9.646	18.65	11.68	1.68
	65.36	36.06	73.87	0.00	0.0661	11.45	504.0	398.61	0.0688	540.0	9.720	18.79	11.79	1.68
	66.38	36.08	73.90	-0.00	0.0664	11.44	503.4	398.06	0.0692	537.6	9.677	18.70	11.72	1.68
	67.45	36.06	73.87	-0.00	0.0661	11.45	504.0	398.61	0.0697	548.8	9.878	19.10	12.03	1.68
	68.38	36.06	73.90	-0.00	0.0655	11.30	497.4	393.21	0.0708	561.7	10.111	19.54	12.39	1.68
	69.36	36.05	73.88	0.00	0.0661	11.40	501.7	396.79	0.0698	558.6	10.054	19.44	12.30	1.68
	70.38	36.09	73.90	-0.00	0.0660	11.41	502.0	396.94	0.0710	565.9	10.186	19.69	12.50	1.68
	71.38	36.08	73.87	-0.00	0.0661	11.35	499.6	395.12	0.0707	566.4	10.196	19.71	12.52	1.68
	72.36	36.11	73.88	0.00	0.0662	11.43	502.9	397.80	0.0706	565.7	10.182	19.69	12.50	1.68
	73.36	36.14	73.87	0.00	0.0663	11.49	505.5	399.88	0.0702	558.6	10.055	19.44	12.31	1.68
	74.36	36.14	73.87	0.00	0.0653	11.36	499.9	395.44	0.0719	578.8	10.419	20.15	12.85	1.68
	75.38	36.16	73.88	-0.00	0.0650	11.23	494.2	391.01	0.0742	606.9	10.924	21.12	13.58	1.68
	76.36	36.13	73.93	0.00	0.0663	11.29	496.7	392.66	0.0731	578.8	10.419	20.13	12.85	1.68
	77.36	36.16	73.90	0.00	0.0618	10.26	451.6	357.14	0.0747	668.8	12.038	23.27	15.08	1.68
	78.38	36.13	73.90	0.00	0.0681	11.57	508.9	402.41	0.0754	636.8	11.463	22.16	14.32	1.68
	79.36	36.15	73.90	0.00	0.0661	10.78	474.4	375.16	0.0726	588.7	10.596	20.48	13.11	1.68
	80.38	36.13	73.88	-0.00	0.0659	11.41	502.2	397.25	0.0719	570.0	10.260	19.84	12.62	1.68
	81.36	36.13	73.85	-0.00	0.0662	11.36	500.0	395.65	0.0719	574.4	10.340	20.00	12.73	1.68
	82.36	36.13	73.87	0.00	0.0658	11.38	500.9	396.25	0.0717	575.8	10.365	20.04	12.77	1.68
	83.38	36.13	73.90	-0.00	0.0657	11.38	500.7	395.96	0.0722	581.5	10.467	20.23	12.92	1.68
	84.36	36.15	73.85	-0.00	0.0657	11.35	499.5	395.34	0.0728	587.6	10.577	20.46	13.08	1.68
	85.38	36.15	73.87	-0.00	0.0654	11.50	505.9	400.23	0.0701	620.4	11.167	21.59	13.91	1.68
	86.38	36.15	73.87	-0.00	0.0654	11.46	504.1	398.78	0.0708	576.4	10.374	20.06	12.78	1.68
	87.36	36.15	73.87	0.00	0.0607	9.90	435.7	344.66	0.0935	880.1	15.843	30.64	19.42	1.68
	88.34	36.12	73.85	0.00	0.0571	9.46	416.1	329.26	0.1050	1049.2	18.885	36.53	22.27	1.68
	89.38	36.14	73.85	-0.00	0.0557	9.65	424.5	335.97	0.1016	996.6	17.938	34.70	21.43	1.68
	90.36	36.13	73.87	0.00	0.0590	9.83	432.5	342.12	0.0912	836.5	15.057	29.12	18.60	1.68
	91.36	36.18	73.87	0.00	0.0591	10.01	440.2	348.31	0.0885	793.1	14.275	27.61	17.75	1.68
	92.36	36.18	73.90	0.00	0.0597	10.05	442.2	349.71	0.0856	750.9	13.516	26.13	16.89	1.68
	93.38	36.15	73.88	0.00	0.0602	10.11	444.9	352.00	0.0848	740.0	13.320	25.76	16.66	1.68
	94.36	36.14	73.90	0.00	0.0602	10.13	445.6	352.40	0.0850	740.2	13.324	25.76	16.66	1.68
	95.34	36.17	73.87	0.00	0.0609	10.21	449.1	355.34	0.0847	724.9	13.048	25.23	16.34	1.68
	96.36	36.20	73.85	0.00	0.0614	10.48	461.3	365.10	0.0791	686.1	12.350	23.89	15.48	1.68
	97.38	36.20	73.85	-0.00	0.0620	10.61	466.6	369.37	0.0774	653.9	11.770	22.77	14.73	1.68
	98.36	36.23	73.85	-0.00	0.0624	10.66	469.1	371.37	0.0773	635.0	11.429	22.12	14.28	1.68
	99.36	36.20	73.90	0.00	0.0626	10.70	471.0	372.51	0.0769	633.5	11.403	22.05	14.24	1.68
	100.38	36.18	73.87	-0.00	0.0626	10.70	470.6	372.35	0.0769	634.2	11.415	22.08	14.25	1.69
	101.38	36.20	73.85	-0.00	0.0625	10.65	468.8	371.06	0.0779	647.0	11.646	22.53	14.57	1.68
	102.36	36.20	73.87	-0.00	0.0627	10.68	470.1	371.99	0.0773	642.7	11.568	22.37	14.46	1.68
	103.36	36.22	73.87	0.00	0.0626	10.68	470.0	371.95	0.0778	645.6	11.620	22.48	14.53	1.68
	104.44	36.17	73.87	0.00	0.0624	10.62	467.3	369.74	0.0790	663.6	11.945	23.10	14.96	1.68
	105.36	36.20	73.87	-0.00	0.0626	10.68	470.0	371.88	0.0780	654.2	11.775	22.78	14.74	1.68
	106.36	36.20	73.87	0.00	0.0627	10.73	471.9	373.43	0.0781	649.5	11.692	22.61	14.63	1.68
	107.36	36.17	73.90	0.00	0.0627	10.71	471.2	372.70	0.0783	651.6	11.728	22.67	14.67	1.68
	108.36	36.22	73.87	0.00	0.0625	10.68	470.0	371.91	0.0784	655.9	11.807	22.84	14.78	1.68
	109.34	36.19	73.87	0.00	0.0626	10.66	469.2	371.24	0.0783	658.2	11.848	22.91	14.83	1.68
	110.36	36.17	73.87	0.00	0.0625	10.67	469.5	371.48	0.0787	660.1	11.883	22.98	14.88	1.68
	111.36	36.17	73.87	0.00	0.0623	10.65	468.4	370.60	0.0791	665.0	11.970	23.15	14.99	1.68
	112.34	36.23	73.85	0.00	0.0621	10.61	466.6	369.38	0.0802	677.2	12.190	23.59	15.28	1.68
	113.36	36.23	73.87	0.00	0.0621	10.58	465.4	368.30	0.0806	683.8	12.309	23.81	15.43	1.68
	114.36	36.20	73.85	0.00	0.0622	10.60	466.3	369.12	0.0807	685.7	12.343	23.88	15.47	1.69
	115.36	36.22	73.87	-0.00	0.0627	10.57	465.0	367.95	0.0810	670.5	12.070	23.35	15.12	1.68
	116.36	36.20	73.87	-0.00	0.0624	10.64	468.4	370.59	0.0798	672.7	12.109	23.42	15.17	1.68
	117.38	36.20	73.87	-0.00	0.0623	10.61	467.0	369.51	0.0790	672.1	12.098	23.40	15.16	1.69
	118.38	36.20	73.85	-0.00	0.0625	10.64	468.1	370.54	0.0801	681.4	12.266	23.73	15.37	1.68
	119.34	36.22	73.85	0.00	0.0626	10.66	468.9	371.13	0.0795	671.0	12.078	23.37	15.13	1.69
	120.38	36.22	73.88	0.00	0.0623	10.62	467.2	369.67	0.0799	675.4	12.158	23.52	15.23	1.68
	121.44	36.20	73.87	0.00	0.0624	10.63	467.7	370.06	0.0801	677.2	12.189	23.58	15.27	1.69
	122.36	36.25	73.87	-0.00	0.0624	10.63	467.5	369.97	0.0807	683.4	12.300	23.79	15.42	1.68
	123.38	36.22	73.87	-0.00	0.0622	10.61	466.7	369.31	0.0808	685.8	12.344	23.88	15.47	1.69
	124.36	36.25	73.87	0.00	0.0622	10.59	466.1	368.83	0.0815	695.0	12.510	24.20	15.68	1.69
	125.36	36.21	73.90	0.00	0.0620	10.56	464.7	367.61	0.0815	692.4	12.463	24.10	15.62	1.69
	126.34	36.22	73.82	0.00	0.0620	10.55	464.2	367.58	0.0824	708.5	12.753	24.68	15.98	1.69
	127.38	36.19	73.85	-0.00	0.0622	10.60	466.6	369.29	0.0819	702.6	12.648	24.47	15.85	1.69
