Jul 29 2015 at 10:49:32
Frequency: 1.00Hz.
CO2
Zero:  Value:0.95  Date:18 Mar 2005	 at 07:22:33	
Span:  Value:1.00  Date:18 Mar 2005	 at 07:25:09	
H2O
Zero:  Value:0.71  Date:18 Mar 2005	 at 07:52:31	
Span:  Value:0.99  Date:18 Mar 2005	 at 11:44:01	
	Relative Time	Temperature	Pressure	Aux Input	CO2 Absorptance	CO2 mmol/m3	CO2 mg/m3	CO2 umol/mol	H2O Absorptance	H2O mmol/m3	H2O g/m3	H2O mmol/mol	H2O(°C)	Cooler Voltage
	0.80	30.63	73.41	0.00	0.0646	11.31	497.7	389.16	0.0743	553.0	9.954	19.03	11.88	1.75
	1.80	30.63	73.41	0.00	0.0635	10.88	478.8	374.39	0.0798	675.0	12.151	23.23	14.94	1.75
	2.78	30.61	73.41	0.00	0.0640	10.93	481.1	376.19	0.0773	664.2	11.956	22.85	14.69	1.75
	3.80	30.65	73.41	0.00	0.0648	11.14	490.0	383.20	0.0708	590.6	10.630	20.32	12.88	1.75
	4.78	30.63	73.38	0.00	0.0648	11.17	491.5	384.49	0.0706	565.0	10.170	19.45	12.21	1.75
	5.80	30.63	73.41	0.00	0.0648	11.17	491.3	384.18	0.0709	568.6	10.235	19.56	12.30	1.75
	6.78	30.63	73.41	0.00	0.0645	11.11	488.9	382.28	0.0715	577.8	10.401	19.88	12.55	1.75
	7.81	30.61	73.41	-0.00	0.0646	11.14	490.0	383.14	0.0707	566.3	10.193	19.48	12.24	1.75
	8.78	30.65	73.41	0.00	0.0647	11.14	490.3	383.38	0.0700	563.4	10.142	19.39	12.17	1.75
	9.80	30.65	73.41	0.00	0.0647	11.18	491.9	384.67	0.0692	546.6	9.838	18.81	11.70	1.75
	10.78	30.69	73.41	0.00	0.0648	11.17	491.3	384.22	0.0683	538.7	9.697	18.54	11.49	1.75
	11.81	30.67	73.41	-0.00	0.0643	11.06	486.8	380.69	0.0709	568.8	10.238	19.57	12.31	1.75
	12.80	30.67	73.41	-0.00	0.0642	11.01	484.5	378.89	0.0734	609.0	10.961	20.96	13.35	1.75
	13.80	30.72	73.41	0.00	0.0639	10.98	483.0	377.80	0.0757	630.4	11.347	21.70	13.89	1.74
	14.80	30.67	73.41	0.00	0.0639	10.98	483.1	377.82	0.0760	628.0	11.305	21.61	13.83	1.74
	15.80	30.67	73.41	0.00	0.0641	11.05	486.2	380.26	0.0744	600.7	10.812	20.67	13.14	1.75
	16.80	30.68	73.38	0.00	0.0646	11.04	485.6	379.90	0.0710	601.3	10.824	20.70	13.16	1.75
	17.81	30.70	73.41	-0.00	0.0640	11.00	484.2	378.69	0.0745	610.2	10.984	21.00	13.39	1.75
	18.86	30.71	73.41	0.00	0.0641	11.04	485.7	379.90	0.0728	590.5	10.629	20.32	12.88	1.75
	19.80	30.69	73.38	-0.00	0.0646	11.11	488.8	382.47	0.0712	575.4	10.358	19.81	12.49	1.75
	20.80	30.69	73.41	0.00	0.0646	11.14	490.2	383.39	0.0703	564.1	10.153	19.41	12.19	1.75
	21.80	30.69	73.40	-0.00	0.0646	11.16	491.0	384.03	0.0708	562.4	10.124	19.36	12.14	1.75
	22.80	30.69	73.41	0.00	0.0649	11.18	491.9	384.71	0.0690	551.7	9.931	18.99	11.85	1.75
	23.80	30.71	73.38	-0.00	0.0648	11.14	490.3	383.63	0.0689	555.6	10.000	19.13	11.96	1.75
	24.81	30.71	73.43	-0.00	0.0648	11.19	492.4	385.03	0.0688	540.3	9.726	18.59	11.53	1.75
	25.80	30.76	73.43	-0.00	0.0648	11.16	491.2	384.14	0.0684	542.2	9.759	18.66	11.59	1.75
	26.88	30.71	73.41	-0.00	0.0648	11.16	490.9	383.97	0.0683	542.6	9.767	18.67	11.60	1.75
	27.80	30.73	73.41	-0.00	0.0650	11.21	493.1	385.69	0.0677	533.1	9.596	18.35	11.33	1.74
	28.81	30.76	73.43	-0.00	0.0651	11.26	495.6	387.54	0.0672	521.9	9.394	17.96	11.01	1.75
	29.80	30.76	73.41	-0.00	0.0651	11.24	494.6	386.91	0.0671	525.9	9.467	18.10	11.13	1.75
	30.81	30.73	73.41	-0.00	0.0649	11.20	492.7	385.40	0.0673	527.9	9.502	18.17	11.18	1.75
	31.80	30.73	73.43	-0.00	0.0650	11.22	493.6	385.97	0.0667	521.1	9.379	17.93	10.99	1.75
	32.81	30.73	73.41	-0.00	0.0651	11.22	493.7	386.18	0.0665	519.8	9.356	17.89	10.95	1.75
	33.78	30.75	73.41	0.00	0.0648	11.17	491.3	384.35	0.0664	516.3	9.293	17.77	10.85	1.75
	34.78	30.76	73.38	0.00	0.0647	11.16	491.2	384.40	0.0669	524.2	9.436	18.05	11.08	1.75
	35.80	30.75	73.41	-0.00	0.0648	11.20	492.6	385.35	0.0670	523.0	9.413	18.00	11.04	1.75
	36.78	30.75	73.41	0.00	0.0649	11.21	493.2	385.80	0.0668	524.9	9.449	18.07	11.10	1.75
	37.80	30.78	73.41	-0.00	0.0647	11.19	492.4	385.24	0.0664	523.2	9.418	18.01	11.05	1.75
	38.80	30.75	73.41	-0.00	0.0647	11.18	491.7	384.67	0.0668	526.2	9.471	18.11	11.14	1.75
	39.80	30.74	73.41	-0.00	0.0650	11.21	493.3	385.89	0.0672	524.8	9.446	18.06	11.09	1.75
	40.78	30.80	73.40	0.00	0.0648	11.17	491.5	384.53	0.0670	521.9	9.395	17.97	11.02	1.75
	41.80	30.77	73.41	0.00	0.0646	11.14	490.2	383.45	0.0662	513.2	9.237	17.66	10.76	1.75
	42.80	30.77	73.41	-0.00	0.0648	11.20	492.8	385.49	0.0664	523.3	9.419	18.01	11.05	1.75
	43.80	30.78	73.43	0.00	0.0647	11.15	490.7	383.80	0.0661	508.7	9.157	17.51	10.63	1.75
	44.78	30.77	73.41	0.00	0.0648	11.15	490.8	383.95	0.0661	508.9	9.160	17.52	10.64	1.75
	45.80	30.77	73.38	0.00	0.0645	11.11	488.7	382.47	0.0662	514.0	9.252	17.70	10.79	1.75
	46.80	30.78	73.43	-0.00	0.0650	11.23	494.2	386.52	0.0674	528.8	9.518	18.20	11.21	1.75
	47.80	30.82	73.38	0.00	0.0649	11.21	493.3	386.15	0.0671	525.5	9.459	18.10	11.12	1.75
	48.78	30.81	73.38	0.00	0.0648	11.19	492.2	385.28	0.0669	522.9	9.413	18.01	11.05	1.75
	49.88	30.78	73.41	0.00	0.0649	11.20	493.0	385.67	0.0671	523.9	9.431	18.04	11.07	1.75
	50.78	30.79	73.41	0.00	0.0649	11.21	493.4	386.00	0.0674	528.2	9.508	18.18	11.20	1.75
	51.81	30.78	73.38	-0.00	0.0647	11.15	490.7	384.07	0.0667	519.6	9.353	17.89	10.95	1.75
	52.80	30.84	73.38	-0.00	0.0647	11.12	489.2	382.93	0.0665	511.7	9.211	17.63	10.72	1.75
	53.80	30.83	73.41	-0.00	0.0648	11.19	492.5	385.35	0.0667	524.5	9.442	18.06	11.09	1.75
	54.80	30.80	73.41	0.00	0.0648	11.17	491.3	384.40	0.0669	517.2	9.309	17.80	10.88	1.75
	55.78	30.81	73.41	0.00	0.0646	11.16	490.8	384.04	0.0662	514.3	9.257	17.70	10.79	1.75
	56.80	30.81	73.38	0.00	0.0647	11.18	491.9	385.00	0.0664	522.8	9.411	18.01	11.04	1.75
	57.80	30.78	73.43	-0.00	0.0646	11.15	490.5	383.59	0.0659	513.8	9.249	17.68	10.78	1.75
	58.86	30.81	73.41	0.00	0.0647	11.13	489.9	383.33	0.0668	516.4	9.296	17.78	10.86	1.75
	59.80	30.83	73.41	-0.00	0.0651	11.21	493.2	385.92	0.0681	532.0	9.577	18.32	11.31	1.75
	60.80	30.81	73.41	0.00	0.0649	11.22	493.8	386.36	0.0676	534.4	9.620	18.40	11.37	1.75
	61.80	30.83	73.43	-0.00	0.0645	11.13	489.8	383.12	0.0662	518.1	9.326	17.83	10.91	1.75
	62.80	30.83	73.38	0.00	0.0647	11.16	491.2	384.47	0.0668	519.3	9.348	17.89	10.94	1.75
	63.78	30.80	73.41	0.00	0.0646	11.14	490.2	383.55	0.0666	519.0	9.342	17.87	10.93	1.75
	64.80	30.83	73.41	0.00	0.0647	11.17	491.5	384.57	0.0670	524.7	9.445	18.07	11.10	1.75
	65.80	30.83	73.41	-0.00	0.0647	11.20	492.7	385.53	0.0671	530.9	9.556	18.28	11.27	1.75
	66.80	30.82	73.38	0.00	0.0648	11.15	490.8	384.14	0.0675	526.5	9.477	18.13	11.15	1.75
	67.86	30.82	73.43	-0.00	0.0647	11.15	490.5	383.64	0.0671	522.1	9.397	17.97	11.02	1.75
	68.78	30.85	73.41	0.00	0.0648	11.19	492.4	385.31	0.0678	533.3	9.599	18.36	11.34	1.75
	69.78	30.87	73.43	0.00	0.0649	11.16	490.9	384.03	0.0677	524.5	9.441	18.05	11.09	1.75
	70.80	30.85	73.43	-0.00	0.0650	11.24	494.6	386.88	0.0683	540.5	9.729	18.60	11.55	1.75
	71.78	30.85	73.41	0.00	0.0647	11.13	489.9	383.37	0.0672	522.9	9.412	18.00	11.05	1.75
	72.78	30.84	73.41	0.00	0.0647	11.14	490.2	383.56	0.0672	524.8	9.447	18.07	11.10	1.75
	73.78	30.85	73.38	0.00	0.0652	11.25	495.0	387.52	0.0692	544.2	9.796	18.74	11.65	1.75
	74.80	30.85	73.38	-0.00	0.0647	11.14	490.3	383.77	0.0669	521.4	9.385	17.96	11.00	1.75
	75.80	30.89	73.41	0.00	0.0648	11.16	490.9	384.16	0.0678	528.6	9.515	18.20	11.21	1.75
	76.78	30.86	73.38	0.00	0.0648	11.18	491.8	384.99	0.0677	533.1	9.595	18.36	11.34	1.75
	77.80	30.86	73.41	-0.00	0.0649	11.19	492.2	385.21	0.0683	535.0	9.630	18.42	11.39	1.75
	78.80	30.87	73.41	-0.00	0.0647	11.17	491.4	384.53	0.0676	532.1	9.578	18.32	11.31	1.75
	79.80	30.87	73.38	-0.00	0.0646	11.18	492.1	385.24	0.0675	536.4	9.656	18.48	11.43	1.75
	80.80	30.86	73.41	-0.00	0.0648	11.16	491.1	384.31	0.0682	534.3	9.618	18.40	11.37	1.75
	81.80	30.87	73.41	-0.00	0.0649	11.20	492.7	385.56	0.0685	541.8	9.752	18.65	11.58	1.76
	82.80	30.88	73.38	-0.00	0.0652	11.23	494.2	386.87	0.0695	547.7	9.858	18.87	11.75	1.75
	83.80	30.91	73.38	0.00	0.0648	11.20	493.0	385.99	0.0682	542.4	9.763	18.69	11.60	1.75
	84.80	30.89	73.40	-0.00	0.0649	11.21	493.3	386.08	0.0688	545.0	9.810	18.77	11.67	1.75
	85.78	30.88	73.38	0.00	0.0648	11.18	491.9	385.11	0.0685	541.0	9.737	18.63	11.56	1.75
	86.80	30.89	73.41	-0.00	0.0648	11.17	491.4	384.57	0.0685	540.1	9.721	18.60	11.54	1.75
	87.78	30.88	73.38	0.00	0.0646	11.15	490.7	384.12	0.0675	534.0	9.612	18.39	11.36	1.76
	88.78	30.91	73.41	0.00	0.0646	11.14	490.0	383.54	0.0671	524.3	9.437	18.05	11.09	1.75
	89.80	30.95	73.43	0.00	0.0647	11.15	490.8	384.03	0.0678	531.1	9.559	18.29	11.29	1.75
	90.78	30.91	73.43	0.00	0.0649	11.21	493.4	386.05	0.0686	547.0	9.846	18.83	11.73	1.75
	91.78	30.91	73.43	0.00	0.0649	11.22	493.9	386.43	0.0690	550.9	9.916	18.97	11.84	1.75
	92.80	30.91	73.41	-0.00	0.0649	11.17	491.4	384.58	0.0687	538.4	9.692	18.54	11.49	1.76
	93.78	30.88	73.38	-0.00	0.0649	11.18	492.1	385.23	0.0692	544.5	9.801	18.76	11.66	1.76
	94.86	30.93	73.41	0.00	0.0651	11.21	493.3	386.10	0.0698	550.3	9.906	18.95	11.82	1.75
	95.80	30.93	73.41	-0.00	0.0649	11.21	493.2	386.03	0.0693	550.1	9.902	18.95	11.82	1.75
	96.80	30.93	73.41	-0.00	0.0648	11.20	492.6	385.59	0.0691	548.1	9.866	18.88	11.76	1.75
	97.80	30.92	73.41	-0.00	0.0647	11.13	489.8	383.38	0.0682	529.6	9.534	18.24	11.24	1.75
	98.86	30.96	73.40	0.00	0.0649	11.22	493.8	386.56	0.0687	549.8	9.896	18.94	11.81	1.76
	99.80	30.93	73.38	-0.00	0.0649	11.22	493.8	386.68	0.0689	552.9	9.952	19.05	11.89	1.76
	100.80	30.93	73.41	0.00	0.0648	11.16	491.0	384.36	0.0693	540.8	9.734	18.62	11.56	1.75
	101.78	30.90	73.41	0.00	0.0649	11.21	493.3	386.09	0.0691	553.1	9.956	19.05	11.90	1.76
	102.78	30.95	73.43	-0.00	0.0647	11.16	491.0	384.22	0.0686	541.7	9.750	18.65	11.58	1.75
	103.78	30.95	73.38	0.00	0.0649	11.22	493.9	386.74	0.0696	556.2	10.012	19.16	11.99	1.76
	104.78	30.95	73.41	0.00	0.0648	11.17	491.6	384.78	0.0691	547.9	9.863	18.87	11.76	1.76
	105.78	30.95	73.41	0.00	0.0648	11.15	490.8	384.17	0.0688	541.4	9.745	18.65	11.58	1.76
	106.80	30.97	73.41	-0.00	0.0646	11.13	489.7	383.36	0.0684	538.3	9.689	18.54	11.49	1.76
	107.78	31.00	73.41	0.00	0.0649	11.16	491.1	384.46	0.0693	544.3	9.797	18.75	11.66	1.76
	108.78	30.92	73.38	0.00	0.0650	11.21	493.3	386.22	0.0703	558.3	10.049	19.23	12.04	1.76
	109.80	30.98	73.43	-0.00	0.0649	11.20	492.7	385.60	0.0697	554.2	9.976	19.08	11.93	1.76
	110.80	30.97	73.41	-0.00	0.0651	11.25	495.2	387.64	0.0707	568.2	10.227	19.57	12.31	1.76
	111.80	30.96	73.41	0.00	0.0646	11.16	491.0	384.36	0.0681	543.7	9.787	18.73	11.64	1.76
	112.80	30.97	73.41	-0.00	0.0646	11.14	490.3	383.85	0.0686	540.6	9.731	18.62	11.56	1.76
	113.78	30.98	73.40	0.00	0.0649	11.18	492.1	385.27	0.0701	553.5	9.963	19.07	11.91	1.76
	114.78	30.97	73.38	0.00	0.0647	11.19	492.2	385.46	0.0694	554.2	9.975	19.10	11.93	1.76
	115.80	30.99	73.41	-0.00	0.0647	11.15	490.7	384.17	0.0691	546.8	9.842	18.84	11.73	1.76
	116.78	30.95	73.41	0.00	0.0647	11.18	491.9	385.02	0.0686	549.2	9.886	18.92	11.79	1.76
	117.86	30.97	73.41	0.00	0.0649	11.20	492.8	385.79	0.0700	557.3	10.031	19.20	12.02	1.76
	118.78	30.98	73.41	0.00	0.0651	11.19	492.5	385.55	0.0709	560.5	10.089	19.31	12.10	1.76
	119.86	30.99	73.38	0.00	0.0649	11.20	492.8	385.97	0.0700	557.7	10.039	19.22	12.03	1.76
	120.80	30.97	73.41	-0.00	0.0649	11.22	493.8	386.59	0.0697	564.3	10.158	19.44	12.21	1.76
	121.78	30.96	73.43	0.00	0.0650	11.20	492.8	385.64	0.0704	559.5	10.071	19.26	12.08	1.76
	122.78	30.96	73.38	0.00	0.0649	11.22	493.6	386.54	0.0704	563.6	10.144	19.42	12.19	1.76
	123.78	30.97	73.41	0.00	0.0648	11.18	492.1	385.21	0.0699	556.8	10.022	19.18	12.00	1.76
	124.78	30.98	73.41	0.00	0.0651	11.23	494.0	386.73	0.0710	567.4	10.214	19.55	12.29	1.76
	125.78	31.02	73.41	0.00	0.0648	11.19	492.4	385.53	0.0703	562.0	10.116	19.36	12.15	1.76
	126.78	30.98	73.41	0.00	0.0653	11.23	494.3	386.98	0.0722	573.2	10.317	19.74	12.44	1.76
	127.78	30.99	73.38	0.00	0.0650	11.22	493.9	386.80	0.0712	570.5	10.269	19.66	12.37	1.76
