Jul 29 2015 at 14:40:21
Frequency: 1.00Hz.
CO2
Zero:  Value:0.95  Date:18 Mar 2005	 at 07:22:33	
Span:  Value:1.00  Date:18 Mar 2005	 at 07:25:09	
H2O
Zero:  Value:0.71  Date:18 Mar 2005	 at 07:52:31	
Span:  Value:0.99  Date:18 Mar 2005	 at 11:44:01	
	Relative Time	Temperature	Pressure	Aux Input	CO2 Absorptance	CO2 mmol/m3	CO2 mg/m3	CO2 umol/mol	H2O Absorptance	H2O mmol/m3	H2O g/m3	H2O mmol/mol	H2O(°C)	Cooler Voltage
	0.69	36.52	73.80	-0.00	0.0685	11.99	527.7	418.42	0.0426	280.6	5.051	9.79	2.27	1.81
	1.61	36.49	73.82	-0.00	0.0682	11.96	526.1	416.98	0.0438	297.9	5.362	10.39	3.11	1.81
	2.59	36.45	73.75	0.00	0.0687	12.05	530.0	420.47	0.0457	301.5	5.427	10.52	3.28	1.81
	3.59	36.53	73.77	0.00	0.0682	11.96	526.4	417.51	0.0440	295.0	5.310	10.30	2.97	1.81
	4.61	36.51	73.80	-0.00	0.0684	11.99	527.5	418.22	0.0437	288.5	5.193	10.07	2.66	1.81
	5.61	36.52	73.82	-0.00	0.0685	11.99	527.6	418.19	0.0448	296.5	5.336	10.34	3.04	1.81
	6.59	36.51	73.80	0.00	0.0684	11.94	525.5	416.63	0.0442	303.7	5.466	10.59	3.38	1.81
	7.62	36.56	73.80	-0.00	0.0681	11.92	524.4	415.87	0.0441	294.3	5.297	10.27	2.94	1.81
	8.61	36.45	73.82	-0.00	0.0681	11.92	524.5	415.66	0.0445	295.9	5.327	10.32	3.01	1.81
	9.59	36.52	73.74	0.00	0.0680	11.90	523.8	415.59	0.0448	300.2	5.403	10.48	3.22	1.81
	10.69	36.50	73.80	0.00	0.0677	11.81	519.4	411.83	0.0444	295.6	5.322	10.31	3.00	1.81
	11.67	36.50	73.82	0.00	0.0677	11.85	521.3	413.20	0.0458	309.3	5.567	10.79	3.64	1.81
	12.59	36.49	73.77	0.00	0.0677	11.82	520.0	412.42	0.0450	301.8	5.432	10.53	3.29	1.81
	13.61	36.52	73.80	0.00	0.0680	11.89	523.4	414.98	0.0446	297.1	5.348	10.37	3.07	1.81
	14.61	36.52	73.80	-0.00	0.0679	11.86	521.8	413.77	0.0447	299.0	5.382	10.43	3.16	1.81
	15.59	36.52	73.82	0.00	0.0678	11.82	519.9	412.11	0.0458	309.1	5.563	10.78	3.63	1.81
	16.61	36.54	73.77	0.00	0.0679	11.79	518.7	411.45	0.0459	305.3	5.495	10.66	3.46	1.81
	17.69	36.52	73.80	-0.00	0.0675	11.81	519.8	412.14	0.0462	311.4	5.606	10.86	3.74	1.81
	18.59	36.56	73.80	0.00	0.0679	11.85	521.3	413.43	0.0462	311.9	5.614	10.88	3.76	1.81
	19.61	36.53	73.80	0.00	0.0674	11.84	520.7	412.92	0.0466	318.1	5.725	11.10	4.04	1.81
	20.59	36.57	73.80	0.00	0.0678	11.85	521.2	413.33	0.0476	323.8	5.829	11.30	4.30	1.81
	21.61	36.53	73.80	0.00	0.0679	11.87	522.2	414.08	0.0474	323.5	5.822	11.29	4.28	1.81
	22.61	36.54	73.77	-0.00	0.0681	11.85	521.5	413.66	0.0477	326.7	5.881	11.40	4.42	1.81
	23.61	36.54	73.77	-0.00	0.0682	11.89	523.3	415.11	0.0480	328.0	5.903	11.45	4.48	1.81
	24.61	36.53	73.80	0.00	0.0679	11.89	523.3	414.95	0.0491	345.6	6.221	12.06	5.23	1.81
	25.59	36.44	73.80	0.00	0.0680	11.88	522.8	414.41	0.0496	342.0	6.156	11.93	5.07	1.81
	26.61	36.56	73.77	-0.00	0.0684	11.87	522.4	414.44	0.0509	341.7	6.151	11.93	5.07	1.81
	27.61	36.54	73.80	-0.00	0.0684	11.96	526.3	417.32	0.0518	366.1	6.590	12.77	6.06	1.81
	28.61	36.51	73.80	0.00	0.0685	11.97	526.6	417.51	0.0513	360.3	6.485	12.57	5.82	1.81
	29.59	36.52	73.80	0.00	0.0686	11.99	527.4	418.21	0.0511	358.0	6.443	12.49	5.73	1.81
	30.61	36.54	73.80	-0.00	0.0687	12.02	528.8	419.35	0.0517	361.7	6.510	12.62	5.88	1.81
	31.69	36.49	73.77	-0.00	0.0687	12.02	529.0	419.57	0.0512	355.2	6.394	12.40	5.62	1.81
	32.59	36.52	73.80	0.00	0.0687	12.05	530.1	420.31	0.0514	361.1	6.500	12.60	5.86	1.81
	33.59	36.54	73.77	0.00	0.0685	11.98	527.1	418.15	0.0514	358.3	6.450	12.51	5.75	1.81
	34.59	36.54	73.80	0.00	0.0687	12.02	528.7	419.27	0.0518	361.4	6.506	12.61	5.87	1.81
	35.61	36.54	73.80	-0.00	0.0685	12.01	528.6	419.17	0.0520	364.9	6.568	12.73	6.01	1.81
	36.59	36.56	73.80	0.00	0.0686	11.97	526.8	417.78	0.0525	367.6	6.617	12.83	6.12	1.81
	37.59	36.56	73.77	0.00	0.0685	11.98	527.1	418.12	0.0525	368.0	6.625	12.85	6.14	1.81
	38.61	36.52	73.77	0.00	0.0684	12.00	527.9	418.74	0.0522	369.1	6.645	12.88	6.18	1.81
	39.61	36.51	73.80	0.00	0.0689	12.07	531.3	421.24	0.0524	373.7	6.726	13.04	6.35	1.81
	40.61	36.51	73.80	0.00	0.0687	12.04	529.8	420.09	0.0530	374.9	6.749	13.08	6.40	1.81
	41.59	36.52	73.80	-0.00	0.0689	12.03	529.4	419.76	0.0527	372.0	6.697	12.98	6.29	1.81
	42.61	36.51	73.80	-0.00	0.0688	12.04	529.8	420.09	0.0525	373.1	6.715	13.01	6.33	1.81
	43.61	36.46	73.80	-0.00	0.0684	12.00	528.0	418.56	0.0522	367.4	6.613	12.81	6.10	1.81
	44.61	36.46	73.77	-0.00	0.0688	12.03	529.3	419.78	0.0539	374.5	6.742	13.07	6.38	1.81
	45.61	36.40	73.80	-0.00	0.0684	11.97	526.9	417.61	0.0533	378.1	6.805	13.19	6.52	1.81
	46.59	36.52	73.77	0.00	0.0686	12.00	528.0	418.80	0.0535	379.5	6.831	13.25	6.58	1.81
	47.59	36.49	73.77	0.00	0.0687	12.01	528.4	419.07	0.0536	382.1	6.878	13.33	6.68	1.81
	48.59	36.54	73.77	0.00	0.0689	12.03	529.2	419.79	0.0540	381.1	6.859	13.30	6.64	1.81
	49.61	36.54	73.77	-0.00	0.0685	12.01	528.3	419.07	0.0537	383.2	6.898	13.38	6.72	1.81
	50.59	36.51	73.80	0.00	0.0683	12.02	528.7	419.18	0.0540	388.2	6.987	13.54	6.91	1.81
	51.59	36.51	73.75	0.00	0.0684	11.95	525.7	417.13	0.0535	382.3	6.882	13.35	6.69	1.81
	52.61	36.51	73.75	0.00	0.0686	12.01	528.6	419.40	0.0553	395.3	7.116	13.80	7.17	1.81
	53.61	36.57	73.77	0.00	0.0685	11.97	526.6	417.75	0.0554	394.2	7.096	13.76	7.14	1.81
	54.61	36.44	73.80	-0.00	0.0682	11.95	526.0	416.97	0.0545	395.3	7.115	13.79	7.17	1.81
	55.61	36.54	73.74	0.00	0.0683	12.00	528.2	419.14	0.0558	408.5	7.353	14.26	7.65	1.81
	56.61	36.52	73.80	-0.00	0.0683	11.97	526.5	417.48	0.0567	409.7	7.375	14.29	7.70	1.81
	57.61	36.51	73.80	-0.00	0.0683	12.00	528.1	418.75	0.0570	413.8	7.448	14.43	7.84	1.81
	58.59	36.52	73.80	-0.00	0.0687	12.01	528.6	419.15	0.0572	419.5	7.552	14.64	8.04	1.81
	59.59	36.49	73.80	0.00	0.0684	11.95	525.6	416.75	0.0570	414.1	7.454	14.45	7.85	1.81
	60.59	36.46	73.77	0.00	0.0687	12.01	528.3	418.94	0.0570	411.6	7.408	14.36	7.76	1.81
	61.59	36.50	73.80	0.00	0.0686	11.98	527.2	418.02	0.0570	414.5	7.460	14.46	7.86	1.81
	62.67	36.52	73.77	0.00	0.0685	11.92	524.5	416.04	0.0575	416.1	7.491	14.52	7.93	1.81
	63.61	36.47	73.80	0.00	0.0685	12.01	528.5	418.99	0.0577	424.3	7.637	14.80	8.21	1.81
	64.59	36.49	73.80	0.00	0.0687	12.03	529.5	419.81	0.0580	423.5	7.624	14.78	8.18	1.81
	65.59	36.52	73.80	0.00	0.0685	11.96	526.4	417.38	0.0571	419.6	7.553	14.64	8.05	1.81
	66.61	36.49	73.77	0.00	0.0687	12.05	530.4	420.66	0.0583	427.8	7.700	14.93	8.33	1.81
	67.61	36.48	73.77	0.00	0.0685	12.01	528.3	418.98	0.0582	427.4	7.692	14.91	8.31	1.81
	68.67	36.51	73.80	-0.00	0.0687	12.03	529.1	419.54	0.0587	431.0	7.758	15.04	8.44	1.81
	69.59	36.46	73.77	0.00	0.0685	11.96	526.2	417.26	0.0593	434.9	7.829	15.18	8.57	1.81
	70.59	36.52	73.80	0.00	0.0683	11.95	525.7	416.82	0.0582	432.5	7.784	15.09	8.49	1.82
	71.61	36.52	73.80	-0.00	0.0687	12.01	528.6	419.17	0.0596	439.3	7.907	15.33	8.72	1.82
	72.59	36.44	73.77	-0.00	0.0687	12.03	529.2	419.62	0.0595	442.5	7.965	15.44	8.83	1.82
	73.59	36.45	73.77	0.00	0.0685	12.00	527.8	418.54	0.0594	439.4	7.908	15.33	8.72	1.81
	74.59	36.45	73.80	0.00	0.0684	11.98	527.2	417.97	0.0597	438.9	7.900	15.31	8.71	1.82
	75.59	36.49	73.77	0.00	0.0687	11.95	525.8	417.00	0.0597	442.2	7.959	15.43	8.82	1.82
	76.59	36.50	73.80	0.00	0.0687	12.07	531.0	420.98	0.0612	457.1	8.228	15.95	9.31	1.82
	77.59	36.47	73.82	0.00	0.0686	11.98	527.3	417.89	0.0608	454.3	8.177	15.84	9.22	1.82
	78.59	36.46	73.80	0.00	0.0686	11.99	527.6	418.28	0.0613	454.4	8.179	15.85	9.22	1.82
	79.59	36.45	73.80	0.00	0.0684	11.99	527.6	418.24	0.0605	457.1	8.228	15.94	9.31	1.81
	80.59	36.47	73.77	0.00	0.0685	12.00	527.9	418.69	0.0605	454.4	8.179	15.86	9.22	1.82
	81.61	36.46	73.80	-0.00	0.0683	12.00	528.0	418.57	0.0606	454.1	8.174	15.84	9.21	1.82
	82.59	36.44	73.80	0.00	0.0686	11.99	527.6	418.20	0.0614	460.2	8.283	16.05	9.41	1.82
	83.59	36.49	73.82	0.00	0.0686	11.94	525.3	416.32	0.0612	455.5	8.200	15.89	9.26	1.82
	84.61	36.46	73.80	-0.00	0.0684	12.00	528.1	418.65	0.0612	461.4	8.306	16.10	9.45	1.82
	85.59	36.47	73.80	0.00	0.0686	12.00	528.1	418.67	0.0614	460.2	8.283	16.05	9.41	1.82
	86.59	36.44	73.80	-0.00	0.0686	12.00	528.0	418.55	0.0612	459.6	8.272	16.03	9.39	1.82
	87.59	36.44	73.80	0.00	0.0687	12.01	528.5	418.94	0.0614	455.5	8.198	15.89	9.25	1.82
	88.61	36.46	73.77	0.00	0.0685	11.94	525.5	416.76	0.0608	457.1	8.228	15.95	9.31	1.82
	89.59	36.51	73.80	0.00	0.0683	11.99	527.4	418.15	0.0605	450.0	8.100	15.70	9.08	1.82
	90.59	36.45	73.77	0.00	0.0686	12.00	528.0	418.68	0.0615	461.5	8.308	16.10	9.45	1.82
	91.61	36.49	73.77	-0.00	0.0683	11.93	524.9	416.26	0.0610	453.7	8.166	15.83	9.20	1.82
	92.59	36.49	73.77	0.00	0.0685	11.95	525.8	417.02	0.0615	459.2	8.265	16.02	9.38	1.82
	93.59	36.49	73.74	-0.00	0.0683	12.00	527.9	418.83	0.0606	458.7	8.256	16.01	9.36	1.82
	94.61	36.50	73.82	-0.00	0.0681	11.91	523.9	415.19	0.0606	453.3	8.159	15.81	9.19	1.82
	95.59	36.49	73.80	0.00	0.0683	11.92	524.5	415.84	0.0608	452.4	8.144	15.78	9.16	1.82
	96.59	36.44	73.80	0.00	0.0688	11.99	527.6	418.20	0.0622	460.2	8.284	16.05	9.41	1.82
	97.59	36.47	73.80	0.00	0.0685	11.96	526.4	417.29	0.0610	452.5	8.146	15.79	9.16	1.82
	98.59	36.49	73.77	0.00	0.0683	11.97	526.9	417.86	0.0610	461.4	8.306	16.10	9.45	1.82
	99.59	36.46	73.77	-0.00	0.0685	12.03	529.2	419.70	0.0609	458.3	8.249	15.99	9.35	1.82
	100.58	36.47	73.80	0.00	0.0690	12.06	530.5	420.59	0.0623	454.3	8.178	15.85	9.22	1.82
	101.59	36.46	73.80	0.00	0.0685	12.00	527.8	418.44	0.0616	467.3	8.412	16.30	9.64	1.82
	102.59	36.50	73.77	0.00	0.0689	11.98	527.3	418.21	0.0629	461.2	8.302	16.10	9.44	1.82
	103.58	36.44	73.82	0.00	0.0685	12.00	528.0	418.44	0.0625	470.2	8.463	16.39	9.73	1.82
	104.61	36.49	73.77	-0.00	0.0685	12.00	528.1	418.83	0.0623	472.7	8.509	16.50	9.81	1.82
	105.59	36.50	73.77	0.00	0.0686	12.01	528.4	419.08	0.0618	467.0	8.406	16.30	9.63	1.82
	106.59	36.50	73.77	-0.00	0.0685	11.97	526.9	417.86	0.0619	467.2	8.410	16.30	9.64	1.82
	107.59	36.50	73.80	0.00	0.0687	11.98	527.0	417.80	0.0618	463.1	8.336	16.16	9.50	1.82
	108.61	36.44	73.75	-0.00	0.0687	12.02	528.9	419.57	0.0628	476.5	8.577	16.63	9.93	1.82
	109.59	36.47	73.77	0.00	0.0685	11.99	527.7	418.53	0.0631	480.3	8.646	16.76	10.05	1.82
	110.59	36.47	73.77	-0.00	0.0687	12.01	528.5	419.17	0.0626	475.1	8.552	16.58	9.89	1.83
	111.59	36.45	73.80	0.00	0.0684	12.00	528.1	418.61	0.0627	474.7	8.545	16.56	9.87	1.83
	112.59	36.48	73.77	0.00	0.0686	11.98	527.2	418.09	0.0633	482.0	8.676	16.82	10.10	1.83
	113.66	36.45	73.77	0.00	0.0688	12.03	529.2	419.68	0.0642	487.4	8.774	17.01	10.27	1.83
	114.59	36.44	73.77	0.00	0.0687	11.96	526.3	417.38	0.0632	473.3	8.520	16.51	9.83	1.83
	115.59	36.44	73.80	0.00	0.0683	11.98	527.1	417.84	0.0627	483.0	8.694	16.85	10.13	1.83
	116.59	36.46	73.80	0.00	0.0686	12.03	529.3	419.60	0.0637	489.4	8.810	17.07	10.33	1.83
	117.58	36.47	73.80	0.00	0.0685	12.00	528.1	418.65	0.0635	486.4	8.754	16.97	10.23	1.83
	118.59	36.44	73.80	0.00	0.0687	12.08	531.4	421.23	0.0655	509.2	9.166	17.76	10.92	1.83
	119.67	36.44	73.80	-0.00	0.0686	12.06	530.4	420.48	0.0654	509.7	9.174	17.78	10.94	1.83
	120.58	36.46	73.82	0.00	0.0688	12.07	530.9	420.74	0.0658	511.6	9.209	17.84	10.99	1.83
	121.61	36.44	73.80	-0.00	0.0685	12.00	528.1	418.61	0.0655	498.3	8.970	17.38	10.60	1.83
	122.61	36.46	73.72	0.00	0.0688	12.04	529.8	420.45	0.0665	508.4	9.150	17.75	10.90	1.83
	123.61	36.44	73.77	-0.00	0.0685	12.03	529.4	419.83	0.0662	518.8	9.339	18.10	11.20	1.83
	124.59	36.46	73.77	0.00	0.0687	12.06	530.6	420.77	0.0663	517.2	9.310	18.05	11.16	1.83
	125.61	36.47	73.80	0.00	0.0686	11.98	527.1	417.92	0.0665	514.1	9.253	17.93	11.07	1.83
	126.61	36.42	73.77	-0.00	0.0683	12.01	528.3	418.90	0.0662	516.7	9.300	18.03	11.14	1.83
	127.61	36.47	73.77	-0.00	0.0684	12.00	528.1	418.86	0.0668	521.2	9.381	18.19	11.27	1.83
	128.62	36.47	73.77	0.00	0.0687	12.02	529.0	419.52	0.0674	526.6	9.478	18.38	11.43	1.83
	129.61	36.47	73.80	0.00	0.0686	11.98	526.9	417.76	0.0674	522.0	9.396	18.21	11.30	1.83
	130.61	36.49	73.80	0.00	0.0688	12.06	530.6	420.68	0.0671	524.4	9.439	18.29	11.37	1.83
	131.59	36.46	73.77	0.00	0.0687	12.04	529.6	420.00	0.0664	513.2	9.237	17.91	11.04	1.83
	132.62	36.47	73.80	-0.00	0.0688	12.07	531.2	421.17	0.0659	510.1	9.182	17.79	10.95	1.83
	133.61	36.50	73.80	0.00	0.0686	12.01	528.6	419.10	0.0665	514.5	9.260	17.95	11.08	1.83
	134.59	36.47	73.77	0.00	0.0689	12.09	531.8	421.75	0.0670	522.1	9.397	18.22	11.30	1.83
	135.62	36.47	73.80	0.00	0.0689	12.11	532.7	422.29	0.0675	527.6	9.498	18.41	11.46	1.83
	136.61	36.44	73.77	0.00	0.0687	12.09	532.1	421.97	0.0671	526.3	9.474	18.36	11.42	1.83
	137.59	36.47	73.80	0.00	0.0687	11.97	526.9	417.71	0.0674	519.9	9.357	18.13	11.23	1.83
	138.61	36.46	73.82	0.00	0.0691	12.13	533.7	422.91	0.0684	536.0	9.648	18.69	11.70	1.83
	139.62	36.47	73.80	-0.00	0.0690	12.03	529.2	419.54	0.0681	528.9	9.520	18.45	11.50	1.83
	140.61	36.47	73.77	0.00	0.0691	12.10	532.4	422.19	0.0685	535.2	9.634	18.68	11.68	1.84
	141.61	36.44	73.80	-0.00	0.0688	12.05	530.1	420.20	0.0679	532.9	9.592	18.59	11.61	1.83
	142.61	36.42	73.74	0.00	0.0689	12.09	532.2	422.12	0.0685	539.1	9.704	18.81	11.78	1.83
	143.61	36.48	73.80	0.00	0.0692	12.16	535.0	424.18	0.0692	548.8	9.879	19.15	12.06	1.84
	144.59	36.47	73.80	0.00	0.0692	12.16	535.0	424.11	0.0691	546.3	9.834	19.06	11.99	1.84
	145.62	36.45	73.77	-0.00	0.0692	12.12	533.3	422.88	0.0693	543.7	9.786	18.97	11.91	1.84
	146.61	36.40	73.80	0.00	0.0691	12.07	530.9	420.83	0.0690	542.3	9.761	18.91	11.87	1.84
	147.61	36.43	73.80	-0.00	0.0685	12.04	529.6	419.79	0.0683	540.5	9.729	18.85	11.82	1.84
	148.59	36.43	73.80	0.00	0.0692	12.18	535.8	424.75	0.0693	549.7	9.894	19.17	12.08	1.84
	149.61	36.40	73.80	0.00	0.0690	12.07	531.2	421.04	0.0689	541.7	9.751	18.89	11.85	1.84
	150.61	36.37	73.77	0.00	0.0693	12.18	535.9	424.87	0.0700	556.4	10.016	19.41	12.26	1.84
	151.61	36.37	73.77	0.00	0.0693	12.20	536.8	425.59	0.0699	556.0	10.009	19.40	12.25	1.84
	152.61	36.38	73.77	0.00	0.0690	12.18	535.9	424.84	0.0696	555.3	9.996	19.37	12.23	1.84
	153.61	36.41	73.77	0.00	0.0692	12.13	533.7	423.18	0.0696	550.2	9.903	19.19	12.09	1.84
	154.59	36.41	73.77	0.00	0.0698	12.19	536.3	425.20	0.0706	554.3	9.978	19.34	12.20	1.84
	155.59	36.36	73.77	0.00	0.0689	12.16	534.9	424.06	0.0693	555.3	9.996	19.37	12.23	1.84
	156.61	36.35	73.77	0.00	0.0690	12.20	536.6	425.38	0.0695	557.4	10.033	19.44	12.28	1.84
	157.61	36.38	73.77	0.00	0.0693	12.17	535.4	424.47	0.0699	554.5	9.980	19.34	12.21	1.84
	158.61	36.41	73.80	-0.00	0.0690	12.17	535.6	424.52	0.0695	554.9	9.989	19.35	12.22	1.84
	159.62	36.41	73.77	-0.00	0.0693	12.11	533.0	422.65	0.0696	549.5	9.892	19.17	12.07	1.84
	160.61	36.42	73.80	0.00	0.0694	12.17	535.4	424.38	0.0694	548.1	9.866	19.12	12.03	1.84
	161.59	36.43	73.77	0.00	0.0693	12.18	535.9	424.96	0.0700	555.9	10.006	19.39	12.25	1.84
	162.61	36.41	73.74	-0.00	0.0693	12.20	536.7	425.66	0.0699	559.2	10.066	19.52	12.34	1.84
	163.61	36.38	73.80	0.00	0.0693	12.16	535.0	424.06	0.0700	553.7	9.966	19.31	12.18	1.85
