Jul 29 2015 at 14:59:37
Frequency: 1.00Hz.
CO2
Zero:  Value:0.95  Date:18 Mar 2005	 at 07:22:33	
Span:  Value:1.00  Date:18 Mar 2005	 at 07:25:09	
H2O
Zero:  Value:0.71  Date:18 Mar 2005	 at 07:52:31	
Span:  Value:0.99  Date:18 Mar 2005	 at 11:44:01	
	Relative Time	Temperature	Pressure	Aux Input	CO2 Absorptance	CO2 mmol/m3	CO2 mg/m3	CO2 umol/mol	H2O Absorptance	H2O mmol/m3	H2O g/m3	H2O mmol/mol	H2O(°C)	Cooler Voltage
	0.84	36.86	73.74	-0.00	0.0668	11.61	511.0	405.92	0.0618	452.0	8.136	15.80	9.16	1.76
	1.83	36.85	73.77	0.00	0.0663	11.48	505.1	401.05	0.0581	440.2	7.924	15.38	8.77	1.76
	2.83	36.88	73.77	0.00	0.0657	11.35	499.3	396.53	0.0599	448.1	8.065	15.66	9.03	1.77
	3.83	36.85	73.77	0.00	0.0655	11.34	498.9	396.11	0.0623	471.7	8.490	16.48	9.79	1.76
	4.84	36.88	73.80	-0.00	0.0655	11.31	497.6	395.02	0.0630	480.6	8.650	16.79	10.08	1.76
	5.91	36.88	73.75	0.00	0.0651	11.22	493.9	392.32	0.0685	537.1	9.668	18.77	11.75	1.76
	6.83	36.84	73.77	0.00	0.0650	11.21	493.1	391.49	0.0679	541.7	9.751	18.92	11.88	1.76
	7.84	36.85	73.74	-0.00	0.0650	11.22	493.6	392.08	0.0678	535.8	9.644	18.73	11.71	1.77
	8.83	36.86	73.77	0.00	0.0650	11.22	493.5	391.90	0.0701	559.8	10.077	19.56	12.38	1.76
	9.84	36.88	73.74	-0.00	0.0650	11.22	493.5	392.07	0.0699	554.2	9.976	19.37	12.22	1.76
	10.83	36.96	73.77	0.00	0.0650	11.21	493.3	391.84	0.0690	542.3	9.761	18.95	11.90	1.76
	11.83	36.86	73.77	0.00	0.0650	11.21	493.4	391.76	0.0699	550.6	9.911	19.24	12.12	1.76
	12.83	36.89	73.80	0.00	0.0649	11.20	492.7	391.16	0.0697	555.1	9.992	19.39	12.25	1.76
	13.83	36.87	73.77	0.00	0.0650	11.21	493.2	391.62	0.0670	528.7	9.516	18.47	11.51	1.77
	14.84	36.90	73.74	0.00	0.0650	11.19	492.4	391.15	0.0670	520.1	9.361	18.18	11.26	1.76
	15.83	36.87	73.80	0.00	0.0650	11.21	493.1	391.43	0.0679	535.1	9.631	18.69	11.69	1.76
	16.83	36.89	73.77	0.00	0.0650	11.21	493.2	391.65	0.0668	519.8	9.357	18.16	11.25	1.76
	17.84	36.87	73.77	-0.00	0.0649	11.19	492.5	391.05	0.0675	526.4	9.476	18.39	11.44	1.76
	18.83	36.84	73.72	-0.00	0.0649	11.18	491.9	390.80	0.0679	531.6	9.568	18.58	11.59	1.76
	19.84	36.86	73.74	-0.00	0.0647	11.15	490.8	389.82	0.0680	532.3	9.582	18.61	11.61	1.77
	20.84	36.93	73.74	-0.00	0.0647	11.14	490.3	389.53	0.0680	536.1	9.649	18.74	11.72	1.76
	21.83	36.93	73.77	0.00	0.0649	11.17	491.4	390.24	0.0682	532.4	9.584	18.61	11.62	1.76
	22.83	36.93	73.80	-0.00	0.0648	11.17	491.4	390.17	0.0681	533.6	9.605	18.64	11.65	1.76
	23.83	36.89	73.80	0.00	0.0648	11.16	491.2	389.96	0.0683	536.7	9.660	18.75	11.74	1.76
	24.83	36.93	73.77	0.00	0.0648	11.16	491.2	390.12	0.0683	535.9	9.647	18.73	11.72	1.77
	25.83	36.89	73.77	0.00	0.0648	11.16	491.0	389.93	0.0683	536.6	9.659	18.75	11.73	1.77
	26.84	36.89	73.74	0.00	0.0648	11.17	491.6	390.55	0.0684	539.7	9.714	18.86	11.82	1.76
	27.83	36.93	73.77	0.00	0.0646	11.13	489.8	389.01	0.0682	536.8	9.662	18.76	11.74	1.76
	28.83	36.95	73.80	0.00	0.0648	11.15	490.8	389.67	0.0687	540.9	9.737	18.90	11.86	1.76
	29.91	36.92	73.72	0.00	0.0648	11.17	491.4	390.53	0.0687	540.8	9.734	18.91	11.85	1.76
	30.84	36.98	73.74	0.00	0.0648	11.17	491.7	390.70	0.0689	543.9	9.790	19.02	11.94	1.77
	31.84	36.95	73.80	-0.00	0.0649	11.18	491.8	390.49	0.0690	544.7	9.805	19.03	11.97	1.77
	32.83	36.89	73.74	0.00	0.0648	11.18	491.7	390.64	0.0690	544.3	9.798	19.03	11.95	1.76
	33.83	36.95	73.72	0.00	0.0647	11.13	489.8	389.30	0.0692	547.1	9.848	19.13	12.03	1.76
	34.84	36.94	73.77	-0.00	0.0648	11.15	490.7	389.73	0.0696	550.7	9.913	19.25	12.13	1.76
	35.91	36.89	73.75	-0.00	0.0648	11.16	490.9	390.01	0.0696	551.7	9.931	19.28	12.16	1.76
	36.83	36.92	73.74	-0.00	0.0647	11.15	490.5	389.67	0.0698	554.3	9.977	19.38	12.23	1.77
	37.83	36.95	73.77	0.00	0.0647	11.14	490.4	389.48	0.0699	556.2	10.011	19.44	12.28	1.77
	38.83	36.95	73.80	0.00	0.0647	11.15	490.5	389.45	0.0701	557.1	10.028	19.46	12.31	1.77
	39.83	36.93	73.72	0.00	0.0646	11.13	489.7	389.23	0.0698	556.0	10.009	19.45	12.28	1.76
	40.83	36.92	73.77	0.00	0.0647	11.17	491.4	390.24	0.0701	557.7	10.039	19.49	12.32	1.76
	41.83	36.97	73.77	0.00	0.0647	11.15	490.5	389.63	0.0701	557.4	10.034	19.48	12.32	1.76
	42.83	36.96	73.74	0.00	0.0647	11.14	490.0	389.33	0.0701	556.5	10.017	19.46	12.29	1.77
	43.83	36.97	73.77	0.00	0.0646	11.13	489.6	388.90	0.0704	561.8	10.113	19.64	12.44	1.77
	44.83	36.97	73.74	0.00	0.0646	11.13	489.8	389.20	0.0705	561.8	10.112	19.64	12.43	1.76
	45.83	36.96	73.77	0.00	0.0647	11.15	490.4	389.53	0.0714	572.0	10.297	19.99	12.71	1.77
	46.83	36.95	73.77	0.00	0.0648	11.17	491.3	390.27	0.0714	570.4	10.268	19.94	12.67	1.77
	47.81	36.95	73.77	0.00	0.0647	11.15	490.4	389.54	0.0710	568.9	10.240	19.88	12.63	1.77
	48.83	36.95	73.74	0.00	0.0646	11.14	490.1	389.38	0.0717	576.2	10.371	20.14	12.82	1.77
	49.83	36.95	73.74	0.00	0.0646	11.14	490.0	389.36	0.0718	578.7	10.417	20.23	12.89	1.77
	50.81	36.94	73.77	0.00	0.0647	11.13	489.8	388.99	0.0716	576.2	10.372	20.14	12.82	1.77
	51.84	36.97	73.74	0.00	0.0645	11.10	488.2	387.94	0.0715	574.3	10.338	20.08	12.77	1.77
	52.83	36.92	73.77	0.00	0.0646	11.11	488.7	388.10	0.0719	577.4	10.394	20.18	12.85	1.77
	53.89	37.02	73.74	0.00	0.0645	11.12	489.3	388.83	0.0720	580.5	10.450	20.30	12.94	1.77
	54.84	36.96	73.74	-0.00	0.0647	11.14	490.3	389.58	0.0723	582.9	10.492	20.38	13.00	1.77
	55.83	36.99	73.74	0.00	0.0646	11.12	489.5	388.98	0.0724	584.1	10.513	20.42	13.03	1.77
	56.83	37.02	73.74	0.00	0.0647	11.14	490.1	389.47	0.0725	585.8	10.544	20.48	13.08	1.77
	57.83	36.99	73.74	-0.00	0.0647	11.15	490.6	389.84	0.0725	586.1	10.550	20.49	13.08	1.77
	58.84	36.99	73.77	-0.00	0.0647	11.15	490.6	389.71	0.0724	587.4	10.573	20.53	13.12	1.77
	59.83	36.99	73.74	0.00	0.0647	11.13	489.8	389.25	0.0720	583.0	10.494	20.38	13.00	1.77
	60.89	36.96	73.77	0.00	0.0646	11.12	489.3	388.63	0.0707	565.1	10.172	19.75	12.52	1.77
	61.81	36.96	73.77	0.00	0.0647	11.14	490.1	389.33	0.0733	592.2	10.659	20.70	13.24	1.77
	62.84	36.97	73.77	-0.00	0.0645	11.11	488.8	388.29	0.0735	599.2	10.785	20.94	13.42	1.77
	63.83	36.97	73.74	-0.00	0.0646	11.12	489.1	388.67	0.0742	603.4	10.861	21.10	13.53	1.77
	64.81	36.95	73.75	0.00	0.0646	11.12	489.3	388.78	0.0741	605.7	10.902	21.17	13.58	1.77
	65.84	37.00	73.77	0.00	0.0645	11.10	488.4	387.98	0.0738	601.0	10.817	21.01	13.47	1.77
	66.83	36.97	73.77	0.00	0.0646	11.11	488.9	388.33	0.0733	594.4	10.700	20.78	13.30	1.77
	67.89	36.96	73.74	0.00	0.0646	11.13	489.8	389.20	0.0740	603.2	10.858	21.09	13.52	1.77
	68.83	36.92	73.74	-0.00	0.0646	11.12	489.1	388.62	0.0736	597.1	10.747	20.87	13.36	1.77
	69.83	36.88	73.77	0.00	0.0645	11.10	488.6	387.98	0.0741	602.4	10.844	21.05	13.50	1.77
	70.83	36.94	73.77	0.00	0.0647	11.13	489.8	389.06	0.0749	612.9	11.033	21.42	13.77	1.77
	71.83	36.94	73.74	-0.00	0.0647	11.13	489.9	389.22	0.0749	614.3	11.057	21.48	13.80	1.77
	72.83	36.98	73.74	0.00	0.0646	11.12	489.4	388.90	0.0750	615.7	11.082	21.53	13.84	1.77
	73.84	37.02	73.77	-0.00	0.0647	11.13	489.5	388.93	0.0751	617.5	11.115	21.58	13.88	1.77
	74.83	37.02	73.77	-0.00	0.0647	11.14	490.0	389.28	0.0751	617.8	11.120	21.60	13.89	1.77
	75.81	37.02	73.80	0.00	0.0647	11.13	489.6	388.85	0.0755	620.2	11.163	21.67	13.95	1.77
	76.84	36.97	73.74	-0.00	0.0647	11.14	490.1	389.48	0.0755	622.5	11.204	21.76	14.01	1.77
	77.83	37.02	73.77	0.00	0.0646	11.12	489.5	388.85	0.0758	623.6	11.225	21.80	14.04	1.77
	78.81	37.04	73.80	0.00	0.0646	11.11	488.8	388.24	0.0757	623.9	11.231	21.80	14.05	1.77
	79.83	37.03	73.75	0.00	0.0646	11.11	488.8	388.48	0.0752	623.7	11.227	21.81	14.04	1.77
	80.83	37.01	73.80	0.00	0.0646	11.12	489.1	388.42	0.0748	615.7	11.083	21.51	13.84	1.77
	81.81	37.00	73.77	0.00	0.0646	11.12	489.1	388.56	0.0750	610.5	10.989	21.34	13.71	1.77
	82.81	37.00	73.77	0.00	0.0646	11.11	488.9	388.37	0.0753	620.4	11.167	21.69	13.96	1.77
	83.83	37.01	73.80	0.00	0.0646	11.12	489.2	388.47	0.0724	585.2	10.533	20.45	13.06	1.77
	84.83	37.01	73.77	0.00	0.0647	11.14	490.0	389.29	0.0732	597.1	10.748	20.87	13.37	1.77
	85.83	37.08	73.77	-0.00	0.0647	11.15	490.7	389.94	0.0751	619.7	11.155	21.67	13.94	1.77
	86.83	36.98	73.72	0.00	0.0648	11.15	490.8	390.14	0.0760	625.8	11.265	21.89	14.09	1.77
	87.91	37.03	73.77	-0.00	0.0648	11.16	490.9	390.03	0.0758	626.2	11.272	21.89	14.10	1.77
	88.81	37.01	73.77	0.00	0.0648	11.16	491.2	390.24	0.0752	620.5	11.169	21.69	13.96	1.77
	89.83	37.00	73.80	-0.00	0.0648	11.16	491.1	390.00	0.0760	625.3	11.255	21.85	14.08	1.77
	90.84	36.99	73.74	-0.00	0.0648	11.17	491.5	390.56	0.0762	632.2	11.379	22.10	14.25	1.77
	91.83	37.08	73.77	-0.00	0.0648	11.17	491.3	390.38	0.0763	629.8	11.337	22.02	14.19	1.77
	92.81	37.13	73.80	0.00	0.0648	11.17	491.5	390.51	0.0763	631.8	11.372	22.09	14.24	1.77
	93.84	37.13	73.80	-0.00	0.0646	11.13	489.7	389.05	0.0756	625.3	11.256	21.86	14.09	1.77
	94.83	37.12	73.74	0.00	0.0646	11.12	489.2	388.93	0.0754	620.8	11.174	21.71	13.97	1.77
	95.83	37.14	73.77	-0.00	0.0646	11.12	489.1	388.71	0.0756	623.7	11.226	21.81	14.04	1.77
	96.83	37.13	73.80	-0.00	0.0647	11.13	489.6	388.99	0.0758	624.8	11.247	21.84	14.07	1.77
	97.83	37.10	73.80	0.00	0.0647	11.14	490.0	389.27	0.0759	626.4	11.276	21.90	14.11	1.77
	98.89	37.13	73.82	0.00	0.0648	11.16	491.1	390.03	0.0798	672.6	12.107	23.50	15.21	1.77
	99.81	37.07	73.80	0.00	0.0649	11.17	491.5	390.40	0.0808	683.9	12.310	23.90	15.47	1.77
	100.83	37.11	73.80	0.00	0.0648	11.16	491.0	390.09	0.0801	683.0	12.294	23.87	15.45	1.77
	101.83	37.13	73.82	-0.00	0.0648	11.16	491.3	390.15	0.0800	679.7	12.235	23.75	15.38	1.77
	102.81	37.13	73.77	0.00	0.0648	11.16	491.2	390.37	0.0803	680.3	12.246	23.79	15.39	1.77
	103.81	37.12	73.77	0.00	0.0647	11.15	490.7	389.95	0.0804	684.6	12.323	23.94	15.49	1.77
	104.83	37.13	73.80	0.00	0.0647	11.13	489.8	389.17	0.0808	689.6	12.412	24.10	15.60	1.77
	105.83	37.13	73.80	-0.00	0.0648	11.15	490.6	389.80	0.0811	686.0	12.348	23.98	15.52	1.77
	106.83	37.13	73.80	0.00	0.0647	11.15	490.7	389.85	0.0796	676.7	12.181	23.66	15.31	1.77
	107.83	37.12	73.80	0.00	0.0649	11.18	491.8	390.68	0.0796	667.2	12.009	23.32	15.09	1.77
	108.83	37.10	73.77	-0.00	0.0647	11.15	490.6	389.86	0.0793	675.2	12.154	23.61	15.27	1.77
	109.83	37.11	73.80	-0.00	0.0647	11.14	490.0	389.27	0.0759	631.8	11.372	22.08	14.24	1.77
	110.83	37.13	73.80	-0.00	0.0647	11.13	489.5	388.91	0.0744	606.6	10.918	21.20	13.62	1.77
	111.83	37.10	73.80	0.00	0.0646	11.12	489.3	388.66	0.0741	605.6	10.901	21.17	13.59	1.77
	112.83	37.15	73.80	0.00	0.0646	11.12	489.3	388.79	0.0771	640.3	11.525	22.38	14.45	1.77
	113.83	37.11	73.80	-0.00	0.0646	11.12	489.5	388.87	0.0785	658.6	11.854	23.02	14.89	1.77
	114.83	37.11	73.77	0.00	0.0647	11.14	490.0	389.41	0.0783	656.8	11.823	22.97	14.84	1.77
	115.83	37.12	73.77	0.00	0.0648	11.17	491.6	390.65	0.0772	644.4	11.600	22.53	14.55	1.77
	116.81	37.12	73.74	0.00	0.0649	11.17	491.7	390.88	0.0772	642.2	11.559	22.46	14.49	1.77
	117.81	37.04	73.77	0.00	0.0648	11.17	491.5	390.53	0.0764	634.3	11.418	22.18	14.30	1.77
	118.83	37.12	73.80	0.00	0.0648	11.17	491.3	390.29	0.0750	618.9	11.139	21.63	13.92	1.77
	119.89	37.10	73.77	0.00	0.0648	11.16	491.2	390.34	0.0733	597.0	10.746	20.87	13.37	1.77
	120.83	37.14	73.80	0.00	0.0648	11.17	491.4	390.42	0.0735	598.0	10.765	20.91	13.40	1.77
	121.83	37.07	73.80	0.00	0.0648	11.17	491.4	390.32	0.0738	600.7	10.813	21.00	13.46	1.77
	122.83	37.07	73.77	0.00	0.0647	11.15	490.7	389.93	0.0747	609.0	10.962	21.29	13.67	1.77
	123.83	37.13	73.80	-0.00	0.0646	11.12	489.4	388.79	0.0757	624.9	11.248	21.84	14.07	1.77
	124.83	37.15	73.80	-0.00	0.0647	11.14	490.2	389.48	0.0749	612.4	11.023	21.41	13.76	1.77
	125.91	37.13	73.77	-0.00	0.0646	11.13	489.5	389.05	0.0721	592.6	10.666	20.72	13.26	1.77
	126.83	37.13	73.80	0.00	0.0647	11.14	490.3	389.57	0.0742	607.7	10.938	21.24	13.64	1.77
	127.81	37.10	73.80	0.00	0.0646	11.13	489.5	388.88	0.0737	601.3	10.824	21.02	13.48	1.77
	128.81	37.09	73.80	0.00	0.0646	11.11	488.9	388.37	0.0735	596.8	10.743	20.86	13.36	1.77
	129.89	37.12	73.77	0.00	0.0646	11.12	489.2	388.74	0.0727	587.9	10.582	20.56	13.14	1.77
	130.83	37.12	73.77	0.00	0.0646	11.12	489.4	388.96	0.0716	572.9	10.313	20.03	12.74	1.77
	131.83	37.10	73.80	0.00	0.0648	11.16	491.3	390.25	0.0729	587.0	10.566	20.52	13.11	1.77
	132.83	37.15	73.80	0.00	0.0649	11.19	492.2	391.08	0.0736	597.8	10.760	20.90	13.39	1.77
	133.81	37.18	73.77	0.00	0.0649	11.18	491.9	391.01	0.0735	598.9	10.779	20.94	13.42	1.77
	134.83	37.12	73.77	0.00	0.0648	11.16	491.0	390.21	0.0731	595.3	10.715	20.82	13.33	1.77
	135.91	37.12	73.77	0.00	0.0646	11.12	489.2	388.81	0.0725	586.6	10.560	20.51	13.10	1.77
	136.83	37.13	73.80	0.00	0.0646	11.11	489.1	388.54	0.0733	593.4	10.682	20.74	13.28	1.77
	137.83	37.14	73.80	-0.00	0.0646	11.12	489.1	388.62	0.0737	594.4	10.699	20.78	13.31	1.77
