Jul 29 2015 at 11:12:26
Frequency: 1.00Hz.
CO2
Zero:  Value:0.95  Date:18 Mar 2005	 at 07:22:33	
Span:  Value:1.00  Date:18 Mar 2005	 at 07:25:09	
H2O
Zero:  Value:0.71  Date:18 Mar 2005	 at 07:52:31	
Span:  Value:0.99  Date:18 Mar 2005	 at 11:44:01	
	Relative Time	Temperature	Pressure	Aux Input	CO2 Absorptance	CO2 mmol/m3	CO2 mg/m3	CO2 umol/mol	H2O Absorptance	H2O mmol/m3	H2O g/m3	H2O mmol/mol	H2O(°C)	Cooler Voltage
	0.12	31.17	73.41	-0.00	0.0656	11.38	500.5	392.09	0.0514	343.9	6.190	11.85	4.90	1.71
	1.11	31.17	73.41	0.00	0.0657	11.30	497.2	389.47	0.0488	376.7	6.780	12.98	6.22	1.71
	2.19	31.17	73.41	0.00	0.0653	11.31	497.5	389.68	0.0492	351.1	6.319	12.10	5.20	1.71
	3.12	31.16	73.40	-0.00	0.0656	11.37	500.1	391.76	0.0485	334.3	6.017	11.52	4.50	1.71
	4.12	31.16	73.41	-0.00	0.0654	11.32	498.3	390.31	0.0485	334.5	6.021	11.53	4.51	1.71
	5.12	31.21	73.41	-0.00	0.0654	11.32	498.3	390.38	0.0516	350.5	6.310	12.08	5.18	1.71
	6.12	31.15	73.43	-0.00	0.0654	11.30	497.2	389.37	0.0518	361.8	6.513	12.47	5.64	1.71
	7.12	31.15	73.43	0.00	0.0654	11.31	497.7	389.76	0.0501	352.6	6.347	12.15	5.26	1.71
	8.14	31.12	73.43	0.00	0.0653	11.28	496.4	388.68	0.0500	344.8	6.206	11.88	4.94	1.71
	9.12	31.14	73.41	0.00	0.0653	11.27	496.0	388.53	0.0491	332.6	5.987	11.46	4.43	1.71
	10.22	31.09	73.38	-0.00	0.0652	11.27	495.8	388.41	0.0481	330.5	5.949	11.39	4.33	1.71
	11.12	31.09	73.43	0.00	0.0651	11.25	495.1	387.60	0.0486	333.5	6.002	11.49	4.46	1.71
	12.14	31.14	73.41	-0.00	0.0651	11.24	494.4	387.24	0.0499	345.3	6.215	11.90	4.96	1.71
	13.14	31.15	73.43	-0.00	0.0651	11.24	494.4	387.11	0.0516	360.9	6.495	12.43	5.60	1.71
	14.12	31.19	73.48	0.00	0.0651	11.26	495.6	387.83	0.0527	374.1	6.733	12.88	6.12	1.71
	15.12	31.23	73.43	0.00	0.0652	11.26	495.5	388.07	0.0532	374.2	6.736	12.90	6.13	1.71
	16.14	31.29	73.41	-0.00	0.0651	11.25	494.8	387.77	0.0527	373.9	6.731	12.89	6.12	1.71
	17.12	31.33	73.43	0.00	0.0652	11.28	496.1	388.73	0.0539	386.5	6.957	13.32	6.60	1.71
	18.12	31.33	73.41	0.00	0.0653	11.28	496.2	388.87	0.0545	388.3	6.989	13.39	6.67	1.70
	19.12	31.35	73.43	0.00	0.0651	11.27	495.7	388.36	0.0540	386.3	6.954	13.32	6.59	1.71
	20.12	31.37	73.38	0.00	0.0651	11.25	495.2	388.31	0.0536	385.0	6.929	13.28	6.54	1.71
	21.14	31.39	73.43	-0.00	0.0651	11.24	494.6	387.60	0.0546	390.9	7.036	13.48	6.77	1.71
	22.14	31.39	73.41	-0.00	0.0650	11.24	494.6	387.71	0.0545	389.8	7.017	13.45	6.73	1.71
	23.14	31.41	73.41	-0.00	0.0650	11.24	494.6	387.74	0.0544	390.0	7.020	13.45	6.73	1.71
	24.12	31.39	73.41	0.00	0.0650	11.23	494.1	387.36	0.0537	382.5	6.885	13.19	6.45	1.71
	25.12	31.39	73.41	-0.00	0.0650	11.23	494.3	387.47	0.0541	388.9	7.001	13.42	6.69	1.71
	26.14	31.39	73.43	0.00	0.0650	11.23	494.0	387.10	0.0542	387.7	6.978	13.37	6.64	1.71
	27.12	31.39	73.41	0.00	0.0650	11.22	493.6	386.97	0.0551	394.9	7.108	13.62	6.91	1.71
	28.12	31.41	73.43	0.00	0.0649	11.21	493.3	386.59	0.0550	398.6	7.174	13.74	7.05	1.71
	29.12	31.41	73.43	0.00	0.0649	11.19	492.6	386.01	0.0555	399.0	7.182	13.76	7.07	1.70
	30.12	31.41	73.41	0.00	0.0649	11.20	492.7	386.23	0.0558	406.2	7.311	14.01	7.33	1.70
	31.12	31.45	73.43	0.00	0.0650	11.21	493.3	386.66	0.0556	402.3	7.241	13.87	7.19	1.71
	32.12	31.45	73.41	0.00	0.0648	11.19	492.3	385.98	0.0554	400.6	7.210	13.82	7.13	1.71
	33.12	31.42	73.41	0.00	0.0648	11.18	492.0	385.76	0.0556	402.2	7.240	13.87	7.18	1.71
	34.12	31.47	73.43	0.00	0.0648	11.18	492.0	385.63	0.0557	403.9	7.270	13.93	7.25	1.71
	35.14	31.49	73.41	-0.00	0.0648	11.18	492.1	385.89	0.0553	400.3	7.205	13.81	7.12	1.70
	36.12	31.47	73.41	0.00	0.0648	11.17	491.7	385.55	0.0559	403.7	7.267	13.93	7.24	1.70
	37.12	31.43	73.43	0.00	0.0648	11.18	491.8	385.45	0.0567	413.2	7.438	14.25	7.58	1.71
	38.14	31.43	73.43	-0.00	0.0648	11.19	492.4	385.92	0.0567	415.9	7.486	14.34	7.67	1.71
	39.14	31.44	73.41	-0.00	0.0649	11.19	492.6	386.20	0.0578	422.4	7.603	14.57	7.90	1.71
	40.14	31.45	73.41	-0.00	0.0648	11.19	492.3	386.00	0.0575	419.6	7.553	14.48	7.81	1.70
	41.14	31.46	73.41	-0.00	0.0647	11.16	491.0	385.01	0.0575	419.5	7.551	14.47	7.80	1.71
	42.12	31.47	73.43	0.00	0.0647	11.17	491.7	385.39	0.0585	431.4	7.765	14.88	8.21	1.70
	43.12	31.49	73.41	0.00	0.0646	11.15	490.6	384.72	0.0576	423.0	7.615	14.60	7.93	1.70
	44.12	31.48	73.41	0.00	0.0646	11.15	490.5	384.65	0.0577	425.9	7.667	14.70	8.03	1.71
	45.12	31.50	73.41	0.00	0.0648	11.16	491.1	385.16	0.0584	430.5	7.748	14.85	8.18	1.71
	46.12	31.56	73.41	0.00	0.0648	11.18	491.7	385.67	0.0593	439.1	7.903	15.15	8.48	1.70
	47.14	31.51	73.38	-0.00	0.0647	11.17	491.3	385.44	0.0596	442.3	7.961	15.27	8.58	1.70
	48.12	31.51	73.41	0.00	0.0647	11.15	490.6	384.71	0.0606	453.4	8.162	15.65	8.95	1.70
	49.12	31.52	73.41	0.00	0.0646	11.15	490.4	384.60	0.0604	451.5	8.127	15.58	8.89	1.71
	50.20	31.53	73.41	-0.00	0.0646	11.15	490.6	384.78	0.0613	458.6	8.254	15.82	9.12	1.71
	51.14	31.51	73.41	-0.00	0.0645	11.12	489.3	383.73	0.0612	463.2	8.337	15.98	9.27	1.71
	52.12	31.48	73.41	0.00	0.0645	11.11	488.8	383.29	0.0619	463.4	8.342	15.99	9.27	1.70
	53.12	31.53	73.41	0.00	0.0646	11.13	489.7	384.09	0.0623	472.2	8.499	16.29	9.55	1.71
	54.12	31.48	73.41	0.00	0.0644	11.11	488.9	383.37	0.0617	465.2	8.374	16.05	9.33	1.71
	55.14	31.46	73.38	-0.00	0.0645	11.13	489.6	384.06	0.0628	474.8	8.547	16.39	9.63	1.70
	56.14	31.51	73.41	-0.00	0.0647	11.14	490.1	384.37	0.0636	482.3	8.681	16.64	9.87	1.71
	57.20	31.51	73.41	0.00	0.0646	11.12	489.4	383.80	0.0637	483.2	8.697	16.67	9.89	1.71
	58.12	31.48	73.41	0.00	0.0645	11.12	489.1	383.52	0.0641	488.6	8.796	16.86	10.06	1.71
	59.12	31.49	73.41	0.00	0.0645	11.11	488.9	383.35	0.0641	489.1	8.804	16.88	10.08	1.71
	60.14	31.49	73.43	0.00	0.0645	11.12	489.1	383.40	0.0641	490.8	8.834	16.93	10.13	1.70
	61.20	31.47	73.38	0.00	0.0645	11.11	488.8	383.41	0.0643	494.4	8.900	17.06	10.24	1.71
	62.12	31.54	73.41	0.00	0.0645	11.11	489.0	383.56	0.0648	498.2	8.968	17.19	10.35	1.71
	63.12	31.47	73.41	-0.00	0.0645	11.11	488.8	383.31	0.0653	502.8	9.050	17.35	10.49	1.71
	64.12	31.47	73.41	0.00	0.0644	11.10	488.3	382.88	0.0658	507.9	9.141	17.52	10.64	1.70
	65.12	31.46	73.43	0.00	0.0644	11.09	487.8	382.39	0.0659	510.1	9.182	17.59	10.70	1.71
	66.14	31.50	73.41	-0.00	0.0644	11.09	487.7	382.49	0.0661	513.4	9.241	17.71	10.80	1.70
	67.12	31.47	73.43	-0.00	0.0644	11.10	488.2	382.70	0.0666	517.8	9.320	17.86	10.93	1.71
	68.14	31.47	73.41	-0.00	0.0645	11.11	488.6	383.16	0.0670	522.9	9.411	18.04	11.08	1.71
	69.12	31.47	73.41	0.00	0.0644	11.09	487.9	382.56	0.0668	521.4	9.385	17.99	11.03	1.71
	70.14	31.49	73.41	-0.00	0.0643	11.07	487.1	381.95	0.0668	521.6	9.389	18.00	11.04	1.70
	71.12	31.49	73.38	0.00	0.0642	11.05	486.0	381.27	0.0666	518.1	9.325	17.88	10.94	1.70
	72.14	31.47	73.41	-0.00	0.0643	11.05	486.3	381.33	0.0667	520.3	9.365	17.95	11.00	1.70
	73.14	31.47	73.41	-0.00	0.0644	11.08	487.5	382.29	0.0667	519.9	9.358	17.94	10.99	1.71
	74.12	31.51	73.43	-0.00	0.0642	11.06	486.7	381.54	0.0665	518.1	9.325	17.87	10.94	1.71
	75.12	31.47	73.41	0.00	0.0643	11.05	486.4	381.38	0.0674	527.2	9.490	18.19	11.20	1.71
	76.12	31.47	73.41	-0.00	0.0644	11.08	487.4	382.17	0.0676	530.3	9.546	18.30	11.29	1.71
	77.12	31.49	73.41	0.00	0.0643	11.08	487.5	382.28	0.0678	532.5	9.585	18.37	11.35	1.71
	78.19	31.47	73.38	0.00	0.0644	11.08	487.6	382.45	0.0680	533.7	9.607	18.42	11.39	1.70
	79.12	31.49	73.41	0.00	0.0644	11.08	487.6	382.38	0.0680	534.0	9.613	18.43	11.40	1.71
	80.19	31.47	73.38	0.00	0.0644	11.09	488.0	382.78	0.0685	541.2	9.741	18.68	11.60	1.71
	81.14	31.45	73.41	-0.00	0.0644	11.08	487.5	382.20	0.0690	546.2	9.831	18.84	11.73	1.71
	82.12	31.47	73.43	0.00	0.0643	11.07	487.2	381.89	0.0696	552.4	9.943	19.05	11.91	1.70
	83.12	31.47	73.41	0.00	0.0644	11.08	487.7	382.43	0.0696	552.6	9.946	19.06	11.91	1.70
	84.12	31.47	73.41	0.00	0.0643	11.08	487.3	382.13	0.0696	553.2	9.958	19.09	11.93	1.71
	85.14	31.47	73.43	-0.00	0.0643	11.07	487.0	381.72	0.0698	555.0	9.991	19.14	11.98	1.71
	86.12	31.49	73.43	-0.00	0.0642	11.05	486.2	381.14	0.0700	555.5	9.999	19.16	11.99	1.71
	87.12	31.48	73.41	0.00	0.0643	11.06	486.6	381.59	0.0706	564.1	10.154	19.46	12.23	1.71
	88.14	31.49	73.41	-0.00	0.0643	11.06	486.6	381.60	0.0710	570.4	10.268	19.68	12.40	1.70
	89.12	31.49	73.38	-0.00	0.0640	11.02	484.8	380.33	0.0704	564.2	10.155	19.47	12.23	1.70
	90.14	31.49	73.41	-0.00	0.0641	11.02	484.7	380.12	0.0705	559.5	10.072	19.31	12.10	1.71
	91.12	31.51	73.43	-0.00	0.0642	11.04	485.8	380.88	0.0707	566.3	10.194	19.53	12.29	1.71
	92.14	31.49	73.41	-0.00	0.0642	11.05	486.1	381.15	0.0710	569.0	10.242	19.63	12.36	1.71
	93.11	31.49	73.43	0.00	0.0642	11.04	485.7	380.76	0.0709	568.4	10.231	19.60	12.34	1.71
	94.14	31.49	73.41	-0.00	0.0642	11.04	485.7	380.87	0.0714	573.9	10.330	19.80	12.49	1.70
	95.11	31.49	73.43	0.00	0.0643	11.06	486.7	381.50	0.0718	577.4	10.393	19.92	12.58	1.71
	96.12	31.54	73.43	0.00	0.0641	11.04	485.9	380.96	0.0716	576.3	10.374	19.88	12.55	1.71
	97.11	31.49	73.41	0.00	0.0642	11.04	485.8	380.91	0.0716	576.5	10.377	19.89	12.56	1.71
	98.12	31.50	73.41	0.00	0.0642	11.04	485.9	381.01	0.0719	579.8	10.437	20.01	12.65	1.71
	99.12	31.50	73.41	-0.00	0.0642	11.04	485.8	380.98	0.0721	582.5	10.485	20.10	12.72	1.70
	100.14	31.51	73.43	-0.00	0.0640	11.02	485.1	380.29	0.0716	579.1	10.425	19.98	12.63	1.71
	101.12	31.54	73.38	0.00	0.0641	11.02	484.8	380.36	0.0714	574.0	10.332	19.81	12.49	1.71
	102.14	31.56	73.41	0.00	0.0641	11.03	485.2	380.59	0.0717	577.2	10.390	19.92	12.58	1.71
	103.12	31.51	73.43	0.00	0.0641	11.03	485.3	380.41	0.0721	580.7	10.452	20.03	12.67	1.71
	104.14	31.51	73.41	-0.00	0.0641	11.03	485.3	380.57	0.0720	580.7	10.453	20.04	12.67	1.71
	105.20	31.54	73.46	-0.00	0.0641	10.99	483.7	379.09	0.0715	575.8	10.364	19.86	12.54	1.71
	106.11	31.54	73.38	0.00	0.0642	11.02	485.0	380.48	0.0719	577.3	10.391	19.93	12.58	1.71
	107.12	31.51	73.41	0.00	0.0643	11.07	487.0	381.94	0.0729	588.7	10.596	20.31	12.88	1.71
	108.12	31.55	73.38	-0.00	0.0642	11.05	486.2	381.48	0.0726	588.9	10.599	20.33	12.88	1.71
	109.12	31.51	73.43	0.00	0.0641	11.04	485.7	380.77	0.0723	587.7	10.579	20.27	12.85	1.71
	110.11	31.56	73.43	0.00	0.0641	11.02	484.9	380.16	0.0727	584.1	10.513	20.15	12.76	1.71
	111.12	31.53	73.41	0.00	0.0641	11.03	485.3	380.60	0.0727	591.9	10.655	20.43	12.96	1.71
	112.11	31.50	73.43	0.00	0.0641	11.02	484.9	380.16	0.0726	586.8	10.562	20.24	12.83	1.71
	113.14	31.58	73.43	-0.00	0.0641	11.03	485.2	380.46	0.0731	594.0	10.692	20.49	13.02	1.71
	114.12	31.53	73.41	0.00	0.0641	11.03	485.4	380.66	0.0731	593.1	10.676	20.47	12.99	1.71
	115.12	31.53	73.43	0.00	0.0642	11.04	485.9	380.98	0.0734	593.1	10.675	20.46	12.99	1.71
	116.11	31.53	73.41	0.00	0.0641	11.02	485.0	380.38	0.0741	593.9	10.690	20.49	13.01	1.71
	117.14	31.51	73.43	-0.00	0.0640	11.01	484.3	379.67	0.0735	599.7	10.795	20.69	13.16	1.71
	118.12	31.55	73.43	-0.00	0.0640	11.01	484.4	379.76	0.0741	607.1	10.927	20.94	13.35	1.71
	119.12	31.56	73.41	0.00	0.0640	11.00	483.9	379.57	0.0748	612.6	11.027	21.14	13.49	1.71
	120.12	31.53	73.43	0.00	0.0639	10.99	483.7	379.19	0.0761	623.4	11.222	21.51	13.76	1.71
	121.11	31.53	73.41	0.00	0.0639	10.98	483.3	379.00	0.0756	626.7	11.281	21.63	13.84	1.71
	122.12	31.53	73.41	-0.00	0.0640	10.99	483.4	379.12	0.0755	624.1	11.234	21.54	13.77	1.71
	123.12	31.53	73.43	-0.00	0.0640	10.99	483.5	379.08	0.0753	618.5	11.134	21.34	13.64	1.71
	124.12	31.55	73.41	0.00	0.0640	11.00	483.9	379.54	0.0762	629.9	11.338	21.74	13.92	1.71
	125.11	31.56	73.41	0.00	0.0640	10.99	483.6	379.29	0.0762	638.3	11.489	22.03	14.12	1.71
	126.20	31.58	73.41	-0.00	0.0640	11.00	483.8	379.52	0.0760	633.8	11.408	21.87	14.01	1.71
	127.12	31.57	73.41	-0.00	0.0639	10.98	483.3	379.09	0.0755	623.7	11.227	21.53	13.77	1.71
	128.14	31.58	73.41	-0.00	0.0640	11.00	484.1	379.69	0.0759	628.5	11.312	21.69	13.88	1.71
	129.11	31.56	73.43	0.00	0.0639	10.98	483.0	378.74	0.0750	623.6	11.225	21.51	13.76	1.71
