Jul 29 2015 at 10:23:17
Frequency: 1.00Hz.
CO2
Zero:  Value:0.95  Date:18 Mar 2005	 at 07:22:33	
Span:  Value:1.00  Date:18 Mar 2005	 at 07:25:09	
H2O
Zero:  Value:0.71  Date:18 Mar 2005	 at 07:52:31	
Span:  Value:0.99  Date:18 Mar 2005	 at 11:44:01	
	Relative Time	Temperature	Pressure	Aux Input	CO2 Absorptance	CO2 mmol/m3	CO2 mg/m3	CO2 umol/mol	H2O Absorptance	H2O mmol/m3	H2O g/m3	H2O mmol/mol	H2O(°C)	Cooler Voltage
	0.22	26.61	73.40	-0.00	0.0658	11.38	500.7	386.35	0.0595	446.6	8.039	15.16	8.49	1.70
	1.20	26.61	73.41	-0.00	0.0658	11.40	501.5	386.98	0.0594	443.8	7.988	15.07	8.39	1.70
	2.22	26.61	73.41	-0.00	0.0655	11.33	498.4	384.59	0.0600	447.4	8.054	15.19	8.51	1.70
	3.20	26.63	73.41	0.00	0.0654	11.32	498.0	384.29	0.0596	442.6	7.968	15.03	8.36	1.70
	4.20	26.61	73.41	0.00	0.0655	11.34	498.9	384.95	0.0594	441.2	7.942	14.98	8.31	1.70
	5.20	26.63	73.43	-0.00	0.0656	11.34	498.9	384.88	0.0594	441.3	7.944	14.98	8.31	1.70
	6.22	26.63	73.41	-0.00	0.0656	11.34	499.1	385.15	0.0602	451.7	8.131	15.34	8.66	1.70
	7.20	26.61	73.41	0.00	0.0654	11.34	499.0	385.03	0.0609	457.4	8.233	15.53	8.84	1.70
	8.22	26.63	73.41	-0.00	0.0653	11.30	497.0	383.52	0.0623	467.8	8.421	15.88	9.17	1.70
	9.20	26.63	73.41	0.00	0.0653	11.29	496.6	383.21	0.0631	480.6	8.652	16.32	9.58	1.70
	10.22	26.63	73.41	-0.00	0.0651	11.27	496.0	382.78	0.0641	487.6	8.776	16.55	9.79	1.70
	11.20	26.63	73.41	-0.00	0.0652	11.28	496.1	382.85	0.0646	494.1	8.894	16.78	9.99	1.70
	12.22	26.63	73.38	-0.00	0.0653	11.27	496.0	382.84	0.0653	501.7	9.030	17.04	10.21	1.70
	13.20	26.63	73.43	0.00	0.0653	11.29	496.9	383.28	0.0656	507.6	9.137	17.23	10.39	1.70
	14.22	26.65	73.41	-0.00	0.0653	11.27	496.1	382.84	0.0663	511.3	9.203	17.36	10.50	1.70
	15.20	26.65	73.41	0.00	0.0655	11.32	498.2	384.45	0.0670	523.6	9.425	17.78	10.86	1.70
	16.20	26.64	73.41	0.00	0.0656	11.37	500.3	386.11	0.0681	534.3	9.617	18.14	11.16	1.70
	17.22	26.65	73.43	-0.00	0.0655	11.34	498.9	384.91	0.0675	526.1	9.470	17.86	10.93	1.70
	18.20	26.64	73.41	-0.00	0.0655	11.34	498.8	384.90	0.0684	538.0	9.684	18.27	11.27	1.70
	19.22	26.65	73.41	-0.00	0.0655	11.34	498.9	385.01	0.0680	535.7	9.642	18.19	11.20	1.70
	20.20	26.69	73.41	-0.00	0.0655	11.34	498.9	385.08	0.0680	534.8	9.627	18.16	11.18	1.70
	21.20	26.63	73.41	-0.00	0.0656	11.37	500.3	386.06	0.0684	536.6	9.659	18.22	11.23	1.70
	22.20	26.67	73.41	-0.00	0.0656	11.35	499.2	385.28	0.0682	537.5	9.676	18.25	11.25	1.70
	23.22	26.66	73.41	-0.00	0.0654	11.34	498.8	384.95	0.0685	541.2	9.742	18.38	11.36	1.70
	24.20	26.67	73.41	0.00	0.0658	11.39	501.0	386.66	0.0695	551.9	9.935	18.74	11.65	1.70
	25.22	26.67	73.41	-0.00	0.0653	11.24	494.5	381.63	0.0691	547.8	9.861	18.60	11.54	1.70
	26.22	26.66	73.38	-0.00	0.0651	11.27	496.1	382.99	0.0696	554.1	9.973	18.82	11.71	1.70
	27.22	26.66	73.41	0.00	0.0657	11.35	499.5	385.52	0.0701	559.9	10.078	19.01	11.87	1.70
	28.20	26.69	73.41	0.00	0.0652	11.29	496.7	383.38	0.0694	550.5	9.909	18.69	11.62	1.70
	29.20	26.67	73.41	0.00	0.0649	11.19	492.4	380.00	0.0695	551.2	9.921	18.72	11.63	1.70
	30.20	26.69	73.41	0.00	0.0653	11.24	494.7	381.80	0.0697	554.8	9.987	18.84	11.73	1.70
	31.19	26.68	73.41	0.00	0.0649	11.23	494.0	381.26	0.0707	564.3	10.157	19.16	11.99	1.70
	32.22	26.69	73.41	-0.00	0.0650	11.18	491.8	379.56	0.0708	567.9	10.222	19.29	12.09	1.70
	33.20	26.69	73.41	0.00	0.0647	11.18	491.7	379.50	0.0709	568.9	10.240	19.32	12.11	1.70
	34.20	26.70	73.41	0.00	0.0651	11.23	494.0	381.27	0.0708	566.9	10.204	19.25	12.06	1.70
	35.20	26.69	73.41	-0.00	0.0651	11.28	496.1	382.91	0.0711	569.5	10.251	19.34	12.13	1.70
	36.20	26.70	73.41	0.00	0.0653	11.28	496.4	383.12	0.0717	574.8	10.346	19.52	12.27	1.70
	37.20	26.70	73.41	0.00	0.0648	11.23	494.3	381.54	0.0721	580.9	10.456	19.73	12.43	1.70
	38.22	26.69	73.41	-0.00	0.0648	11.17	491.6	379.40	0.0724	586.4	10.554	19.91	12.57	1.70
	39.20	26.68	73.41	0.00	0.0648	11.18	491.8	379.53	0.0727	589.5	10.610	20.02	12.65	1.70
	40.22	26.70	73.41	-0.00	0.0647	11.17	491.7	379.50	0.0735	595.7	10.723	20.23	12.82	1.70
	41.20	26.68	73.35	0.00	0.0645	11.15	490.6	378.94	0.0740	599.7	10.795	20.38	12.92	1.70
	42.22	26.70	73.41	0.00	0.0645	11.12	489.1	377.49	0.0744	611.0	10.998	20.75	13.20	1.70
	43.28	26.68	73.41	-0.00	0.0648	11.14	490.4	378.47	0.0731	598.5	10.774	20.33	12.89	1.70
	44.20	26.70	73.41	0.00	0.0646	11.14	490.4	378.48	0.0738	599.5	10.791	20.36	12.91	1.70
	45.22	26.70	73.43	-0.00	0.0642	11.05	486.3	375.23	0.0765	632.1	11.378	21.46	13.72	1.70
	46.20	26.72	73.41	0.00	0.0642	11.03	485.5	374.75	0.0766	637.9	11.482	21.66	13.86	1.70
	47.20	26.72	73.38	0.00	0.0642	11.04	485.9	375.17	0.0766	640.1	11.522	21.75	13.92	1.70
	48.19	26.70	73.38	0.00	0.0643	11.06	486.8	375.85	0.0754	630.1	11.342	21.41	13.68	1.70
	49.22	26.72	73.38	-0.00	0.0646	11.13	489.9	378.27	0.0747	611.9	11.014	20.79	13.23	1.70
	50.19	26.72	73.41	0.00	0.0645	11.11	488.9	377.40	0.0749	619.7	11.154	21.05	13.42	1.70
	51.22	26.72	73.38	-0.00	0.0644	11.09	488.0	376.84	0.0762	629.6	11.332	21.39	13.66	1.70
	52.27	26.72	73.38	0.00	0.0642	11.06	486.4	375.60	0.0769	639.5	11.511	21.73	13.90	1.70
	53.22	26.74	73.41	-0.00	0.0643	11.03	485.5	374.81	0.0757	636.9	11.464	21.63	13.84	1.70
	54.20	26.72	73.41	0.00	0.0640	11.02	484.9	374.32	0.0775	643.3	11.579	21.85	14.00	1.70
	55.20	26.72	73.41	0.00	0.0641	11.00	484.1	373.69	0.0767	647.7	11.659	22.00	14.10	1.70
	56.20	26.74	73.43	-0.00	0.0643	11.05	486.0	375.05	0.0761	634.3	11.418	21.54	13.78	1.70
	57.22	26.74	73.41	-0.00	0.0639	11.03	485.2	374.52	0.0777	640.8	11.534	21.76	13.94	1.70
	58.20	26.74	73.41	0.00	0.0643	11.04	485.7	374.97	0.0759	634.6	11.423	21.55	13.79	1.70
	59.19	26.74	73.41	0.00	0.0643	11.04	485.7	374.96	0.0759	634.9	11.429	21.57	13.79	1.70
	60.28	26.74	73.41	-0.00	0.0641	11.02	485.0	374.39	0.0767	640.0	11.521	21.74	13.92	1.70
	61.20	26.74	73.41	-0.00	0.0638	10.97	482.7	372.58	0.0788	658.9	11.859	22.38	14.37	1.70
	62.22	26.74	73.38	-0.00	0.0637	10.93	480.8	371.25	0.0789	670.3	12.066	22.78	14.63	1.70
	63.19	26.76	73.38	0.00	0.0635	10.92	480.3	370.92	0.0799	672.4	12.104	22.85	14.68	1.70
	64.20	26.74	73.38	0.00	0.0637	10.92	480.4	370.98	0.0789	673.0	12.113	22.87	14.69	1.70
	65.19	26.78	73.43	0.00	0.0634	10.88	478.8	369.56	0.0801	677.0	12.186	22.99	14.79	1.70
	66.22	26.76	73.41	-0.00	0.0634	10.88	478.8	369.66	0.0796	672.6	12.107	22.85	14.69	1.70
	67.19	26.76	73.38	0.00	0.0635	10.93	481.1	371.50	0.0801	670.2	12.063	22.77	14.63	1.70
	68.20	26.76	73.41	0.00	0.0632	10.86	478.0	369.02	0.0809	684.3	12.317	23.24	14.95	1.70
	69.19	26.76	73.41	0.00	0.0636	10.85	477.5	368.61	0.0789	684.1	12.314	23.24	14.95	1.70
	70.20	26.78	73.41	0.00	0.0634	10.89	479.3	370.01	0.0804	671.6	12.089	22.81	14.66	1.70
	71.20	26.75	73.43	-0.00	0.0634	10.90	479.8	370.24	0.0797	667.5	12.014	22.66	14.57	1.70
	72.22	26.78	73.38	-0.00	0.0632	10.89	479.2	370.10	0.0809	672.1	12.097	22.84	14.67	1.70
	73.20	26.76	73.41	-0.00	0.0631	10.79	474.8	366.57	0.0817	707.2	12.730	24.02	15.47	1.70
	74.22	26.78	73.43	-0.00	0.0628	10.78	474.1	365.91	0.0826	707.1	12.727	24.01	15.46	1.70
	75.20	26.75	73.41	0.00	0.0630	10.79	474.7	366.42	0.0816	702.3	12.641	23.85	15.36	1.70
	76.19	26.78	73.41	0.00	0.0628	10.76	473.3	365.40	0.0824	709.9	12.778	24.12	15.53	1.70
	77.20	26.78	73.38	-0.00	0.0631	10.80	475.2	366.97	0.0812	699.2	12.586	23.76	15.29	1.70
	78.19	26.78	73.41	0.00	0.0631	10.80	475.1	366.83	0.0815	701.5	12.627	23.83	15.34	1.70
	79.20	26.77	73.41	0.00	0.0631	10.85	477.2	368.43	0.0812	683.0	12.294	23.20	14.92	1.70
	80.20	26.77	73.41	0.00	0.0630	10.81	475.6	367.16	0.0820	698.6	12.574	23.73	15.27	1.70
	81.22	26.78	73.41	-0.00	0.0626	10.69	470.4	363.19	0.0842	733.1	13.196	24.90	16.03	1.70
	82.19	26.77	73.41	0.00	0.0627	10.71	471.4	363.92	0.0838	727.1	13.087	24.70	15.90	1.70
	83.22	26.80	73.40	-0.00	0.0628	10.73	471.9	364.37	0.0832	721.9	12.994	24.52	15.79	1.70
	84.19	26.80	73.41	0.00	0.0625	10.69	470.5	363.26	0.0843	733.6	13.205	24.92	16.04	1.70
	85.20	26.79	73.41	0.00	0.0626	10.69	470.4	363.21	0.0844	733.3	13.199	24.91	16.03	1.70
	86.20	26.80	73.38	-0.00	0.0624	10.68	469.9	362.96	0.0847	728.1	13.105	24.74	15.92	1.70
	87.20	26.77	73.41	0.00	0.0624	10.68	470.1	362.91	0.0850	733.9	13.211	24.93	16.05	1.70
	88.20	26.80	73.41	0.00	0.0623	10.64	468.2	361.48	0.0857	748.0	13.465	25.41	16.35	1.70
	89.20	26.80	73.41	0.00	0.0624	10.63	467.6	361.06	0.0845	747.2	13.449	25.38	16.33	1.70
	90.20	26.80	73.41	-0.00	0.0619	10.53	463.3	357.69	0.0875	781.9	14.075	26.56	17.04	1.70
	91.19	26.81	73.38	0.00	0.0619	10.53	463.1	357.72	0.0877	778.6	14.015	26.46	16.98	1.70
	92.20	26.79	73.38	0.00	0.0618	10.52	463.1	357.65	0.0880	784.3	14.117	26.65	17.09	1.70
	93.19	26.81	73.41	0.00	0.0618	10.53	463.4	357.77	0.0875	779.6	14.033	26.49	17.00	1.70
	94.20	26.83	73.41	0.00	0.0620	10.56	464.7	358.83	0.0869	768.9	13.839	26.12	16.78	1.70
	95.19	26.81	73.38	0.00	0.0619	10.55	464.3	358.64	0.0873	773.6	13.924	26.29	16.88	1.70
	96.20	26.81	73.41	0.00	0.0620	10.56	464.7	358.85	0.0869	769.0	13.843	26.13	16.78	1.70
	97.19	26.83	73.41	0.00	0.0619	10.53	463.3	357.76	0.0877	781.0	14.058	26.54	17.03	1.70
	98.20	26.81	73.38	0.00	0.0618	10.51	462.5	357.26	0.0878	781.7	14.070	26.57	17.04	1.70
	99.20	26.85	73.41	-0.00	0.0618	10.51	462.5	357.14	0.0872	779.3	14.027	26.48	16.99	1.70
	100.20	26.79	73.38	0.00	0.0623	10.64	468.4	361.75	0.0852	736.4	13.254	25.02	16.10	1.70
	101.20	26.81	73.40	-0.00	0.0620	10.55	464.3	358.51	0.0868	774.2	13.936	26.30	16.89	1.70
	102.20	26.85	73.41	0.00	0.0619	10.58	465.6	359.55	0.0869	763.5	13.743	25.94	16.67	1.70
	103.19	26.83	73.41	0.00	0.0620	10.57	465.1	359.12	0.0872	774.0	13.933	26.30	16.89	1.70
	104.22	26.81	73.41	-0.00	0.0619	10.54	463.7	358.05	0.0876	779.0	14.022	26.47	16.99	1.70
	105.20	26.83	73.40	0.00	0.0618	10.52	462.9	357.47	0.0881	784.0	14.113	26.64	17.09	1.70
	106.19	26.83	73.41	0.00	0.0618	10.49	461.8	356.57	0.0879	790.5	14.228	26.86	17.22	1.70
	107.27	26.83	73.41	0.00	0.0618	10.52	463.0	357.50	0.0882	780.2	14.044	26.51	17.01	1.70
	108.19	26.85	73.38	0.00	0.0616	10.48	461.1	356.20	0.0893	802.8	14.450	27.29	17.46	1.70
	109.20	26.85	73.41	-0.00	0.0615	10.47	460.5	355.64	0.0889	794.7	14.305	27.00	17.30	1.70
	110.20	26.85	73.41	0.00	0.0615	10.46	460.1	355.32	0.0902	814.7	14.665	27.68	17.70	1.70
	111.20	26.85	73.43	0.00	0.0615	10.44	459.3	354.58	0.0901	818.8	14.739	27.81	17.78	1.70
	112.19	26.85	73.41	0.00	0.0617	10.49	461.6	356.47	0.0895	803.6	14.465	27.30	17.48	1.70
	113.20	26.87	73.38	-0.00	0.0616	10.49	461.4	356.50	0.0889	795.5	14.319	27.04	17.32	1.70
	114.19	26.85	73.41	0.00	0.0617	10.51	462.5	357.12	0.0881	781.7	14.070	26.56	17.04	1.70
	115.20	26.85	73.41	0.00	0.0614	10.47	460.6	355.72	0.0891	798.6	14.375	27.14	17.38	1.70
	116.19	26.87	73.38	0.00	0.0614	10.42	458.4	354.17	0.0907	823.7	14.827	28.00	17.87	1.70
	117.22	26.86	73.38	-0.00	0.0615	10.45	459.6	355.06	0.0899	813.0	14.634	27.63	17.66	1.70
	118.27	26.85	73.41	0.00	0.0618	10.53	463.5	357.95	0.0870	771.4	13.884	26.21	16.83	1.70
	119.20	26.86	73.41	0.00	0.0614	10.44	459.4	354.76	0.0898	811.8	14.612	27.58	17.64	1.70
	120.19	26.89	73.41	0.00	0.0612	10.40	457.7	353.48	0.0909	817.8	14.720	27.79	17.76	1.70
	121.22	26.87	73.41	-0.00	0.0610	10.33	454.7	351.14	0.0920	840.5	15.129	28.56	18.19	1.70
	122.19	26.87	73.43	0.00	0.0609	10.32	454.2	350.68	0.0923	846.1	15.230	28.74	18.30	1.70
	123.20	26.86	73.41	-0.00	0.0610	10.35	455.6	351.84	0.0917	836.3	15.054	28.42	18.11	1.70
	124.27	26.87	73.46	0.00	0.0611	10.35	455.6	351.57	0.0912	833.3	15.000	28.30	18.06	1.70
	125.19	26.88	73.41	0.00	0.0611	10.36	455.9	352.07	0.0916	832.2	14.979	28.28	18.04	1.70
	126.20	26.89	73.43	-0.00	0.0609	10.33	454.7	351.07	0.0920	840.2	15.124	28.54	18.19	1.70
	127.19	26.89	73.41	0.00	0.0608	10.32	453.9	350.56	0.0924	845.4	15.216	28.73	18.29	1.70
	128.20	26.89	73.41	0.00	0.0606	10.29	452.7	349.61	0.0930	852.2	15.340	28.96	18.41	1.70
	129.20	26.89	73.41	-0.00	0.0606	10.27	451.9	349.01	0.0933	858.6	15.455	29.18	18.53	1.70
	130.20	26.88	73.41	0.00	0.0607	10.28	452.3	349.30	0.0931	857.7	15.439	29.15	18.52	1.70
	131.19	26.88	73.41	0.00	0.0607	10.28	452.3	349.29	0.0931	858.3	15.450	29.17	18.53	1.70
	132.20	26.89	73.41	0.00	0.0606	10.27	451.7	348.88	0.0932	859.0	15.463	29.19	18.54	1.70
	133.19	26.88	73.38	0.00	0.0605	10.24	450.6	348.16	0.0933	859.9	15.477	29.23	18.56	1.70
	134.22	26.91	73.41	0.00	0.0605	10.24	450.4	347.91	0.0937	867.7	15.618	29.49	18.70	1.70
	135.19	26.90	73.41	0.00	0.0604	10.23	450.3	347.79	0.0943	871.6	15.689	29.62	18.77	1.70
	136.22	26.88	73.41	-0.00	0.0605	10.23	450.2	347.69	0.0942	870.4	15.666	29.58	18.75	1.70
	137.20	26.91	73.36	-0.00	0.0602	10.21	449.1	347.10	0.0953	882.6	15.886	30.01	18.97	1.70
	138.19	26.91	73.41	0.00	0.0604	10.22	449.5	347.20	0.0945	875.4	15.757	29.75	18.84	1.70
	139.19	26.92	73.41	0.00	0.0605	10.24	450.8	348.17	0.0939	868.1	15.626	29.50	18.71	1.70
	140.20	26.89	73.41	-0.00	0.0607	10.31	453.6	350.32	0.0929	842.0	15.156	28.61	18.22	1.70
	141.27	26.91	73.38	0.00	0.0605	10.25	451.1	348.55	0.0933	860.2	15.484	29.24	18.56	1.70
