Jul 29 2015 at 15:03:51
Frequency: 1.00Hz.
CO2
Zero:  Value:0.95  Date:18 Mar 2005	 at 07:22:33	
Span:  Value:1.00  Date:18 Mar 2005	 at 07:25:09	
H2O
Zero:  Value:0.71  Date:18 Mar 2005	 at 07:52:31	
Span:  Value:0.99  Date:18 Mar 2005	 at 11:44:01	
	Relative Time	Temperature	Pressure	Aux Input	CO2 Absorptance	CO2 mmol/m3	CO2 mg/m3	CO2 umol/mol	H2O Absorptance	H2O mmol/m3	H2O g/m3	H2O mmol/mol	H2O(°C)	Cooler Voltage
	0.75	37.34	73.80	-0.00	0.0673	11.73	516.0	410.19	0.0321	196.6	3.539	6.88	-2.59	1.78
	1.75	37.26	73.77	-0.00	0.0671	11.67	513.6	408.37	0.0312	189.3	3.407	6.62	-3.10	1.77
	2.80	37.33	73.77	0.00	0.0672	11.69	514.5	409.19	0.0315	190.2	3.424	6.66	-3.03	1.77
	3.72	37.39	73.77	0.00	0.0672	11.70	515.0	409.63	0.0318	192.5	3.465	6.74	-2.87	1.78
	4.74	37.33	73.77	0.00	0.0669	11.63	511.7	406.96	0.0317	192.4	3.463	6.73	-2.88	1.77
	5.81	37.33	73.77	-0.00	0.0669	11.63	511.9	407.05	0.0318	193.3	3.479	6.76	-2.82	1.77
	6.74	37.35	73.80	-0.00	0.0669	11.64	512.3	407.29	0.0318	193.5	3.482	6.77	-2.80	1.77
	7.74	37.34	73.77	0.00	0.0668	11.63	511.6	406.90	0.0321	194.5	3.500	6.80	-2.73	1.77
	8.73	37.38	73.77	0.00	0.0668	11.61	510.9	406.34	0.0320	194.5	3.501	6.81	-2.73	1.78
	9.80	37.33	73.82	0.00	0.0665	11.59	509.8	405.11	0.0318	193.5	3.483	6.77	-2.80	1.78
	10.72	37.31	73.77	0.00	0.0665	11.52	506.9	403.07	0.0322	195.0	3.510	6.82	-2.70	1.77
	11.75	37.31	73.80	-0.00	0.0665	11.55	508.1	403.87	0.0323	197.2	3.549	6.90	-2.55	1.77
	12.73	37.31	73.80	-0.00	0.0665	11.55	508.2	403.99	0.0329	200.9	3.616	7.03	-2.30	1.77
	13.72	37.26	73.77	0.00	0.0665	11.51	506.4	402.63	0.0326	196.2	3.531	6.86	-2.62	1.77
	14.75	37.29	73.77	-0.00	0.0664	11.52	506.9	403.09	0.0331	202.3	3.642	7.08	-2.20	1.77
	15.73	37.29	73.80	0.00	0.0663	11.52	506.7	402.80	0.0319	194.2	3.495	6.79	-2.75	1.77
	16.72	37.24	73.80	0.00	0.0663	11.50	505.8	402.02	0.0321	196.0	3.527	6.85	-2.63	1.77
	17.72	37.26	73.77	0.00	0.0662	11.48	505.2	401.66	0.0326	199.9	3.598	6.99	-2.37	1.77
	18.75	37.29	73.77	-0.00	0.0662	11.47	504.6	401.27	0.0325	198.1	3.567	6.93	-2.48	1.77
	19.73	37.23	73.77	0.00	0.0662	11.49	505.5	401.91	0.0327	200.7	3.612	7.02	-2.32	1.78
	20.72	37.30	73.77	0.00	0.0662	11.49	505.6	402.04	0.0330	201.7	3.630	7.06	-2.24	1.77
	21.75	37.28	73.74	-0.00	0.0662	11.48	505.3	401.93	0.0353	220.6	3.971	7.72	-1.03	1.77
	22.73	37.29	73.77	0.00	0.0661	11.46	504.3	400.99	0.0349	216.0	3.889	7.56	-1.31	1.77
	23.73	37.31	73.80	-0.00	0.0662	11.47	504.8	401.26	0.0350	219.7	3.954	7.68	-1.08	1.77
	24.73	37.28	73.74	-0.00	0.0661	11.46	504.4	401.19	0.0332	203.1	3.655	7.11	-2.15	1.77
	25.75	37.29	73.77	0.00	0.0661	11.46	504.4	401.12	0.0333	204.0	3.672	7.14	-2.09	1.77
	26.73	37.29	73.80	-0.00	0.0661	11.45	503.9	400.55	0.0331	204.9	3.688	7.17	-2.03	1.77
	27.72	37.26	73.82	0.00	0.0661	11.45	503.6	400.15	0.0333	203.9	3.671	7.13	-2.10	1.77
	28.73	37.28	73.77	0.00	0.0660	11.43	503.1	400.00	0.0334	205.1	3.692	7.18	-2.02	1.77
	29.73	37.23	73.77	0.00	0.0660	11.44	503.5	400.26	0.0334	205.4	3.698	7.19	-2.00	1.77
	30.72	37.28	73.80	0.00	0.0660	11.43	502.7	399.60	0.0333	204.2	3.675	7.14	-2.08	1.77
	31.72	37.26	73.77	0.00	0.0659	11.42	502.5	399.50	0.0334	205.4	3.697	7.18	-2.00	1.77
	32.75	37.23	73.80	-0.00	0.0658	11.40	501.6	398.62	0.0332	204.2	3.676	7.14	-2.08	1.77
	33.80	37.23	73.80	0.00	0.0659	11.40	501.8	398.80	0.0336	206.4	3.716	7.22	-1.93	1.77
	34.72	37.25	73.77	0.00	0.0660	11.43	503.0	399.93	0.0340	209.6	3.772	7.33	-1.73	1.77
	35.73	37.26	73.77	0.00	0.0661	11.45	503.8	400.60	0.0347	214.7	3.865	7.51	-1.40	1.77
	36.73	37.28	73.77	0.00	0.0660	11.44	503.5	400.32	0.0346	214.1	3.853	7.49	-1.44	1.77
	37.72	37.28	73.80	0.00	0.0661	11.45	503.6	400.32	0.0351	219.5	3.951	7.68	-1.09	1.78
	38.73	37.29	73.77	-0.00	0.0660	11.44	503.2	400.14	0.0358	222.9	4.012	7.80	-0.89	1.77
	39.73	37.29	73.77	0.00	0.0659	11.42	502.6	399.65	0.0356	223.8	4.028	7.83	-0.83	1.77
	40.73	37.29	73.80	-0.00	0.0659	11.42	502.5	399.45	0.0356	222.2	4.000	7.77	-0.93	1.77
	41.72	37.23	73.80	0.00	0.0659	11.41	502.1	399.03	0.0359	224.5	4.042	7.85	-0.79	1.77
	42.75	37.26	73.77	-0.00	0.0660	11.43	502.8	399.79	0.0366	227.4	4.093	7.96	-0.61	1.77
	43.73	37.26	73.80	0.00	0.0660	11.44	503.4	400.08	0.0371	235.3	4.235	8.23	-0.15	1.77
	44.73	37.23	73.80	-0.00	0.0661	11.45	503.9	400.47	0.0372	235.6	4.241	8.24	-0.13	1.77
	45.72	37.29	73.80	0.00	0.0660	11.44	503.4	400.16	0.0370	234.0	4.213	8.19	-0.22	1.77
	46.75	37.27	73.77	-0.00	0.0661	11.44	503.5	400.33	0.0383	241.6	4.349	8.45	0.22	1.77
	47.73	37.27	73.80	-0.00	0.0660	11.44	503.6	400.25	0.0383	244.5	4.401	8.55	0.39	1.77
	48.72	37.26	73.77	0.00	0.0660	11.43	503.0	399.95	0.0381	243.1	4.375	8.50	0.30	1.77
	49.73	37.23	73.74	0.00	0.0660	11.44	503.2	400.23	0.0384	245.8	4.424	8.60	0.46	1.78
	50.73	37.29	73.80	0.00	0.0660	11.44	503.4	400.15	0.0388	247.7	4.458	8.66	0.56	1.77
	51.72	37.28	73.77	0.00	0.0660	11.43	503.1	400.03	0.0386	246.3	4.433	8.62	0.49	1.77
	52.72	37.27	73.77	0.00	0.0660	11.44	503.6	400.39	0.0400	257.5	4.634	9.01	1.10	1.77
	53.73	37.27	73.82	0.00	0.0660	11.43	502.9	399.59	0.0401	257.9	4.642	9.02	1.12	1.77
	54.73	37.27	73.77	-0.00	0.0659	11.42	502.3	399.38	0.0398	258.0	4.643	9.02	1.13	1.77
	55.73	37.23	73.74	-0.00	0.0659	11.42	502.4	399.56	0.0401	258.4	4.651	9.04	1.15	1.78
	56.73	37.29	73.77	0.00	0.0660	11.44	503.3	400.23	0.0407	264.0	4.752	9.24	1.45	1.77
	57.73	37.29	73.77	-0.00	0.0661	11.46	504.0	400.80	0.0409	266.4	4.795	9.32	1.58	1.77
	58.72	37.26	73.74	0.00	0.0661	11.46	504.1	400.96	0.0418	272.3	4.902	9.53	1.88	1.77
	59.72	37.28	73.75	0.00	0.0660	11.44	503.3	400.34	0.0420	276.3	4.974	9.67	2.09	1.77
	60.73	37.29	73.77	0.00	0.0660	11.43	502.8	399.81	0.0418	273.0	4.914	9.55	1.92	1.78
	61.73	37.28	73.77	0.00	0.0661	11.44	503.5	400.39	0.0423	277.4	4.993	9.70	2.14	1.77
	62.73	37.29	73.80	-0.00	0.0661	11.44	503.5	400.24	0.0435	285.2	5.134	9.98	2.53	1.77
	63.75	37.29	73.77	-0.00	0.0661	11.45	504.0	400.76	0.0444	296.0	5.329	10.36	3.06	1.77
	64.73	37.28	73.80	-0.00	0.0662	11.47	504.6	401.09	0.0446	298.2	5.368	10.43	3.16	1.77
	65.73	37.29	73.80	-0.00	0.0662	11.47	504.5	401.03	0.0443	294.7	5.304	10.31	2.99	1.77
	66.72	37.30	73.80	0.00	0.0662	11.49	505.4	401.74	0.0442	295.2	5.314	10.33	3.02	1.78
	67.73	37.29	73.80	0.00	0.0662	11.48	505.1	401.48	0.0434	288.1	5.185	10.08	2.67	1.77
	68.72	37.29	73.82	0.00	0.0662	11.47	504.8	401.10	0.0448	297.2	5.350	10.39	3.11	1.77
	69.72	37.26	73.74	0.00	0.0662	11.48	504.9	401.61	0.0459	307.8	5.541	10.77	3.61	1.77
	70.73	37.26	73.77	0.00	0.0662	11.49	505.4	401.83	0.0465	313.5	5.642	10.97	3.87	1.77
	71.73	37.29	73.77	-0.00	0.0662	11.48	505.1	401.67	0.0472	318.3	5.730	11.14	4.09	1.78
	72.73	37.29	73.77	-0.00	0.0662	11.48	505.0	401.57	0.0477	328.0	5.904	11.48	4.51	1.78
	73.73	37.29	73.77	-0.00	0.0663	11.48	505.3	401.79	0.0469	319.1	5.744	11.17	4.12	1.78
	74.73	37.27	73.77	-0.00	0.0663	11.50	506.2	402.49	0.0474	321.5	5.787	11.25	4.23	1.78
	75.72	37.23	73.74	0.00	0.0662	11.49	505.4	401.96	0.0482	330.9	5.956	11.58	4.64	1.77
	76.72	37.26	73.77	0.00	0.0663	11.49	505.5	401.88	0.0483	330.7	5.953	11.57	4.63	1.77
	77.73	37.23	73.77	-0.00	0.0664	11.50	506.1	402.38	0.0495	339.8	6.116	11.89	5.02	1.78
	78.73	37.27	73.77	-0.00	0.0663	11.50	506.2	402.46	0.0491	343.1	6.176	12.00	5.16	1.78
	79.73	37.27	73.80	-0.00	0.0662	11.49	505.4	401.69	0.0496	342.5	6.165	11.98	5.13	1.78
	80.72	37.26	73.77	0.00	0.0663	11.50	505.9	402.20	0.0495	343.7	6.187	12.03	5.18	1.77
	81.73	37.31	73.80	0.00	0.0664	11.51	506.5	402.64	0.0487	336.7	6.061	11.78	4.89	1.77
	82.72	37.29	73.77	0.00	0.0664	11.52	506.8	402.99	0.0486	334.6	6.023	11.71	4.80	1.78
	83.72	37.31	73.74	0.00	0.0664	11.52	506.9	403.26	0.0496	342.0	6.155	11.97	5.11	1.78
	84.73	37.30	73.77	0.00	0.0664	11.52	506.8	403.04	0.0503	350.3	6.306	12.26	5.46	1.78
	85.72	37.27	73.80	0.00	0.0663	11.50	506.1	402.27	0.0497	344.9	6.207	12.06	5.23	1.78
	86.73	37.31	73.82	0.00	0.0663	11.50	506.2	402.24	0.0496	344.0	6.191	12.03	5.19	1.78
	87.81	37.27	73.77	0.00	0.0665	11.53	507.2	403.25	0.0498	343.8	6.189	12.03	5.19	1.78
	88.80	37.31	73.77	0.00	0.0665	11.52	507.1	403.23	0.0517	357.5	6.434	12.51	5.75	1.78
	89.72	37.28	73.74	0.00	0.0664	11.52	507.1	403.33	0.0523	369.8	6.656	12.94	6.24	1.78
	90.72	37.26	73.77	0.00	0.0665	11.53	507.5	403.51	0.0533	378.9	6.820	13.26	6.59	1.78
	91.73	37.29	73.77	0.00	0.0669	11.63	511.6	406.78	0.0550	394.9	7.107	13.81	7.19	1.78
	92.72	37.28	73.77	0.00	0.0668	11.61	510.9	406.24	0.0548	398.5	7.173	13.94	7.33	1.78
	93.72	37.27	73.80	0.00	0.0667	11.58	509.7	405.12	0.0527	372.2	6.700	13.02	6.33	1.78
	94.81	37.26	73.80	-0.00	0.0666	11.57	509.0	404.53	0.0521	368.8	6.639	12.90	6.20	1.78
	95.73	37.31	73.77	-0.00	0.0666	11.55	508.3	404.20	0.0524	368.4	6.631	12.89	6.18	1.78
	96.72	37.26	73.77	0.00	0.0666	11.55	508.4	404.19	0.0531	376.6	6.779	13.17	6.50	1.78
	97.72	37.28	73.77	0.00	0.0666	11.56	508.6	404.40	0.0537	378.7	6.817	13.25	6.59	1.78
	98.73	37.22	73.77	0.00	0.0667	11.59	510.0	405.42	0.0544	388.6	6.995	13.59	6.96	1.78
	99.72	37.29	73.80	0.00	0.0667	11.59	509.7	405.19	0.0550	395.6	7.120	13.84	7.22	1.78
	100.72	37.27	73.74	0.00	0.0667	11.58	509.7	405.40	0.0551	396.9	7.144	13.89	7.27	1.78
	101.72	37.27	73.80	0.00	0.0667	11.59	509.9	405.27	0.0550	396.3	7.133	13.86	7.24	1.78
	102.80	37.30	73.80	0.00	0.0668	11.60	510.5	405.76	0.0551	396.5	7.137	13.87	7.25	1.78
	103.72	37.23	73.74	0.00	0.0667	11.58	509.6	405.25	0.0550	395.2	7.113	13.83	7.20	1.78
	104.73	37.28	73.75	0.00	0.0668	11.60	510.3	405.88	0.0555	398.7	7.177	13.95	7.33	1.78
	105.80	37.29	73.82	0.00	0.0667	11.60	510.3	405.49	0.0555	401.4	7.226	14.04	7.43	1.78
	106.72	37.29	73.77	0.00	0.0667	11.57	509.3	404.96	0.0555	399.3	7.187	13.97	7.35	1.78
	107.73	37.23	73.77	-0.00	0.0667	11.59	509.8	405.28	0.0553	400.7	7.213	14.02	7.41	1.78
	108.72	37.29	73.77	-0.00	0.0668	11.61	510.9	406.22	0.0553	398.4	7.171	13.94	7.32	1.78
	109.73	37.29	73.74	-0.00	0.0668	11.61	510.7	406.20	0.0551	394.9	7.109	13.82	7.19	1.78
	110.73	37.29	73.80	-0.00	0.0668	11.61	510.8	406.03	0.0555	401.2	7.222	14.03	7.43	1.78
	111.73	37.28	73.77	-0.00	0.0668	11.60	510.6	405.97	0.0557	402.2	7.239	14.07	7.46	1.78
	112.73	37.28	73.77	-0.00	0.0668	11.60	510.2	405.69	0.0552	397.5	7.155	13.91	7.29	1.78
	113.73	37.27	73.77	-0.00	0.0669	11.64	512.0	407.06	0.0567	410.4	7.387	14.36	7.76	1.78
	114.72	37.31	73.77	0.00	0.0670	11.65	512.4	407.50	0.0572	416.9	7.503	14.59	7.99	1.78
	115.72	37.30	73.77	-0.00	0.0670	11.64	512.1	407.24	0.0576	421.1	7.580	14.73	8.14	1.78
	116.73	37.31	73.80	0.00	0.0669	11.63	511.7	406.76	0.0574	420.3	7.566	14.70	8.11	1.78
	117.72	37.31	73.80	0.00	0.0669	11.62	511.5	406.59	0.0575	420.6	7.571	14.71	8.12	1.78
	118.72	37.28	73.80	0.00	0.0670	11.64	512.2	407.13	0.0584	429.1	7.723	15.01	8.41	1.78
	119.73	37.30	73.80	-0.00	0.0670	11.66	513.2	407.94	0.0584	431.1	7.760	15.08	8.48	1.78
	120.72	37.28	73.80	0.00	0.0671	11.68	513.9	408.48	0.0590	436.6	7.858	15.27	8.67	1.78
	121.73	37.28	73.77	0.00	0.0669	11.64	512.3	407.33	0.0583	429.5	7.732	15.03	8.43	1.78
	122.72	37.28	73.77	0.00	0.0669	11.63	511.5	406.73	0.0585	427.1	7.687	14.94	8.34	1.78
	123.73	37.28	73.82	0.00	0.0670	11.65	512.5	407.24	0.0585	433.1	7.796	15.14	8.55	1.78
	124.72	37.29	73.77	0.00	0.0669	11.64	511.9	407.08	0.0580	427.0	7.686	14.94	8.34	1.78
	125.72	37.28	73.77	0.00	0.0670	11.65	512.6	407.57	0.0580	426.9	7.685	14.94	8.34	1.78
	126.72	37.28	73.77	0.00	0.0669	11.63	511.9	407.06	0.0583	427.5	7.694	14.96	8.36	1.78
	127.73	37.31	73.77	0.00	0.0669	11.63	511.6	406.83	0.0578	421.7	7.590	14.75	8.16	1.78
	128.72	37.30	73.77	0.00	0.0670	11.67	513.3	408.18	0.0590	439.4	7.909	15.37	8.76	1.78
	129.80	37.30	73.77	0.00	0.0670	11.64	512.0	407.17	0.0583	428.1	7.706	14.98	8.38	1.78
	130.74	37.28	73.80	-0.00	0.0670	11.67	513.4	408.05	0.0581	431.6	7.770	15.10	8.50	1.78
	131.72	37.31	73.80	0.00	0.0669	11.64	512.2	407.14	0.0577	421.8	7.593	14.75	8.16	1.78
	132.72	37.28	73.80	-0.00	0.0669	11.63	511.9	406.85	0.0591	434.2	7.815	15.18	8.59	1.78
	133.74	37.28	73.74	-0.00	0.0670	11.65	512.6	407.70	0.0591	435.1	7.833	15.23	8.62	1.78
	134.72	37.30	73.80	0.00	0.0670	11.64	512.4	407.28	0.0593	438.1	7.885	15.32	8.72	1.78
	135.72	37.31	73.80	0.00	0.0669	11.64	512.0	407.00	0.0592	439.4	7.910	15.37	8.77	1.79
	136.72	37.31	73.77	-0.00	0.0670	11.65	512.4	407.50	0.0596	442.2	7.959	15.47	8.86	1.79
	137.72	37.31	73.77	0.00	0.0671	11.67	513.7	408.49	0.0609	455.6	8.201	15.94	9.30	1.79
	138.72	37.27	73.74	0.00	0.0671	11.67	513.7	408.57	0.0606	450.9	8.116	15.78	9.14	1.78
	139.72	37.31	73.77	0.00	0.0670	11.67	513.5	408.34	0.0609	455.3	8.195	15.93	9.29	1.79
	140.72	37.31	73.80	0.00	0.0669	11.63	511.6	406.69	0.0605	451.3	8.124	15.79	9.16	1.78
	141.72	37.30	73.80	0.00	0.0670	11.66	512.8	407.65	0.0604	451.4	8.126	15.79	9.16	1.79
	142.72	37.28	73.77	0.00	0.0669	11.64	512.1	407.17	0.0606	453.4	8.162	15.86	9.23	1.79
	143.72	37.30	73.80	-0.00	0.0671	11.68	514.0	408.55	0.0610	457.8	8.240	16.01	9.37	1.79
	144.72	37.32	73.80	0.00	0.0670	11.67	513.6	408.28	0.0599	453.6	8.165	15.87	9.24	1.79
	145.74	37.34	73.77	-0.00	0.0670	11.66	513.2	408.14	0.0602	447.9	8.063	15.67	9.05	1.78
	146.72	37.28	73.77	-0.00	0.0669	11.65	512.7	407.63	0.0602	448.5	8.073	15.69	9.07	1.79
	147.74	37.31	73.80	-0.00	0.0669	11.63	511.6	406.72	0.0606	452.7	8.149	15.84	9.21	1.79
	148.72	37.31	73.77	0.00	0.0669	11.63	511.5	406.77	0.0605	453.0	8.153	15.85	9.22	1.79
	149.80	37.31	73.77	-0.00	0.0669	11.64	512.4	407.45	0.0609	458.3	8.249	16.03	9.39	1.79
	150.70	37.31	73.77	0.00	0.0670	11.66	513.1	408.01	0.0609	458.2	8.247	16.03	9.39	1.79
	151.74	37.31	73.77	-0.00	0.0671	11.69	514.2	408.91	0.0614	462.8	8.331	16.19	9.54	1.79
	152.74	37.28	73.77	-0.00	0.0674	11.75	516.8	410.93	0.0634	485.1	8.732	16.97	10.23	1.79
	153.72	37.28	73.80	-0.00	0.0674	11.74	516.4	410.49	0.0633	480.6	8.650	16.81	10.09	1.79
	154.72	37.34	73.77	0.00	0.0674	11.74	516.5	410.79	0.0635	485.5	8.740	16.99	10.25	1.79
	155.74	37.28	73.77	0.00	0.0672	11.70	514.7	409.27	0.0629	477.9	8.603	16.72	10.01	1.79
	156.72	37.30	73.77	0.00	0.0673	11.71	515.0	409.55	0.0632	478.8	8.618	16.75	10.04	1.79
	157.72	37.31	73.77	-0.00	0.0673	11.71	515.1	409.60	0.0629	475.2	8.554	16.63	9.93	1.79
	158.72	37.33	73.77	0.00	0.0673	11.71	515.3	409.82	0.0632	478.5	8.612	16.74	10.03	1.79
	159.80	37.32	73.80	0.00	0.0674	11.74	516.7	410.76	0.0639	487.6	8.777	17.05	10.31	1.79
	160.72	37.28	73.77	-0.00	0.0674	11.74	516.7	410.82	0.0644	493.2	8.878	17.26	10.48	1.79
	161.72	37.31	73.80	0.00	0.0674	11.73	516.2	410.33	0.0638	486.6	8.758	17.02	10.28	1.79
	162.74	37.26	73.77	0.00	0.0675	11.77	517.9	411.75	0.0645	495.1	8.913	17.32	10.54	1.79
