Jul 29 2015 at 14:28:01
Frequency: 1.00Hz.
CO2
Zero:  Value:0.95  Date:18 Mar 2005	 at 07:22:33	
Span:  Value:1.00  Date:18 Mar 2005	 at 07:25:09	
H2O
Zero:  Value:0.71  Date:18 Mar 2005	 at 07:52:31	
Span:  Value:0.99  Date:18 Mar 2005	 at 11:44:01	
	Relative Time	Temperature	Pressure	Aux Input	CO2 Absorptance	CO2 mmol/m3	CO2 mg/m3	CO2 umol/mol	H2O Absorptance	H2O mmol/m3	H2O g/m3	H2O mmol/mol	H2O(°C)	Cooler Voltage
	0.00	36.72	73.80	0.00	0.0672	11.70	514.7	408.37	0.0368	234.7	4.224	8.19	-0.21	1.77
	1.00	36.81	73.77	0.00	0.0674	11.75	517.2	410.60	0.0369	236.4	4.254	8.26	-0.10	1.77
	1.98	36.77	73.77	0.00	0.0670	11.68	514.1	408.12	0.0375	243.0	4.373	8.49	0.28	1.77
	3.00	36.81	73.80	-0.00	0.0671	11.70	514.6	408.45	0.0378	236.4	4.256	8.26	-0.10	1.77
	4.00	36.81	73.80	-0.00	0.0671	11.67	513.4	407.49	0.0375	238.2	4.287	8.32	0.00	1.77
	5.00	36.86	73.80	-0.00	0.0668	11.65	512.5	406.81	0.0374	236.8	4.263	8.27	-0.07	1.77
	6.00	36.88	73.80	0.00	0.0669	11.64	512.0	406.48	0.0379	238.8	4.298	8.34	0.04	1.77
	7.06	36.93	73.77	0.00	0.0665	11.55	508.1	403.58	0.0374	237.9	4.283	8.31	-0.01	1.77
	8.00	36.91	73.82	-0.00	0.0667	11.60	510.6	405.25	0.0377	239.8	4.317	8.37	0.10	1.77
	9.08	36.88	73.77	0.00	0.0663	11.60	510.3	405.24	0.0383	240.0	4.320	8.39	0.11	1.77
	10.06	36.86	73.77	0.00	0.0666	11.58	509.3	404.41	0.0376	239.5	4.311	8.37	0.08	1.76
	10.98	36.82	73.80	0.00	0.0664	11.51	506.3	401.82	0.0388	252.7	4.549	8.83	0.82	1.77
	11.98	36.77	73.77	0.00	0.0665	11.55	508.1	403.38	0.0388	249.1	4.484	8.70	0.62	1.77
	13.00	36.78	73.77	0.00	0.0664	11.49	505.5	401.31	0.0402	259.4	4.668	9.06	1.18	1.76
	13.98	36.77	73.77	0.00	0.0665	11.55	508.0	403.26	0.0399	256.3	4.613	8.95	1.01	1.76
	15.00	36.78	73.80	0.00	0.0664	11.42	502.7	398.93	0.0419	283.0	5.095	9.88	2.40	1.76
	16.02	36.76	73.80	-0.00	0.0663	11.53	507.4	402.65	0.0418	270.5	4.868	9.44	1.76	1.76
	16.98	36.74	73.80	0.00	0.0662	11.42	502.7	398.88	0.0432	292.4	5.263	10.21	2.86	1.77
	18.00	36.72	73.80	-0.00	0.0661	11.48	505.0	400.69	0.0433	288.5	5.192	10.07	2.67	1.76
	18.98	36.73	73.77	0.00	0.0662	11.53	507.2	402.60	0.0407	263.2	4.737	9.19	1.38	1.76
	20.00	36.67	73.80	-0.00	0.0667	11.57	508.9	403.72	0.0475	313.9	5.651	10.96	3.86	1.76
	21.00	36.72	73.80	-0.00	0.0660	11.47	504.6	400.35	0.0403	269.1	4.844	9.39	1.69	1.76
	22.00	36.74	73.77	-0.00	0.0662	11.50	506.0	401.68	0.0403	258.8	4.658	9.04	1.15	1.76
	23.00	36.74	73.77	0.00	0.0663	11.46	504.2	400.21	0.0410	267.0	4.806	9.33	1.58	1.76
	24.00	36.73	73.80	-0.00	0.0664	11.53	507.1	402.39	0.0404	262.8	4.731	9.18	1.36	1.76
	25.00	36.77	73.77	0.00	0.0663	11.49	505.5	401.30	0.0420	277.4	4.994	9.69	2.12	1.76
	25.98	36.77	73.74	0.00	0.0659	11.45	504.0	400.23	0.0440	283.7	5.106	9.91	2.43	1.76
	27.00	36.79	73.80	-0.00	0.0662	11.44	503.2	399.34	0.0434	291.4	5.246	10.18	2.81	1.76
	27.98	36.74	73.82	0.00	0.0660	11.41	502.0	398.16	0.0440	295.7	5.323	10.32	3.02	1.77
	29.00	36.74	73.77	0.00	0.0658	11.41	501.8	398.34	0.0440	290.9	5.237	10.16	2.79	1.76
	30.00	36.71	73.80	-0.00	0.0659	11.41	502.1	398.37	0.0438	293.2	5.277	10.23	2.89	1.76
	30.98	36.67	73.80	0.00	0.0657	11.41	502.0	398.24	0.0456	315.3	5.675	11.01	3.92	1.76
	31.98	36.64	73.77	0.00	0.0658	11.41	501.9	398.26	0.0447	297.3	5.351	10.38	3.09	1.76
	33.08	36.69	73.77	0.00	0.0655	11.33	498.5	395.61	0.0458	307.8	5.540	10.75	3.58	1.76
	34.00	36.70	73.80	-0.00	0.0659	11.40	501.6	397.97	0.0452	303.5	5.464	10.60	3.38	1.77
	35.00	36.72	73.77	-0.00	0.0658	11.39	501.3	397.87	0.0466	313.2	5.638	10.94	3.83	1.76
	36.00	36.71	73.77	-0.00	0.0656	11.37	500.1	396.94	0.0467	314.7	5.665	10.99	3.90	1.76
	37.00	36.73	73.74	0.00	0.0658	11.36	500.0	397.01	0.0492	343.7	6.187	12.01	5.16	1.76
	37.98	36.71	73.77	0.00	0.0663	11.50	506.2	401.76	0.0479	327.0	5.887	11.42	4.44	1.76
	38.98	36.70	73.80	0.00	0.0659	11.43	503.1	399.14	0.0474	324.8	5.847	11.34	4.35	1.76
	39.98	36.68	73.80	0.00	0.0659	11.42	502.4	398.57	0.0469	316.9	5.704	11.06	3.99	1.76
	41.00	36.64	73.82	0.00	0.0656	11.38	500.9	397.17	0.0499	335.5	6.039	11.71	4.81	1.76
	42.00	36.65	73.80	-0.00	0.0653	11.34	499.0	395.82	0.0511	343.1	6.175	11.97	5.13	1.76
	42.98	36.63	73.80	0.00	0.0652	11.24	494.7	392.37	0.0529	365.3	6.576	12.75	6.03	1.76
	44.06	36.64	73.80	0.00	0.0660	11.46	504.2	399.93	0.0488	329.6	5.933	11.50	4.55	1.76
	45.00	36.63	73.77	-0.00	0.0650	11.29	496.9	394.25	0.0543	367.2	6.609	12.82	6.11	1.76
	45.98	36.63	73.77	0.00	0.0644	11.11	488.9	387.93	0.0568	414.0	7.452	14.45	7.86	1.76
	47.00	36.61	73.80	0.00	0.0652	11.23	493.9	391.77	0.0540	392.1	7.058	13.68	7.06	1.76
	48.00	36.61	73.72	-0.00	0.0654	11.29	496.7	394.33	0.0513	369.5	6.651	12.91	6.19	1.76
	48.98	36.61	73.77	0.00	0.0651	11.25	495.1	392.80	0.0531	374.4	6.739	13.07	6.39	1.76
	49.98	36.58	73.80	0.00	0.0649	11.24	494.4	392.11	0.0537	361.6	6.508	12.62	5.88	1.76
	51.00	36.59	73.80	-0.00	0.0642	11.06	486.5	385.81	0.0583	424.0	7.631	14.79	8.20	1.76
	51.98	36.59	73.80	0.00	0.0645	11.02	485.0	384.62	0.0566	427.1	7.687	14.90	8.31	1.76
	53.00	36.59	73.77	-0.00	0.0645	11.06	486.8	386.18	0.0572	421.4	7.585	14.71	8.11	1.76
	54.06	36.56	73.82	0.00	0.0643	11.09	488.2	387.00	0.0593	429.3	7.727	14.97	8.38	1.76
	54.98	36.54	73.80	0.00	0.0640	10.98	483.2	383.18	0.0615	459.8	8.276	16.04	9.40	1.76
	56.00	36.53	73.77	-0.00	0.0641	11.05	486.2	385.66	0.0590	435.1	7.832	15.19	8.58	1.76
	56.98	36.56	73.77	0.00	0.0637	10.95	481.8	382.19	0.0618	448.3	8.069	15.65	9.03	1.76
	58.00	36.57	73.80	-0.00	0.0639	10.99	483.4	383.40	0.0613	454.2	8.175	15.85	9.22	1.76
	59.00	36.53	73.77	-0.00	0.0633	10.84	477.0	378.40	0.0626	474.9	8.549	16.58	9.88	1.76
	59.98	36.54	73.80	0.00	0.0636	10.97	482.7	382.78	0.0620	452.2	8.140	15.78	9.15	1.76
	60.98	36.56	73.80	0.00	0.0638	10.85	477.5	378.71	0.0608	475.6	8.561	16.59	9.90	1.76
	62.00	36.56	73.80	-0.00	0.0632	10.83	476.3	377.72	0.0626	468.8	8.438	16.36	9.69	1.76
	62.98	36.56	73.80	0.00	0.0638	10.79	475.0	376.65	0.0603	487.5	8.776	17.01	10.28	1.76
	63.98	36.58	73.80	0.00	0.0630	10.82	476.2	377.62	0.0638	472.6	8.507	16.49	9.81	1.76
	64.98	36.58	73.80	0.00	0.0636	10.90	479.6	380.36	0.0610	459.0	8.261	16.02	9.37	1.76
	65.98	36.59	73.80	0.00	0.0638	10.88	478.7	379.65	0.0607	466.8	8.402	16.29	9.63	1.76
	67.06	36.59	73.80	-0.00	0.0637	10.97	482.8	382.91	0.0595	431.9	7.774	15.07	8.47	1.76
	68.00	36.57	73.80	-0.00	0.0644	11.03	485.1	384.71	0.0565	418.0	7.523	14.58	7.99	1.76
	68.98	36.56	73.80	0.00	0.0641	11.04	485.6	385.10	0.0575	414.0	7.453	14.45	7.85	1.76
	70.00	36.55	73.77	-0.00	0.0637	10.93	480.9	381.44	0.0592	436.5	7.857	15.24	8.63	1.76
	71.06	36.55	73.77	0.00	0.0638	10.94	481.4	381.90	0.0593	440.5	7.929	15.37	8.76	1.76
	72.00	36.56	73.80	-0.00	0.0639	10.91	480.2	380.84	0.0573	441.2	7.942	15.40	8.79	1.76
	73.00	36.55	73.77	-0.00	0.0633	10.83	476.6	378.06	0.0610	448.0	8.064	15.64	9.02	1.76
	73.98	36.56	73.80	0.00	0.0634	10.83	476.5	377.86	0.0607	456.3	8.213	15.92	9.29	1.76
	75.00	36.56	73.80	0.00	0.0640	11.00	483.8	383.70	0.0580	422.5	7.604	14.74	8.15	1.76
	76.00	36.57	73.80	-0.00	0.0635	10.88	478.7	379.61	0.0604	452.4	8.143	15.78	9.16	1.76
	76.98	36.54	73.80	0.00	0.0630	10.77	473.9	375.75	0.0625	473.3	8.519	16.51	9.83	1.76
	77.98	36.59	73.80	0.00	0.0630	10.78	474.3	376.15	0.0625	471.8	8.493	16.47	9.79	1.76
	78.98	36.56	73.77	0.00	0.0627	10.72	471.8	374.25	0.0648	485.8	8.745	16.96	10.22	1.76
	80.00	36.56	73.80	-0.00	0.0622	10.62	467.3	370.60	0.0682	529.9	9.539	18.49	11.53	1.76
	80.98	36.53	73.77	-0.00	0.0609	10.33	454.3	360.38	0.0771	641.9	11.555	22.40	14.46	1.76
	82.00	36.56	73.80	0.00	0.0612	10.39	457.2	362.56	0.0759	620.1	11.161	21.64	13.93	1.76
	82.98	36.53	73.77	0.00	0.0611	10.37	456.3	361.91	0.0754	623.1	11.215	21.75	14.00	1.76
	83.98	36.55	73.77	-0.00	0.0618	10.50	462.2	366.65	0.0727	586.2	10.552	20.46	13.06	1.76
	85.00	36.53	73.77	-0.00	0.0610	10.41	458.1	363.39	0.0770	619.8	11.156	21.63	13.92	1.76
	85.98	36.55	73.80	0.00	0.0612	10.31	453.6	359.74	0.0746	631.5	11.367	22.03	14.21	1.76
	87.00	36.54	73.75	-0.00	0.0617	10.50	461.9	366.49	0.0716	575.0	10.351	20.08	12.77	1.76
	87.98	36.56	73.77	-0.00	0.0618	10.51	462.3	366.77	0.0722	582.2	10.479	20.32	12.96	1.76
	88.98	36.53	73.77	0.00	0.0615	10.45	459.9	364.77	0.0734	598.5	10.774	20.89	13.38	1.76
	90.00	36.53	73.77	-0.00	0.0611	10.35	455.4	361.25	0.0754	622.7	11.208	21.73	13.99	1.76
	90.98	36.53	73.82	0.00	0.0613	10.40	457.7	362.82	0.0736	605.2	10.893	21.11	13.55	1.76
	91.98	36.56	73.80	0.00	0.0614	10.42	458.4	363.48	0.0762	628.7	11.317	21.94	14.14	1.76
	93.00	36.55	73.77	0.00	0.0611	10.36	456.1	361.78	0.0768	640.3	11.525	22.35	14.42	1.76
	93.98	36.54	73.77	0.00	0.0610	10.32	454.2	360.30	0.0774	652.2	11.740	22.76	14.71	1.76
	94.97	36.53	73.77	0.00	0.0615	10.42	458.6	363.76	0.0761	626.9	11.284	21.88	14.09	1.76
	96.00	36.57	73.80	-0.00	0.0616	10.46	460.2	364.97	0.0752	618.1	11.126	21.57	13.88	1.76
	96.98	36.56	73.77	0.00	0.0619	10.51	462.5	366.89	0.0755	626.1	11.271	21.86	14.08	1.76
	98.05	36.55	73.77	0.00	0.0622	10.58	465.3	369.14	0.0712	577.9	10.403	20.17	12.85	1.76
	99.00	36.60	73.77	-0.00	0.0625	10.65	468.4	371.61	0.0697	551.8	9.933	19.26	12.14	1.76
	99.98	36.57	73.77	0.00	0.0623	10.62	467.1	370.59	0.0729	590.0	10.620	20.59	13.16	1.76
	100.98	36.54	73.74	0.00	0.0625	10.65	468.6	371.88	0.0726	587.0	10.566	20.50	13.08	1.76
	101.97	36.52	73.82	0.00	0.0625	10.65	468.4	371.30	0.0711	573.2	10.317	19.99	12.72	1.76
	102.98	36.54	73.82	0.00	0.0628	10.70	470.7	373.10	0.0682	543.8	9.789	18.97	11.92	1.76
	103.98	36.53	73.80	0.00	0.0626	10.68	469.9	372.64	0.0781	653.8	11.768	22.81	14.74	1.76
	105.05	36.54	73.80	0.00	0.0627	10.70	470.8	373.30	0.0730	590.4	10.628	20.60	13.17	1.76
	105.98	36.53	73.80	0.00	0.0628	10.73	472.3	374.50	0.0727	588.8	10.599	20.54	13.13	1.76
	106.98	36.55	73.80	0.00	0.0630	10.76	473.5	375.49	0.0739	595.5	10.719	20.78	13.30	1.76
	107.98	36.55	73.80	0.00	0.0625	10.65	468.8	371.74	0.0793	661.9	11.915	23.10	14.94	1.76
	108.97	36.50	73.80	0.00	0.0626	10.69	470.2	372.81	0.0754	630.5	11.349	22.00	14.18	1.76
	110.00	36.58	73.77	-0.00	0.0625	10.66	469.1	372.14	0.0800	658.5	11.853	22.99	14.86	1.76
	110.98	36.52	73.75	0.00	0.0628	10.71	471.2	373.86	0.0835	725.0	13.049	25.31	16.36	1.76
	111.98	36.63	73.77	-0.00	0.0627	10.70	470.8	373.55	0.0814	703.1	12.656	24.55	15.88	1.76
	113.00	36.56	73.80	-0.00	0.0629	10.73	472.1	374.38	0.0822	695.8	12.524	24.28	15.71	1.76
	113.98	36.56	73.77	0.00	0.0632	10.81	475.8	377.42	0.0825	714.1	12.853	24.93	16.12	1.76
	114.98	36.53	73.80	0.00	0.0631	10.79	474.6	376.35	0.0800	687.5	12.375	23.99	15.53	1.76
	115.97	36.55	73.77	0.00	0.0634	10.85	477.3	378.61	0.0745	612.5	11.026	21.38	13.74	1.76
	116.98	36.56	73.77	0.00	0.0633	10.85	477.6	378.86	0.0783	654.5	11.781	22.84	14.76	1.76
	117.98	36.54	73.82	0.00	0.0627	10.78	474.3	376.01	0.0820	676.2	12.171	23.58	15.27	1.76
	118.97	36.56	73.77	0.00	0.0627	10.71	471.1	373.70	0.0805	691.7	12.451	24.14	15.62	1.76
	119.98	36.53	73.80	0.00	0.0626	10.67	469.4	372.17	0.0805	687.3	12.371	23.98	15.52	1.76
	121.00	36.56	73.82	-0.00	0.0628	10.72	471.6	373.86	0.0785	663.9	11.950	23.16	14.98	1.76
	121.98	36.55	73.77	0.00	0.0628	10.73	472.1	374.51	0.0783	659.5	11.872	23.02	14.88	1.76
	122.97	36.56	73.77	0.00	0.0626	10.69	470.5	373.26	0.0809	695.1	12.513	24.26	15.70	1.76
	124.00	36.56	73.82	-0.00	0.0629	10.74	472.4	374.53	0.0790	664.3	11.958	23.17	14.99	1.76
	124.98	36.57	73.80	0.00	0.0629	10.74	472.7	374.90	0.0776	642.6	11.567	22.42	14.48	1.76
	125.98	36.56	73.80	-0.00	0.0628	10.72	471.8	374.13	0.0784	656.8	11.823	22.92	14.82	1.76
	126.98	36.56	73.82	0.00	0.0628	10.73	472.2	374.34	0.0772	647.0	11.647	22.57	14.58	1.76
	128.00	36.56	73.80	0.00	0.0629	10.76	473.4	375.41	0.0756	621.2	11.181	21.67	13.95	1.76
	129.05	36.55	73.80	0.00	0.0630	10.77	473.7	375.64	0.0748	614.7	11.065	21.45	13.79	1.76
	129.98	36.56	73.80	-0.00	0.0631	10.78	474.4	376.24	0.0743	608.4	10.951	21.23	13.63	1.76
	131.00	36.53	73.77	0.00	0.0629	10.76	473.4	375.47	0.0750	612.6	11.028	21.38	13.74	1.76
	131.98	36.53	73.80	0.00	0.0629	10.75	472.9	375.00	0.0749	613.2	11.038	21.40	13.75	1.76
	132.97	36.56	73.80	0.00	0.0628	10.75	473.1	375.18	0.0749	611.8	11.012	21.35	13.72	1.76
	134.00	36.56	73.80	0.00	0.0627	10.70	470.9	373.43	0.0754	621.1	11.180	21.67	13.95	1.76
	135.00	36.53	73.80	0.00	0.0626	10.68	469.9	372.62	0.0758	623.1	11.216	21.74	14.00	1.76
	135.98	36.55	73.77	-0.00	0.0627	10.71	471.3	373.88	0.0752	619.5	11.152	21.62	13.91	1.76
	136.98	36.54	73.80	-0.00	0.0628	10.74	472.7	374.80	0.0744	607.1	10.927	21.18	13.60	1.76
	137.98	36.50	73.77	0.00	0.0629	10.73	472.0	374.34	0.0739	603.4	10.860	21.06	13.50	1.76
	138.98	36.49	73.77	-0.00	0.0625	10.67	469.4	372.28	0.0750	613.1	11.035	21.39	13.75	1.76
	139.97	36.56	73.80	0.00	0.0616	10.47	460.6	365.28	0.0815	694.2	12.495	24.22	15.68	1.76
	140.98	36.55	73.75	0.00	0.0616	10.46	460.3	365.29	0.0804	686.6	12.358	23.97	15.51	1.76
	142.06	36.57	73.74	-0.00	0.0619	10.52	462.7	367.21	0.0786	665.5	11.978	23.24	15.02	1.76
	142.97	36.53	73.77	0.00	0.0619	10.54	463.7	367.83	0.0789	658.8	11.859	22.99	14.86	1.76
	143.97	36.56	73.80	0.00	0.0620	10.55	464.1	368.06	0.0783	658.3	11.849	22.97	14.85	1.76
	144.98	36.56	73.80	0.00	0.0619	10.55	464.2	368.15	0.0788	660.3	11.886	23.04	14.90	1.76
	145.98	36.53	73.80	0.00	0.0618	10.53	463.3	367.35	0.0799	667.9	12.022	23.30	15.07	1.76
	147.05	36.54	73.77	0.00	0.0616	10.46	460.4	365.22	0.0806	681.8	12.273	23.80	15.40	1.76
	147.98	36.53	73.82	0.00	0.0615	10.42	458.5	363.43	0.0814	701.0	12.617	24.45	15.83	1.76
	148.98	36.55	73.80	0.00	0.0612	10.43	458.8	363.83	0.0836	708.4	12.752	24.72	16.00	1.76
	149.97	36.56	73.80	0.00	0.0612	10.36	456.0	361.60	0.0843	736.0	13.248	25.68	16.59	1.76
	150.97	36.56	73.82	0.00	0.0612	10.38	456.6	361.96	0.0831	723.0	13.014	25.22	16.31	1.76
	151.98	36.55	73.80	0.00	0.0619	10.49	461.6	366.08	0.0799	679.7	12.235	23.72	15.35	1.76
	152.98	36.53	73.77	-0.00	0.0621	10.59	466.0	369.62	0.0778	648.8	11.678	22.64	14.62	1.76
	153.98	36.52	73.80	-0.00	0.0619	10.53	463.5	367.51	0.0783	653.3	11.760	22.79	14.73	1.76
	155.00	36.53	73.80	-0.00	0.0615	10.48	461.3	365.79	0.0810	676.0	12.168	23.59	15.26	1.76
	155.98	36.56	73.80	0.00	0.0617	10.49	461.8	366.19	0.0811	687.9	12.381	24.00	15.53	1.76
	156.97	36.55	73.80	0.00	0.0618	10.51	462.4	366.65	0.0796	679.0	12.222	23.69	15.33	1.76
	158.00	36.53	73.80	-0.00	0.0618	10.50	462.2	366.50	0.0797	673.2	12.117	23.49	15.20	1.76
	159.06	36.56	73.80	-0.00	0.0621	10.56	464.7	368.54	0.0775	648.4	11.672	22.63	14.62	1.76
	159.97	36.54	73.82	0.00	0.0623	10.60	466.6	369.88	0.0760	629.6	11.333	21.96	14.16	1.76
	160.97	36.51	73.80	0.00	0.0621	10.58	465.5	369.10	0.0759	627.4	11.293	21.89	14.10	1.76
	161.98	36.56	73.77	0.00	0.0623	10.61	466.9	370.37	0.0754	621.4	11.185	21.69	13.96	1.77
	162.98	36.53	73.77	-0.00	0.0623	10.59	466.0	369.64	0.0762	628.7	11.316	21.94	14.14	1.76
	163.98	36.53	73.77	-0.00	0.0621	10.57	465.3	369.06	0.0763	625.4	11.257	21.83	14.06	1.76
	164.98	36.53	73.75	0.00	0.0619	10.56	464.6	368.62	0.0775	645.7	11.622	22.54	14.55	1.76
	165.98	36.53	73.77	0.00	0.0618	10.51	462.7	366.99	0.0784	656.3	11.813	22.91	14.80	1.76
	166.98	36.56	73.80	-0.00	0.0618	10.50	461.9	366.30	0.0782	654.8	11.786	22.85	14.77	1.77
	167.98	36.55	73.77	-0.00	0.0617	10.48	461.0	365.71	0.0780	649.6	11.694	22.68	14.65	1.76
	168.98	36.59	73.80	0.00	0.0616	10.50	461.9	366.31	0.0778	655.9	11.805	22.89	14.80	1.76
	169.97	36.52	73.77	0.00	0.0616	10.48	461.0	365.63	0.0786	661.0	11.899	23.07	14.91	1.76
	170.98	36.53	73.77	0.00	0.0616	10.47	460.6	365.34	0.0783	653.4	11.761	22.80	14.73	1.76
	171.98	36.56	73.77	0.00	0.0617	10.47	460.9	365.61	0.0776	647.6	11.657	22.61	14.60	1.76
	172.98	36.56	73.77	-0.00	0.0617	10.49	461.5	366.09	0.0776	648.8	11.678	22.65	14.63	1.77
	173.97	36.53	73.75	0.00	0.0615	10.45	459.7	364.80	0.0773	644.9	11.609	22.52	14.53	1.77
	174.97	36.56	73.80	0.00	0.0616	10.47	460.7	365.37	0.0776	646.0	11.628	22.54	14.56	1.76
	176.06	36.56	73.80	-0.00	0.0619	10.52	462.9	367.05	0.0771	643.1	11.575	22.44	14.49	1.76
	176.97	36.60	73.80	0.00	0.0617	10.49	461.4	365.93	0.0781	650.0	11.699	22.68	14.66	1.76
	177.97	36.54	73.80	0.00	0.0615	10.44	459.5	364.37	0.0786	659.7	11.874	23.02	14.88	1.77
	178.98	36.56	73.80	0.00	0.0617	10.48	461.0	365.57	0.0774	648.4	11.672	22.63	14.62	1.77
	180.05	36.54	73.77	0.00	0.0618	10.51	462.3	366.74	0.0779	647.2	11.649	22.59	14.59	1.77
	181.23	36.56	73.77	-0.00	0.0614	10.42	458.6	363.79	0.0794	670.6	12.071	23.41	15.14	1.76
	182.00	36.56	73.77	-0.00	0.0614	10.42	458.6	363.81	0.0790	665.3	11.975	23.22	15.02	1.76
	182.98	36.56	73.77	-0.00	0.0615	10.43	458.8	363.98	0.0800	679.0	12.223	23.70	15.33	1.77
