Jul 29 2015 at 14:48:21
Frequency: 1.00Hz.
CO2
Zero:  Value:0.95  Date:18 Mar 2005	 at 07:22:33	
Span:  Value:1.00  Date:18 Mar 2005	 at 07:25:09	
H2O
Zero:  Value:0.71  Date:18 Mar 2005	 at 07:52:31	
Span:  Value:0.99  Date:18 Mar 2005	 at 11:44:01	
	Relative Time	Temperature	Pressure	Aux Input	CO2 Absorptance	CO2 mmol/m3	CO2 mg/m3	CO2 umol/mol	H2O Absorptance	H2O mmol/m3	H2O g/m3	H2O mmol/mol	H2O(°C)	Cooler Voltage
	0.66	36.26	73.77	0.00	0.0665	11.56	508.6	403.07	0.0347	210.6	3.791	7.34	-1.70	1.76
	1.67	36.25	73.75	0.00	0.0665	11.55	508.1	402.78	0.0334	204.1	3.674	7.12	-2.13	1.76
	2.67	36.30	73.82	-0.00	0.0663	11.50	506.0	400.78	0.0335	207.0	3.726	7.21	-1.94	1.76
	3.66	36.27	73.77	0.00	0.0664	11.59	510.0	404.20	0.0338	201.5	3.627	7.03	-2.30	1.76
	4.67	36.24	73.80	0.00	0.0666	11.56	508.6	402.88	0.0339	213.0	3.834	7.42	-1.55	1.76
	5.75	36.26	73.77	-0.00	0.0665	11.55	508.2	402.79	0.0351	215.3	3.876	7.51	-1.40	1.76
	6.66	36.28	73.80	0.00	0.0666	11.58	509.6	403.75	0.0355	216.4	3.895	7.54	-1.33	1.76
	7.67	36.33	73.80	0.00	0.0666	11.56	508.8	403.22	0.0359	224.1	4.033	7.81	-0.86	1.76
	8.69	36.31	73.77	-0.00	0.0664	11.54	507.9	402.62	0.0399	258.8	4.658	9.02	1.13	1.76
	9.67	36.32	73.80	-0.00	0.0664	11.52	507.0	401.78	0.0399	258.1	4.646	9.00	1.09	1.76
	10.66	36.28	73.77	0.00	0.0662	11.50	505.9	400.97	0.0400	257.0	4.625	8.96	1.03	1.76
	11.67	36.32	73.74	0.00	0.0662	11.48	504.9	400.36	0.0402	257.7	4.638	8.99	1.07	1.76
	12.67	36.32	73.80	0.00	0.0664	11.50	506.1	401.04	0.0419	273.6	4.925	9.54	1.91	1.76
	13.67	36.24	73.77	0.00	0.0664	11.50	505.9	400.90	0.0415	272.5	4.905	9.50	1.85	1.76
	14.67	36.25	73.80	0.00	0.0662	11.49	505.5	400.47	0.0415	269.1	4.844	9.38	1.67	1.76
	15.67	36.32	73.80	0.00	0.0624	11.46	504.4	399.70	0.0297	283.6	5.105	9.89	2.41	1.76
	16.73	36.29	73.74	0.00	0.0665	11.55	508.2	402.94	0.0385	254.8	4.586	8.89	0.91	1.75
	17.66	36.24	73.82	0.00	0.0666	11.57	509.0	403.07	0.0377	233.8	4.209	8.15	-0.27	1.75
	18.67	36.26	73.77	0.00	0.0666	11.53	507.1	401.89	0.0391	247.2	4.449	8.62	0.49	1.76
	19.67	36.24	73.74	0.00	0.0665	11.53	507.4	402.27	0.0393	250.8	4.515	8.75	0.69	1.75
	20.66	36.27	73.80	0.00	0.0664	11.54	508.0	402.45	0.0391	253.8	4.568	8.85	0.85	1.75
	21.69	36.26	73.77	-0.00	0.0664	11.55	508.4	402.93	0.0357	224.0	4.032	7.81	-0.86	1.75
	22.67	36.27	73.74	0.00	0.0665	11.56	508.8	403.39	0.0359	225.4	4.057	7.86	-0.78	1.75
	23.67	36.24	73.77	-0.00	0.0663	11.52	507.0	401.80	0.0359	224.8	4.046	7.84	-0.82	1.75
	24.67	36.27	73.80	-0.00	0.0668	11.55	508.3	402.71	0.0457	347.1	6.247	12.10	5.28	1.76
	25.67	36.29	73.80	0.00	0.0666	11.55	508.2	402.68	0.0409	270.1	4.861	9.42	1.72	1.76
	26.67	36.26	73.80	-0.00	0.0664	11.52	507.1	401.73	0.0458	293.0	5.273	10.21	2.86	1.75
